Decision Date Fiscal Year,Decision Month,Review Type,Decision Type Group,Decision Type,Decision Purpose,APR Qualifier,Final Decision,Hearing Facility Region,Hearing Facility PB Office,Jurisdiction,Sentence Type,Gender,Race,Race Group,Major Offence Group
2009-2010,APR,PAPER,FP-PRE,FP DENIED,REGULAR,,AFFIRMED,ONT,NOT APPLICABLE,FEDERAL,DETERMINATE,MALE,UNK,OTHER/UNKNOWN,NON SCHEDULE
2009-2010,FEB,PAPER,FP-PRE,FP DENIED,REGULAR,,AFFIRMED,PRA,EDMONTON,PROVINCIAL,DETERMINATE,MALE,UNK,OTHER/UNKNOWN,SCHE 1 W/O SEX
2009-2010,APR,PAPER,FP-PRE,FP DENIED,REGULAR,,AFFIRMED,PRA,EDMONTON,FEDERAL,DETERMINATE,MALE,ARAB/WEST ASIAN,OTHER/UNKNOWN,SCHEDULE 2
2009-2010,NOV,PAPER,FP-PRE,FP DENIED,REGULAR,,AFFIRMED,PAC,NOT APPLICABLE,FEDERAL,DETERMINATE,MALE,ARAB/WEST ASIAN,OTHER/UNKNOWN,SCHEDULE 2
2009-2010,MAY,PAPER,FP-PRE,FP DENIED,REGULAR,,AFFIRMED,QUE,NOT APPLICABLE,FEDERAL,DETERMINATE,MALE,ARAB/WEST ASIAN,OTHER/UNKNOWN,SCHE 1 W/O SEX
2009-2010,APR,PAPER,FP-PRE,FP DENIED,REGULAR,,AFFIRMED,QUE,NOT APPLICABLE,FEDERAL,DETERMINATE,MALE,ARAB/WEST ASIAN,OTHER/UNKNOWN,SCHE 1 W/O SEX
2009-2010,MAY,PAPER,FP-PRE,FP DENIED,REGULAR,,AFFIRMED,PRA,EDMONTON,FEDERAL,INDETERMINATE,MALE,ASIATIC,ASIAN,MURDER 1
2009-2010,OCT,PAPER,FP-PRE,FP DENIED,REGULAR,,AFFIRMED,PAC,NOT APPLICABLE,PROVINCIAL,DETERMINATE,MALE,BLACK,BLACK,SCHE 1 WITH SEX
2009-2010,OCT,PAPER,FP-PRE,FP DENIED,REGULAR,,AFFIRMED,ONT,NOT APPLICABLE,FEDERAL,DETERMINATE,MALE,BLACK,BLACK,SCHE 1 W/O SEX
2009-2010,JUL,PAPER,FP-PRE,FP DENIED,REGULAR,,AFFIRMED,ATL,NOT APPLICABLE,FEDERAL,DETERMINATE,MALE,BLACK,BLACK,NON SCHEDULE
2009-2010,MAR,PAPER,FP-PRE,FP DENIED,REGULAR,,AFFIRMED,ONT,NOT APPLICABLE,FEDERAL,DETERMINATE,MALE,BLACK,BLACK,SCHE 1 WITH SEX
2009-2010,OCT,PAPER,FP-PRE,FP DENIED,REGULAR,,AFFIRMED,QUE,NOT APPLICABLE,FEDERAL,DETERMINATE,MALE,BLACK,BLACK,SCHEDULE 2
2009-2010,NOV,PAPER,FP-PRE,FP DENIED,REGULAR,,AFFIRMED,ONT,NOT APPLICABLE,FEDERAL,DETERMINATE,MALE,BLACK,BLACK,SCHE 1 W/O SEX
2009-2010,FEB,PAPER,FP-PRE,FP DENIED,REGULAR,,AFFIRMED,ONT,NOT APPLICABLE,FEDERAL,DETERMINATE,MALE,BLACK,BLACK,SCHE 1 WITH SEX
2009-2010,NOV,PAPER,FP-PRE,FP DENIED,REGULAR,,AFFIRMED,ONT,NOT APPLICABLE,FEDERAL,DETERMINATE,MALE,BLACK,BLACK,NON SCHEDULE
2009-2010,JUN,PAPER,FP-PRE,FP DENIED,REGULAR,,AFFIRMED,ONT,NOT APPLICABLE,FEDERAL,DETERMINATE,MALE,BLACK,BLACK,NON SCHEDULE
2009-2010,MAY,PAPER,FP-PRE,FP DENIED,REGULAR,,AFFIRMED,PRA,EDMONTON,FEDERAL,DETERMINATE,MALE,BLACK,BLACK,SCHEDULE 2
2009-2010,JUN,PAPER,FP-PRE,FP DENIED,REGULAR,,AFFIRMED,ONT,NOT APPLICABLE,FEDERAL,DETERMINATE,MALE,BLACK,BLACK,SCHEDULE 2
2009-2010,MAR,PAPER,FP-PRE,FP DENIED,REGULAR,,AFFIRMED,ONT,NOT APPLICABLE,FEDERAL,DETERMINATE,MALE,BLACK,BLACK,NON SCHEDULE
2009-2010,SEP,PAPER,FP-PRE,FP DENIED,REGULAR,,AFFIRMED,ONT,NOT APPLICABLE,FEDERAL,DETERMINATE,MALE,BLACK,BLACK,SCHE 1 W/O SEX
2009-2010,JAN,PAPER,FP-PRE,FP DENIED,REGULAR,,AFFIRMED,ONT,NOT APPLICABLE,FEDERAL,DETERMINATE,MALE,BLACK,BLACK,NON SCHEDULE
2009-2010,MAY,PAPER,FP-PRE,FP DENIED,REGULAR,,AFFIRMED,ONT,NOT APPLICABLE,FEDERAL,INDETERMINATE,MALE,BLACK,BLACK,MURDER 2
2009-2010,SEP,PAPER,FP-PRE,FP DENIED,REGULAR,,AFFIRMED,QUE,NOT APPLICABLE,FEDERAL,INDETERMINATE,MALE,BLACK,BLACK,MURDER 2
2009-2010,JAN,PAPER,FP-PRE,FP DENIED,REGULAR,,AFFIRMED,ONT,NOT APPLICABLE,FEDERAL,INDETERMINATE,MALE,BLACK,BLACK,MURDER 1
2009-2010,NOV,PAPER,FP-PRE,FP DENIED,REGULAR,,AFFIRMED,QUE,NOT APPLICABLE,FEDERAL,DETERMINATE,MALE,WHITE,CAUCASIAN,SCHE 1 W/O SEX
2009-2010,MAY,PAPER,FP-PRE,FP DENIED,REGULAR,,AFFIRMED,QUE,NOT APPLICABLE,FEDERAL,DETERMINATE,MALE,WHITE,CAUCASIAN,SCHEDULE 2
2009-2010,SEP,PAPER,FP-PRE,FP DENIED,REGULAR,,AFFIRMED,QUE,NOT APPLICABLE,FEDERAL,DETERMINATE,MALE,WHITE,CAUCASIAN,SCHE 1 W/O SEX
2009-2010,JUN,PAPER,FP-PRE,FP DENIED,REGULAR,,AFFIRMED,ATL,NOT APPLICABLE,PROVINCIAL,DETERMINATE,MALE,WHITE,CAUCASIAN,SCHE 1 WITH SEX
2009-2010,JAN,PAPER,FP-PRE,FP DENIED,REGULAR,,AFFIRMED,PAC,NOT APPLICABLE,FEDERAL,DETERMINATE,MALE,WHITE,CAUCASIAN,SCHE 1 W/O SEX
2009-2010,FEB,PAPER,FP-PRE,FP DENIED,REGULAR,,AFFIRMED,ATL,NOT APPLICABLE,PROVINCIAL,DETERMINATE,MALE,WHITE,CAUCASIAN,SCHE 1 WITH SEX
2009-2010,OCT,PAPER,FP-PRE,FP DENIED,REGULAR,,AFFIRMED,PRA,SASKATOON,FEDERAL,DETERMINATE,MALE,WHITE,CAUCASIAN,SCHEDULE 2
2009-2010,JUN,PAPER,FP-PRE,FP DENIED,REGULAR,,AFFIRMED,QUE,NOT APPLICABLE,FEDERAL,DETERMINATE,MALE,WHITE,CAUCASIAN,SCHE 1 W/O SEX
2009-2010,SEP,PAPER,FP-PRE,FP DENIED,REGULAR,,AFFIRMED,PAC,NOT APPLICABLE,PROVINCIAL,DETERMINATE,MALE,WHITE,CAUCASIAN,SCHE 1 W/O SEX
2009-2010,JAN,PAPER,FP-PRE,FP DENIED,REGULAR,,AFFIRMED,PRA,SASKATOON,FEDERAL,DETERMINATE,MALE,WHITE,CAUCASIAN,NON SCHEDULE
2009-2010,MAY,PAPER,FP-PRE,FP DENIED,REGULAR,,AFFIRMED,PAC,NOT APPLICABLE,FEDERAL,DETERMINATE,MALE,WHITE,CAUCASIAN,NON SCHEDULE
2009-2010,FEB,PAPER,FP-PRE,FP DENIED,REGULAR,,AFFIRMED,PRA,SASKATOON,FEDERAL,DETERMINATE,MALE,WHITE,CAUCASIAN,NON SCHEDULE
2009-2010,NOV,PAPER,FP-PRE,FP DENIED,REGULAR,,AFFIRMED,QUE,NOT APPLICABLE,FEDERAL,DETERMINATE,MALE,WHITE,CAUCASIAN,SCHE 1 WITH SEX
2009-2010,SEP,PAPER,FP-PRE,FP DENIED,REGULAR,,AFFIRMED,PAC,NOT APPLICABLE,FEDERAL,DETERMINATE,MALE,WHITE,CAUCASIAN,SCHE 1 WITH SEX
2009-2010,OCT,PAPER,FP-PRE,FP DENIED,REGULAR,,AFFIRMED,PAC,NOT APPLICABLE,FEDERAL,DETERMINATE,MALE,WHITE,CAUCASIAN,SCHE 1 W/O SEX
2009-2010,AUG,PAPER,FP-PRE,FP DENIED,REGULAR,,AFFIRMED,ATL,NOT APPLICABLE,FEDERAL,DETERMINATE,MALE,WHITE,CAUCASIAN,SCHEDULE 2
2009-2010,DEC,PAPER,FP-PRE,FP DENIED,REGULAR,,AFFIRMED,ATL,NOT APPLICABLE,PROVINCIAL,DETERMINATE,FEMALE,WHITE,CAUCASIAN,SCHE 1 W/O SEX
2009-2010,SEP,PAPER,FP-PRE,FP DENIED,REGULAR,,AFFIRMED,QUE,NOT APPLICABLE,FEDERAL,DETERMINATE,MALE,WHITE,CAUCASIAN,SCHEDULE 2
2009-2010,APR,PAPER,FP-PRE,FP DENIED,REGULAR,,AFFIRMED,PRA,SASKATOON,FEDERAL,DETERMINATE,MALE,WHITE,CAUCASIAN,NON SCHEDULE
2009-2010,JUN,PAPER,FP-PRE,FP DENIED,REGULAR,,AFFIRMED,ATL,NOT APPLICABLE,FEDERAL,DETERMINATE,MALE,WHITE,CAUCASIAN,SCHEDULE 2
2009-2010,JUL,PAPER,FP-PRE,FP DENIED,REGULAR,,AFFIRMED,QUE,NOT APPLICABLE,FEDERAL,DETERMINATE,MALE,WHITE,CAUCASIAN,NON SCHEDULE
2009-2010,MAR,PAPER,FP-PRE,FP DENIED,REGULAR,,AFFIRMED,PAC,NOT APPLICABLE,FEDERAL,DETERMINATE,MALE,WHITE,CAUCASIAN,SCHE 1 W/O SEX
2009-2010,SEP,PAPER,FP-PRE,FP DENIED,REGULAR,,AFFIRMED,ATL,NOT APPLICABLE,PROVINCIAL,DETERMINATE,MALE,WHITE,CAUCASIAN,SCHEDULE 2
2009-2010,NOV,PAPER,FP-PRE,FP DENIED,REGULAR,,AFFIRMED,QUE,NOT APPLICABLE,FEDERAL,DETERMINATE,MALE,WHITE,CAUCASIAN,SCHE 1 WITH SEX
2009-2010,FEB,PAPER,FP-PRE,FP DENIED,REGULAR,,AFFIRMED,ATL,NOT APPLICABLE,PROVINCIAL,DETERMINATE,MALE,WHITE,CAUCASIAN,NON SCHEDULE
2009-2010,JAN,PAPER,FP-PRE,FP DENIED,REGULAR,,AFFIRMED,ONT,NOT APPLICABLE,FEDERAL,DETERMINATE,MALE,WHITE,CAUCASIAN,NON SCHEDULE
2009-2010,DEC,PAPER,FP-PRE,FP DENIED,REGULAR,,AFFIRMED,QUE,NOT APPLICABLE,FEDERAL,DETERMINATE,MALE,WHITE,CAUCASIAN,SCHE 1 W/O SEX
2009-2010,JUL,PAPER,FP-PRE,FP DENIED,REGULAR,,AFFIRMED,PAC,NOT APPLICABLE,FEDERAL,DETERMINATE,MALE,WHITE,CAUCASIAN,NON SCHEDULE
2009-2010,OCT,PAPER,FP-PRE,FP DENIED,REGULAR,,AFFIRMED,QUE,NOT APPLICABLE,FEDERAL,DETERMINATE,MALE,WHITE,CAUCASIAN,NON SCHEDULE
2009-2010,SEP,PAPER,FP-PRE,FP DENIED,REGULAR,,AFFIRMED,ATL,NOT APPLICABLE,PROVINCIAL,DETERMINATE,MALE,WHITE,CAUCASIAN,SCHE 1 W/O SEX
2009-2010,APR,PAPER,FP-PRE,FP DENIED,REGULAR,,AFFIRMED,PRA,SASKATOON,FEDERAL,DETERMINATE,MALE,WHITE,CAUCASIAN,SCHE 1 WITH SEX
2009-2010,SEP,PAPER,FP-PRE,FP DENIED,REGULAR,,AFFIRMED,QUE,NOT APPLICABLE,FEDERAL,DETERMINATE,MALE,WHITE,CAUCASIAN,NON SCHEDULE
2009-2010,JUN,PAPER,FP-PRE,FP DENIED,REGULAR,,AFFIRMED,QUE,NOT APPLICABLE,FEDERAL,DETERMINATE,MALE,WHITE,CAUCASIAN,SCHEDULE 2
2009-2010,SEP,PAPER,FP-PRE,FP DENIED,REGULAR,,AFFIRMED,ONT,NOT APPLICABLE,FEDERAL,DETERMINATE,MALE,WHITE,CAUCASIAN,SCHE 1 WITH SEX
2009-2010,NOV,PAPER,FP-PRE,FP DENIED,REGULAR,,AFFIRMED,ONT,NOT APPLICABLE,FEDERAL,DETERMINATE,MALE,WHITE,CAUCASIAN,SCHEDULE 2
2009-2010,JAN,PAPER,FP-PRE,FP DENIED,REGULAR,,AFFIRMED,PAC,NOT APPLICABLE,PROVINCIAL,DETERMINATE,MALE,WHITE,CAUCASIAN,SCHE 1 W/O SEX
2009-2010,MAR,PAPER,FP-PRE,FP DENIED,REGULAR,,AFFIRMED,ATL,NOT APPLICABLE,FEDERAL,DETERMINATE,MALE,WHITE,CAUCASIAN,SCHEDULE 2
2009-2010,SEP,PAPER,FP-PRE,FP DENIED,REGULAR,,AFFIRMED,QUE,NOT APPLICABLE,FEDERAL,DETERMINATE,MALE,WHITE,CAUCASIAN,NON SCHEDULE
2009-2010,JUL,PAPER,FP-PRE,FP DENIED,REGULAR,,AFFIRMED,QUE,NOT APPLICABLE,FEDERAL,DETERMINATE,MALE,WHITE,CAUCASIAN,SCHE 1 W/O SEX
2009-2010,JUN,PAPER,FP-PRE,FP DENIED,REGULAR,,AFFIRMED,QUE,NOT APPLICABLE,FEDERAL,DETERMINATE,MALE,WHITE,CAUCASIAN,SCHE 1 WITH SEX
2009-2010,MAY,PAPER,FP-PRE,FP DENIED,REGULAR,,AFFIRMED,QUE,NOT APPLICABLE,FEDERAL,DETERMINATE,MALE,WHITE,CAUCASIAN,SCHE 1 W/O SEX
2009-2010,JAN,PAPER,FP-PRE,FP DENIED,REGULAR,,AFFIRMED,QUE,NOT APPLICABLE,FEDERAL,DETERMINATE,MALE,WHITE,CAUCASIAN,SCHE 1 WITH SEX
2009-2010,SEP,PAPER,FP-PRE,FP DENIED,REGULAR,,AFFIRMED,PRA,EDMONTON,FEDERAL,DETERMINATE,MALE,WHITE,CAUCASIAN,SCHEDULE 2
2009-2010,AUG,PAPER,FP-PRE,FP DENIED,REGULAR,,AFFIRMED,PAC,NOT APPLICABLE,PROVINCIAL,DETERMINATE,MALE,WHITE,CAUCASIAN,SCHE 1 W/O SEX
2009-2010,MAY,PAPER,FP-PRE,FP DENIED,REGULAR,,AFFIRMED,PAC,NOT APPLICABLE,PROVINCIAL,DETERMINATE,MALE,WHITE,CAUCASIAN,NON SCHEDULE
2009-2010,JUN,PAPER,FP-PRE,FP DENIED,REGULAR,,AFFIRMED,ONT,NOT APPLICABLE,FEDERAL,DETERMINATE,MALE,WHITE,CAUCASIAN,SCHE 1 W/O SEX
2009-2010,SEP,PAPER,FP-PRE,FP DENIED,REGULAR,,AFFIRMED,ATL,NOT APPLICABLE,PROVINCIAL,DETERMINATE,MALE,WHITE,CAUCASIAN,SCHE 1 W/O SEX
2009-2010,FEB,PAPER,FP-PRE,FP DENIED,REGULAR,,AFFIRMED,QUE,NOT APPLICABLE,FEDERAL,DETERMINATE,MALE,WHITE,CAUCASIAN,SCHEDULE 2
2009-2010,FEB,PAPER,FP-PRE,FP DENIED,REGULAR,,AFFIRMED,QUE,NOT APPLICABLE,FEDERAL,DETERMINATE,MALE,WHITE,CAUCASIAN,SCHE 1 W/O SEX
2009-2010,JUN,PAPER,FP-PRE,FP DENIED,REGULAR,,AFFIRMED,QUE,NOT APPLICABLE,FEDERAL,DETERMINATE,MALE,WHITE,CAUCASIAN,SCHEDULE 2
2009-2010,JUN,PAPER,FP-PRE,FP DENIED,REGULAR,,AFFIRMED,ONT,NOT APPLICABLE,FEDERAL,DETERMINATE,MALE,WHITE,CAUCASIAN,NON SCHEDULE
2009-2010,AUG,PAPER,FP-PRE,FP DENIED,REGULAR,,AFFIRMED,QUE,NOT APPLICABLE,FEDERAL,DETERMINATE,MALE,WHITE,CAUCASIAN,SCHE 1 WITH SEX
2009-2010,DEC,PAPER,FP-PRE,FP DENIED,REGULAR,,AFFIRMED,ATL,NOT APPLICABLE,FEDERAL,DETERMINATE,MALE,WHITE,CAUCASIAN,NON SCHEDULE
2009-2010,NOV,PAPER,FP-PRE,FP DENIED,REGULAR,,AFFIRMED,QUE,NOT APPLICABLE,FEDERAL,DETERMINATE,MALE,WHITE,CAUCASIAN,NON SCHEDULE
2009-2010,MAR,PAPER,FP-PRE,FP DENIED,REGULAR,,AFFIRMED,PRA,EDMONTON,PROVINCIAL,DETERMINATE,MALE,WHITE,CAUCASIAN,SCHE 1 W/O SEX
2009-2010,JUL,PAPER,FP-PRE,FP DENIED,REGULAR,,AFFIRMED,QUE,NOT APPLICABLE,FEDERAL,DETERMINATE,MALE,WHITE,CAUCASIAN,SCHE 1 W/O SEX
2009-2010,JUN,PAPER,FP-PRE,FP DENIED,REGULAR,,AFFIRMED,QUE,NOT APPLICABLE,FEDERAL,DETERMINATE,MALE,WHITE,CAUCASIAN,SCHEDULE 2
2009-2010,OCT,PAPER,FP-PRE,FP DENIED,REGULAR,,AFFIRMED,PAC,NOT APPLICABLE,PROVINCIAL,DETERMINATE,MALE,WHITE,CAUCASIAN,NON SCHEDULE
2009-2010,JAN,PAPER,FP-PRE,FP DENIED,REGULAR,,AFFIRMED,PRA,EDMONTON,FEDERAL,DETERMINATE,MALE,WHITE,CAUCASIAN,SCHE 1 W/O SEX
2009-2010,MAY,PAPER,FP-PRE,FP DENIED,REGULAR,,AFFIRMED,ONT,NOT APPLICABLE,FEDERAL,DETERMINATE,MALE,WHITE,CAUCASIAN,SCHE 1 W/O SEX
2009-2010,NOV,PAPER,FP-PRE,FP DENIED,REGULAR,,AFFIRMED,ATL,NOT APPLICABLE,PROVINCIAL,DETERMINATE,MALE,WHITE,CAUCASIAN,NON SCHEDULE
2009-2010,FEB,PAPER,FP-PRE,FP DENIED,REGULAR,,AFFIRMED,QUE,NOT APPLICABLE,FEDERAL,DETERMINATE,MALE,WHITE,CAUCASIAN,SCHEDULE 2
2009-2010,JUN,PAPER,FP-PRE,FP DENIED,REGULAR,,AFFIRMED,PAC,NOT APPLICABLE,PROVINCIAL,DETERMINATE,MALE,WHITE,CAUCASIAN,SCHE 1 W/O SEX
2009-2010,MAR,PAPER,FP-PRE,FP DENIED,REGULAR,,AFFIRMED,ONT,NOT APPLICABLE,FEDERAL,DETERMINATE,MALE,WHITE,CAUCASIAN,NON SCHEDULE
2009-2010,OCT,PAPER,FP-PRE,FP DENIED,REGULAR,,AFFIRMED,ONT,NOT APPLICABLE,FEDERAL,DETERMINATE,MALE,WHITE,CAUCASIAN,NON SCHEDULE
2009-2010,JUN,PAPER,FP-PRE,FP DENIED,REGULAR,,AFFIRMED,ATL,NOT APPLICABLE,PROVINCIAL,DETERMINATE,FEMALE,WHITE,CAUCASIAN,SCHE 1 W/O SEX
2009-2010,SEP,PAPER,FP-PRE,FP DENIED,REGULAR,,AFFIRMED,QUE,NOT APPLICABLE,FEDERAL,DETERMINATE,MALE,WHITE,CAUCASIAN,SCHE 1 WITH SEX
2009-2010,JUL,PAPER,FP-PRE,FP DENIED,REGULAR,,AFFIRMED,PAC,NOT APPLICABLE,FEDERAL,DETERMINATE,MALE,WHITE,CAUCASIAN,NON SCHEDULE
2009-2010,DEC,PAPER,FP-PRE,FP DENIED,REGULAR,,AFFIRMED,PRA,EDMONTON,FEDERAL,DETERMINATE,MALE,WHITE,CAUCASIAN,SCHE 1 W/O SEX
2009-2010,JUN,PAPER,FP-PRE,FP DENIED,REGULAR,,AFFIRMED,ONT,NOT APPLICABLE,FEDERAL,DETERMINATE,MALE,WHITE,CAUCASIAN,SCHEDULE 2
2009-2010,JUN,PAPER,FP-PRE,FP DENIED,REGULAR,,AFFIRMED,QUE,NOT APPLICABLE,FEDERAL,DETERMINATE,MALE,WHITE,CAUCASIAN,NON SCHEDULE
2009-2010,JUN,PAPER,FP-PRE,FP DENIED,REGULAR,,AFFIRMED,QUE,NOT APPLICABLE,FEDERAL,DETERMINATE,MALE,WHITE,CAUCASIAN,SCHEDULE 2
2009-2010,MAR,PAPER,FP-PRE,FP DENIED,REGULAR,,AFFIRMED,ONT,NOT APPLICABLE,FEDERAL,DETERMINATE,FEMALE,WHITE,CAUCASIAN,SCHE 1 W/O SEX
2009-2010,APR,PAPER,FP-PRE,FP DENIED,REGULAR,,AFFIRMED,QUE,NOT APPLICABLE,FEDERAL,DETERMINATE,MALE,WHITE,CAUCASIAN,SCHE 1 W/O SEX
2009-2010,MAR,PAPER,FP-PRE,FP DENIED,REGULAR,,AFFIRMED,PRA,SASKATOON,FEDERAL,DETERMINATE,MALE,WHITE,CAUCASIAN,SCHE 1 W/O SEX
2009-2010,JUL,PAPER,FP-PRE,FP DENIED,REGULAR,,AFFIRMED,PAC,NOT APPLICABLE,FEDERAL,INDETERMINATE,MALE,WHITE,CAUCASIAN,NON SCHEDULE
2009-2010,APR,PAPER,FP-PRE,FP DENIED,REGULAR,,AFFIRMED,PAC,NOT APPLICABLE,FEDERAL,INDETERMINATE,MALE,WHITE,CAUCASIAN,SCHE 1 WITH SEX
2009-2010,JUL,PAPER,FP-PRE,FP DENIED,REGULAR,,AFFIRMED,PRA,SASKATOON,FEDERAL,INDETERMINATE,MALE,WHITE,CAUCASIAN,SCHE 1 WITH SEX
2009-2010,JUL,PAPER,FP-PRE,FP DENIED,REGULAR,,AFFIRMED,QUE,NOT APPLICABLE,FEDERAL,INDETERMINATE,MALE,WHITE,CAUCASIAN,SCHE 1 W/O SEX
2009-2010,MAR,PAPER,FP-PRE,FP DENIED,REGULAR,,AFFIRMED,QUE,NOT APPLICABLE,FEDERAL,INDETERMINATE,MALE,WHITE,CAUCASIAN,MURDER 2
2009-2010,APR,PAPER,FP-PRE,FP DENIED,REGULAR,,AFFIRMED,QUE,NOT APPLICABLE,FEDERAL,INDETERMINATE,MALE,WHITE,CAUCASIAN,MURDER 1
2009-2010,AUG,PAPER,FP-PRE,FP DENIED,REGULAR,,AFFIRMED,QUE,NOT APPLICABLE,FEDERAL,INDETERMINATE,MALE,WHITE,CAUCASIAN,MURDER 2
2009-2010,NOV,PAPER,FP-PRE,FP DENIED,REGULAR,,AFFIRMED,PAC,NOT APPLICABLE,FEDERAL,INDETERMINATE,MALE,WHITE,CAUCASIAN,MURDER 2
2009-2010,JUL,PAPER,FP-PRE,FP DENIED,REGULAR,,AFFIRMED,QUE,NOT APPLICABLE,FEDERAL,INDETERMINATE,MALE,WHITE,CAUCASIAN,MURDER 2
2009-2010,SEP,PAPER,FP-PRE,FP DENIED,REGULAR,,AFFIRMED,QUE,NOT APPLICABLE,FEDERAL,INDETERMINATE,MALE,WHITE,CAUCASIAN,MURDER 1
2009-2010,JUN,PAPER,FP-PRE,FP DENIED,REGULAR,,AFFIRMED,QUE,NOT APPLICABLE,FEDERAL,INDETERMINATE,MALE,WHITE,CAUCASIAN,MURDER 2
2009-2010,SEP,PAPER,FP-PRE,FP DENIED,REGULAR,,AFFIRMED,ONT,NOT APPLICABLE,FEDERAL,INDETERMINATE,MALE,WHITE,CAUCASIAN,MURDER 2
2009-2010,JUN,PAPER,FP-PRE,FP DENIED,REGULAR,,AFFIRMED,PRA,EDMONTON,FEDERAL,INDETERMINATE,MALE,WHITE,CAUCASIAN,MURDER 2
2009-2010,SEP,PAPER,FP-PRE,FP DENIED,REGULAR,,AFFIRMED,QUE,NOT APPLICABLE,FEDERAL,INDETERMINATE,MALE,WHITE,CAUCASIAN,MURDER 2
2009-2010,JAN,PAPER,FP-PRE,FP DENIED,REGULAR,,AFFIRMED,PAC,NOT APPLICABLE,FEDERAL,INDETERMINATE,MALE,WHITE,CAUCASIAN,MURDER 1
2009-2010,OCT,PAPER,FP-PRE,FP DENIED,REGULAR,,AFFIRMED,ONT,NOT APPLICABLE,FEDERAL,INDETERMINATE,MALE,WHITE,CAUCASIAN,MURDER 1
2009-2010,JUN,PAPER,FP-PRE,FP DENIED,REGULAR,,AFFIRMED,QUE,NOT APPLICABLE,FEDERAL,INDETERMINATE,MALE,WHITE,CAUCASIAN,MURDER 1
2009-2010,SEP,PAPER,FP-PRE,FP DENIED,REGULAR,,AFFIRMED,QUE,NOT APPLICABLE,FEDERAL,INDETERMINATE,MALE,WHITE,CAUCASIAN,MURDER 2
2009-2010,APR,PAPER,FP-PRE,FP DENIED,REGULAR,,AFFIRMED,PAC,NOT APPLICABLE,FEDERAL,DETERMINATE,MALE,METIS,ABORIGINAL,SCHE 1 W/O SEX
2009-2010,OCT,PAPER,FP-PRE,FP DENIED,REGULAR,,AFFIRMED,PRA,EDMONTON,FEDERAL,DETERMINATE,MALE,METIS,ABORIGINAL,SCHE 1 W/O SEX
2009-2010,MAR,PAPER,FP-PRE,FP DENIED,REGULAR,,AFFIRMED,QUE,NOT APPLICABLE,FEDERAL,DETERMINATE,MALE,METIS,ABORIGINAL,SCHE 1 WITH SEX
2009-2010,SEP,PAPER,FP-PRE,FP DENIED,REGULAR,,AFFIRMED,PAC,NOT APPLICABLE,FEDERAL,DETERMINATE,MALE,METIS,ABORIGINAL,SCHEDULE 2
2009-2010,SEP,PAPER,FP-PRE,FP DENIED,REGULAR,,AFFIRMED,QUE,NOT APPLICABLE,FEDERAL,DETERMINATE,MALE,METIS,ABORIGINAL,SCHE 1 W/O SEX
2009-2010,OCT,PAPER,FP-PRE,FP DENIED,REGULAR,,AFFIRMED,PAC,NOT APPLICABLE,PROVINCIAL,DETERMINATE,MALE,METIS,ABORIGINAL,SCHE 1 W/O SEX
2009-2010,APR,PAPER,FP-PRE,FP DENIED,REGULAR,,AFFIRMED,QUE,NOT APPLICABLE,FEDERAL,INDETERMINATE,MALE,METIS,ABORIGINAL,SCHE 1 WITH SEX
2009-2010,SEP,PAPER,FP-PRE,FP DENIED,REGULAR,,AFFIRMED,QUE,NOT APPLICABLE,FEDERAL,INDETERMINATE,MALE,METIS,ABORIGINAL,MURDER 2
2009-2010,MAR,PAPER,FP-PRE,FP DENIED,REGULAR,,AFFIRMED,PRA,SASKATOON,FEDERAL,INDETERMINATE,MALE,METIS,ABORIGINAL,MURDER 1
2009-2010,SEP,PAPER,FP-PRE,FP DENIED,REGULAR,,AFFIRMED,PAC,NOT APPLICABLE,FEDERAL,INDETERMINATE,MALE,METIS,ABORIGINAL,MURDER 1
2009-2010,APR,PAPER,FP-PRE,FP DENIED,REGULAR,,AFFIRMED,QUE,NOT APPLICABLE,FEDERAL,INDETERMINATE,MALE,METIS,ABORIGINAL,MURDER 2
2009-2010,MAR,PAPER,FP-PRE,FP DENIED,REGULAR,,AFFIRMED,ONT,NOT APPLICABLE,FEDERAL,DETERMINATE,MALE,NORTH AMERICAN,ABORIGINAL,NON SCHEDULE
2009-2010,DEC,PAPER,FP-PRE,FP DENIED,REGULAR,,AFFIRMED,PRA,EDMONTON,PROVINCIAL,DETERMINATE,MALE,NORTH AMERICAN,ABORIGINAL,SCHE 1 W/O SEX
2009-2010,MAY,PAPER,FP-PRE,FP DENIED,REGULAR,,AFFIRMED,QUE,NOT APPLICABLE,FEDERAL,DETERMINATE,FEMALE,NORTH AMERICAN,ABORIGINAL,NON SCHEDULE
2009-2010,SEP,PAPER,FP-PRE,FP DENIED,REGULAR,,AFFIRMED,PRA,SASKATOON,FEDERAL,DETERMINATE,MALE,NORTH AMERICAN,ABORIGINAL,NON SCHEDULE
2009-2010,MAR,PAPER,FP-PRE,FP DENIED,REGULAR,,AFFIRMED,PRA,SASKATOON,FEDERAL,DETERMINATE,MALE,NORTH AMERICAN,ABORIGINAL,NON SCHEDULE
2009-2010,SEP,PAPER,FP-PRE,FP DENIED,REGULAR,,AFFIRMED,ONT,NOT APPLICABLE,FEDERAL,DETERMINATE,MALE,NORTH AMERICAN,ABORIGINAL,SCHEDULE 2
2009-2010,JUN,PAPER,FP-PRE,FP DENIED,REGULAR,,AFFIRMED,PAC,NOT APPLICABLE,FEDERAL,DETERMINATE,MALE,NORTH AMERICAN,ABORIGINAL,NON SCHEDULE
2009-2010,NOV,PAPER,FP-PRE,FP DENIED,REGULAR,,AFFIRMED,PAC,NOT APPLICABLE,PROVINCIAL,DETERMINATE,MALE,NORTH AMERICAN,ABORIGINAL,NON SCHEDULE
2009-2010,JAN,PAPER,FP-PRE,FP DENIED,REGULAR,,AFFIRMED,PRA,SASKATOON,FEDERAL,INDETERMINATE,MALE,NORTH AMERICAN,ABORIGINAL,NON SCHEDULE
2009-2010,JAN,PAPER,FP-PRE,FP DENIED,REGULAR,,AFFIRMED,PRA,SASKATOON,FEDERAL,INDETERMINATE,MALE,NORTH AMERICAN,ABORIGINAL,MURDER 2
2009-2010,DEC,PAPER,FP-PRE,FP DENIED,REGULAR,,AFFIRMED,PRA,EDMONTON,FEDERAL,INDETERMINATE,MALE,NORTH AMERICAN,ABORIGINAL,MURDER 2
2009-2010,NOV,PAPER,FP-PRE,FP DENIED,REGULAR,,AFFIRMED,QUE,NOT APPLICABLE,FEDERAL,DETERMINATE,MALE,OTHER,OTHER/UNKNOWN,NON SCHEDULE
2009-2010,MAY,PAPER,FP-PRE,FP DENIED,REGULAR,,AFFIRMED,ONT,NOT APPLICABLE,FEDERAL,DETERMINATE,MALE,CHINESE,ASIAN,SCHE 1 W/O SEX
2009-2010,MAY,PAPER,FP-PRE,FP DENIED,REGULAR,,AFFIRMED,PRA,SASKATOON,FEDERAL,DETERMINATE,MALE,FILIPINO,OTHER/UNKNOWN,SCHEDULE 2
2009-2010,DEC,PAPER,FP-PRE,FP DENIED,REGULAR,,AFFIRMED,PAC,NOT APPLICABLE,PROVINCIAL,DETERMINATE,MALE,LATIN AMERICAN,OTHER/UNKNOWN,SCHEDULE 2
2009-2010,NOV,PAPER,FP-PRE,FP DENIED,REGULAR,,AFFIRMED,ONT,NOT APPLICABLE,FEDERAL,DETERMINATE,MALE,SOUTH ASIAN,ASIAN,SCHEDULE 2
2009-2010,FEB,PAPER,FP-PRE,FP DENIED,REGULAR,,AFFIRMED,PAC,NOT APPLICABLE,PROVINCIAL,DETERMINATE,MALE,SOUTH ASIAN,ASIAN,NON SCHEDULE
2009-2010,DEC,PAPER,FP-PRE,FP DENIED,REGULAR,,AFFIRMED,PAC,NOT APPLICABLE,FEDERAL,DETERMINATE,MALE,SOUTH ASIAN,ASIAN,SCHE 1 W/O SEX
2009-2010,NOV,PAPER,FP-PRE,FP DENIED,REGULAR,,AFFIRMED,PRA,SASKATOON,PROVINCIAL,DETERMINATE,FEMALE,SOUTH ASIAN,ASIAN,SCHEDULE 2
2009-2010,MAY,PAPER,FP-PRE,FP DENIED,REGULAR,,AFFIRMED,ONT,NOT APPLICABLE,FEDERAL,DETERMINATE,MALE,S. E. ASIAN,ASIAN,SCHEDULE 2
2009-2010,MAR,PAPER,FP-PRE,FP DENIED,REGULAR,,AFFIRMED,ONT,NOT APPLICABLE,FEDERAL,DETERMINATE,MALE,S. E. ASIAN,ASIAN,SCHEDULE 2
2009-2010,AUG,PAPER,FP-PRE,FP DENIED,REGULAR,,AFFIRMED,PAC,NOT APPLICABLE,PROVINCIAL,DETERMINATE,MALE,S. E. ASIAN,ASIAN,NON SCHEDULE
2009-2010,OCT,PAPER,FP-PRE,FP DENIED,REGULAR,,AFFIRMED,PRA,SASKATOON,FEDERAL,DETERMINATE,MALE,S. E. ASIAN,ASIAN,SCHEDULE 2
2009-2010,AUG,PAPER,FP-PRE,FP DENIED,REGULAR,,AFFIRMED,PAC,NOT APPLICABLE,FEDERAL,DETERMINATE,MALE,S. E. ASIAN,ASIAN,SCHEDULE 2
2009-2010,FEB,PAPER,FP-PRE,FP DENIED,REGULAR,,PAN.HEAR.ORDER.,QUE,NOT APPLICABLE,FEDERAL,DETERMINATE,MALE,METIS,ABORIGINAL,SCHE 1 W/O SEX
2009-2010,JUN,PAPER,FP-PRE,FP GRANT CANC.,REGULAR,,AFFIRMED,ATL,NOT APPLICABLE,PROVINCIAL,DETERMINATE,MALE,UNK,OTHER/UNKNOWN,SCHE 1 WITH SEX
2009-2010,SEP,PAPER,FP-POST,FP REVOKED,REGULAR,,AFFIRMED,ONT,NOT APPLICABLE,FEDERAL,DETERMINATE,MALE,BLACK,BLACK,SCHE 1 W/O SEX
2009-2010,JAN,PAPER,FP-POST,FP REVOKED,REGULAR,,AFFIRMED,PRA,EDMONTON,FEDERAL,DETERMINATE,MALE,WHITE,CAUCASIAN,SCHE 1 W/O SEX
2009-2010,JUN,PAPER,FP-POST,FP REVOKED,REGULAR,,AFFIRMED,PAC,NOT APPLICABLE,FEDERAL,INDETERMINATE,MALE,WHITE,CAUCASIAN,SCHE 1 WITH SEX
2009-2010,FEB,PAPER,FP-POST,FP REVOKED,REGULAR,,AFFIRMED,PRA,EDMONTON,FEDERAL,INDETERMINATE,FEMALE,WHITE,CAUCASIAN,MURDER 2
2009-2010,JAN,PAPER,FP-POST,FP REVOKED,REGULAR,,AFFIRMED,PRA,SASKATOON,FEDERAL,INDETERMINATE,MALE,WHITE,CAUCASIAN,MURDER 2
2009-2010,SEP,PAPER,FP-POST,FP REVOKED,REGULAR,,AFFIRMED,PAC,NOT APPLICABLE,FEDERAL,INDETERMINATE,MALE,NORTH AMERICAN,ABORIGINAL,MURDER 2
2009-2010,OCT,PAPER,FP-POST,FP REVOKED,REGULAR,,AFFIRMED,PAC,NOT APPLICABLE,FEDERAL,INDETERMINATE,MALE,CHINESE,ASIAN,MURDER 2
2009-2010,OCT,PAPER,FP-POST,FP REVOKED,REGULAR,,PAN.HEAR.ORDER.,PAC,NOT APPLICABLE,FEDERAL,INDETERMINATE,MALE,NORTH AMERICAN,ABORIGINAL,MURDER 2
2009-2010,APR,PAPER,FP-POST,FP REVOKED,APR,APR-INITIAL,AFFIRMED,QUE,NOT APPLICABLE,FEDERAL,DETERMINATE,MALE,BLACK,BLACK,SCHEDULE 2
2009-2010,OCT,PAPER,FP-POST,FP REVOKED,APR,APR-INITIAL,AFFIRMED,PRA,SASKATOON,FEDERAL,DETERMINATE,FEMALE,BLACK,BLACK,NON SCHEDULE
2009-2010,SEP,PAPER,FP-POST,FP REVOKED,APR,APR-INITIAL,AFFIRMED,QUE,NOT APPLICABLE,FEDERAL,DETERMINATE,MALE,WHITE,CAUCASIAN,NON SCHEDULE
2009-2010,DEC,PAPER,FP-POST,FP REVOKED,APR,APR-INITIAL,AFFIRMED,PRA,EDMONTON,FEDERAL,DETERMINATE,FEMALE,WHITE,CAUCASIAN,NON SCHEDULE
2009-2010,MAY,PAPER,FP-POST,FP REVOKED,APR,APR-INITIAL,AFFIRMED,ONT,NOT APPLICABLE,FEDERAL,DETERMINATE,MALE,WHITE,CAUCASIAN,NON SCHEDULE
2009-2010,SEP,PAPER,FP-POST,FP REVOKED,APR,APR-INITIAL,AFFIRMED,ATL,NOT APPLICABLE,FEDERAL,DETERMINATE,MALE,WHITE,CAUCASIAN,SCHEDULE 2
2009-2010,DEC,PAPER,FP-POST,FP REVOKED,APR,APR-INITIAL,AFFIRMED,ONT,NOT APPLICABLE,FEDERAL,DETERMINATE,MALE,WHITE,CAUCASIAN,NON SCHEDULE
2009-2010,APR,PAPER,FP-POST,FP REVOKED,APR,APR-INITIAL,AFFIRMED,PAC,NOT APPLICABLE,FEDERAL,DETERMINATE,MALE,WHITE,CAUCASIAN,NON SCHEDULE
2009-2010,APR,PAPER,FP-POST,FP REVOKED,APR,APR-FINAL,AFFIRMED,QUE,NOT APPLICABLE,FEDERAL,DETERMINATE,MALE,WHITE,CAUCASIAN,SCHEDULE 2
2009-2010,JUL,PAPER,DP-PRE,DP DENIED,REGULAR,,AFFIRMED,PRA,EDMONTON,PROVINCIAL,DETERMINATE,MALE,UNK,OTHER/UNKNOWN,SCHE 1 W/O SEX
2009-2010,FEB,PAPER,DP-PRE,DP DENIED,REGULAR,,AFFIRMED,PRA,EDMONTON,PROVINCIAL,DETERMINATE,MALE,UNK,OTHER/UNKNOWN,SCHE 1 W/O SEX
2009-2010,SEP,PAPER,DP-PRE,DP DENIED,REGULAR,,AFFIRMED,ATL,NOT APPLICABLE,PROVINCIAL,DETERMINATE,MALE,UNK,OTHER/UNKNOWN,SCHE 1 W/O SEX
2009-2010,MAY,PAPER,DP-PRE,DP DENIED,REGULAR,,AFFIRMED,QUE,NOT APPLICABLE,FEDERAL,DETERMINATE,MALE,ARAB/WEST ASIAN,OTHER/UNKNOWN,SCHE 1 W/O SEX
2009-2010,APR,PAPER,DP-PRE,DP DENIED,REGULAR,,AFFIRMED,PRA,EDMONTON,FEDERAL,DETERMINATE,MALE,ARAB/WEST ASIAN,OTHER/UNKNOWN,SCHEDULE 2
2009-2010,APR,PAPER,DP-PRE,DP DENIED,REGULAR,,AFFIRMED,QUE,NOT APPLICABLE,FEDERAL,DETERMINATE,MALE,ARAB/WEST ASIAN,OTHER/UNKNOWN,SCHE 1 W/O SEX
2009-2010,OCT,PAPER,DP-PRE,DP DENIED,REGULAR,,AFFIRMED,PAC,NOT APPLICABLE,PROVINCIAL,DETERMINATE,MALE,BLACK,BLACK,SCHE 1 WITH SEX
2009-2010,MAR,PAPER,DP-PRE,DP DENIED,REGULAR,,AFFIRMED,ONT,NOT APPLICABLE,FEDERAL,DETERMINATE,MALE,BLACK,BLACK,SCHE 1 WITH SEX
2009-2010,NOV,PAPER,DP-PRE,DP DENIED,REGULAR,,AFFIRMED,ONT,NOT APPLICABLE,FEDERAL,DETERMINATE,MALE,BLACK,BLACK,SCHE 1 W/O SEX
2009-2010,FEB,PAPER,DP-PRE,DP DENIED,REGULAR,,AFFIRMED,ONT,NOT APPLICABLE,FEDERAL,DETERMINATE,MALE,BLACK,BLACK,SCHE 1 WITH SEX
2009-2010,JUL,PAPER,DP-PRE,DP DENIED,REGULAR,,AFFIRMED,ATL,NOT APPLICABLE,FEDERAL,DETERMINATE,MALE,BLACK,BLACK,NON SCHEDULE
2009-2010,MAY,PAPER,DP-PRE,DP DENIED,REGULAR,,AFFIRMED,ONT,NOT APPLICABLE,FEDERAL,DETERMINATE,MALE,BLACK,BLACK,SCHE 1 W/O SEX
2009-2010,OCT,PAPER,DP-PRE,DP DENIED,REGULAR,,AFFIRMED,QUE,NOT APPLICABLE,FEDERAL,DETERMINATE,MALE,BLACK,BLACK,SCHEDULE 2
2009-2010,SEP,PAPER,DP-PRE,DP DENIED,REGULAR,,AFFIRMED,ONT,NOT APPLICABLE,FEDERAL,DETERMINATE,MALE,BLACK,BLACK,SCHE 1 W/O SEX
2009-2010,SEP,PAPER,DP-PRE,DP DENIED,REGULAR,,AFFIRMED,ONT,NOT APPLICABLE,FEDERAL,DETERMINATE,MALE,BLACK,BLACK,SCHE 1 W/O SEX
2009-2010,SEP,PAPER,DP-PRE,DP DENIED,REGULAR,,AFFIRMED,QUE,NOT APPLICABLE,FEDERAL,INDETERMINATE,MALE,BLACK,BLACK,MURDER 2
2009-2010,JUL,PAPER,DP-PRE,DP DENIED,REGULAR,,AFFIRMED,ATL,NOT APPLICABLE,FEDERAL,DETERMINATE,MALE,WHITE,CAUCASIAN,NON SCHEDULE
2009-2010,FEB,PAPER,DP-PRE,DP DENIED,REGULAR,,AFFIRMED,ATL,NOT APPLICABLE,PROVINCIAL,DETERMINATE,MALE,WHITE,CAUCASIAN,NON SCHEDULE
2009-2010,SEP,PAPER,DP-PRE,DP DENIED,REGULAR,,AFFIRMED,PRA,EDMONTON,FEDERAL,DETERMINATE,FEMALE,WHITE,CAUCASIAN,NON SCHEDULE
2009-2010,NOV,PAPER,DP-PRE,DP DENIED,REGULAR,,AFFIRMED,QUE,NOT APPLICABLE,FEDERAL,DETERMINATE,MALE,WHITE,CAUCASIAN,SCHE 1 WITH SEX
2009-2010,JUN,PAPER,DP-PRE,DP DENIED,REGULAR,,AFFIRMED,ATL,NOT APPLICABLE,PROVINCIAL,DETERMINATE,MALE,WHITE,CAUCASIAN,SCHE 1 WITH SEX
2009-2010,OCT,PAPER,DP-PRE,DP DENIED,REGULAR,,AFFIRMED,ATL,NOT APPLICABLE,PROVINCIAL,DETERMINATE,MALE,WHITE,CAUCASIAN,SCHE 1 W/O SEX
2009-2010,FEB,PAPER,DP-PRE,DP DENIED,REGULAR,,AFFIRMED,ATL,NOT APPLICABLE,FEDERAL,DETERMINATE,MALE,WHITE,CAUCASIAN,NON SCHEDULE
2009-2010,SEP,PAPER,DP-PRE,DP DENIED,REGULAR,,AFFIRMED,QUE,NOT APPLICABLE,FEDERAL,DETERMINATE,MALE,WHITE,CAUCASIAN,SCHE 1 WITH SEX
2009-2010,JUN,PAPER,DP-PRE,DP DENIED,REGULAR,,AFFIRMED,ATL,NOT APPLICABLE,PROVINCIAL,DETERMINATE,FEMALE,WHITE,CAUCASIAN,SCHE 1 W/O SEX
2009-2010,JUN,PAPER,DP-PRE,DP DENIED,REGULAR,,AFFIRMED,QUE,NOT APPLICABLE,FEDERAL,DETERMINATE,MALE,WHITE,CAUCASIAN,SCHE 1 W/O SEX
2009-2010,SEP,PAPER,DP-PRE,DP DENIED,REGULAR,,AFFIRMED,ATL,NOT APPLICABLE,PROVINCIAL,DETERMINATE,MALE,WHITE,CAUCASIAN,SCHE 1 W/O SEX
2009-2010,SEP,PAPER,DP-PRE,DP DENIED,REGULAR,,AFFIRMED,PAC,NOT APPLICABLE,FEDERAL,DETERMINATE,MALE,WHITE,CAUCASIAN,SCHE 1 W/O SEX
2009-2010,NOV,PAPER,DP-PRE,DP DENIED,REGULAR,,AFFIRMED,QUE,NOT APPLICABLE,FEDERAL,DETERMINATE,MALE,WHITE,CAUCASIAN,SCHE 1 WITH SEX
2009-2010,JUN,PAPER,DP-PRE,DP DENIED,REGULAR,,AFFIRMED,QUE,NOT APPLICABLE,FEDERAL,DETERMINATE,MALE,WHITE,CAUCASIAN,NON SCHEDULE
2009-2010,MAR,PAPER,DP-PRE,DP DENIED,REGULAR,,AFFIRMED,PRA,EDMONTON,PROVINCIAL,DETERMINATE,MALE,WHITE,CAUCASIAN,SCHE 1 W/O SEX
2009-2010,DEC,PAPER,DP-PRE,DP DENIED,REGULAR,,AFFIRMED,PRA,EDMONTON,FEDERAL,DETERMINATE,MALE,WHITE,CAUCASIAN,SCHE 1 W/O SEX
2009-2010,APR,PAPER,DP-PRE,DP DENIED,REGULAR,,AFFIRMED,PRA,SASKATOON,FEDERAL,DETERMINATE,MALE,WHITE,CAUCASIAN,NON SCHEDULE
2009-2010,MAY,PAPER,DP-PRE,DP DENIED,REGULAR,,AFFIRMED,PAC,NOT APPLICABLE,PROVINCIAL,DETERMINATE,MALE,WHITE,CAUCASIAN,NON SCHEDULE
2009-2010,MAY,PAPER,DP-PRE,DP DENIED,REGULAR,,AFFIRMED,QUE,NOT APPLICABLE,FEDERAL,DETERMINATE,MALE,WHITE,CAUCASIAN,SCHE 1 W/O SEX
2009-2010,JUN,PAPER,DP-PRE,DP DENIED,REGULAR,,AFFIRMED,QUE,NOT APPLICABLE,FEDERAL,DETERMINATE,MALE,WHITE,CAUCASIAN,SCHE 1 W/O SEX
2009-2010,APR,PAPER,DP-PRE,DP DENIED,REGULAR,,AFFIRMED,PRA,SASKATOON,PROVINCIAL,DETERMINATE,MALE,WHITE,CAUCASIAN,SCHE 1 W/O SEX
2009-2010,FEB,PAPER,DP-PRE,DP DENIED,REGULAR,,AFFIRMED,PRA,EDMONTON,FEDERAL,DETERMINATE,MALE,WHITE,CAUCASIAN,SCHE 1 W/O SEX
2009-2010,AUG,PAPER,DP-PRE,DP DENIED,REGULAR,,AFFIRMED,ONT,NOT APPLICABLE,FEDERAL,DETERMINATE,MALE,WHITE,CAUCASIAN,SCHE 1 W/O SEX
2009-2010,OCT,PAPER,DP-PRE,DP DENIED,REGULAR,,AFFIRMED,QUE,NOT APPLICABLE,FEDERAL,DETERMINATE,MALE,WHITE,CAUCASIAN,SCHE 1 W/O SEX
2009-2010,FEB,PAPER,DP-PRE,DP DENIED,REGULAR,,AFFIRMED,ATL,NOT APPLICABLE,PROVINCIAL,DETERMINATE,MALE,WHITE,CAUCASIAN,SCHE 1 WITH SEX
2009-2010,SEP,PAPER,DP-PRE,DP DENIED,REGULAR,,AFFIRMED,QUE,NOT APPLICABLE,FEDERAL,DETERMINATE,MALE,WHITE,CAUCASIAN,SCHE 1 WITH SEX
2009-2010,FEB,PAPER,DP-PRE,DP DENIED,REGULAR,,AFFIRMED,QUE,NOT APPLICABLE,FEDERAL,DETERMINATE,MALE,WHITE,CAUCASIAN,SCHEDULE 2
2009-2010,AUG,PAPER,DP-PRE,DP DENIED,REGULAR,,AFFIRMED,QUE,NOT APPLICABLE,FEDERAL,DETERMINATE,MALE,WHITE,CAUCASIAN,SCHE 1 WITH SEX
2009-2010,JUN,PAPER,DP-PRE,DP DENIED,REGULAR,,AFFIRMED,PRA,SASKATOON,PROVINCIAL,DETERMINATE,MALE,WHITE,CAUCASIAN,SCHE 1 W/O SEX
2009-2010,AUG,PAPER,DP-PRE,DP DENIED,REGULAR,,AFFIRMED,ATL,NOT APPLICABLE,PROVINCIAL,DETERMINATE,MALE,WHITE,CAUCASIAN,NON SCHEDULE
2009-2010,DEC,PAPER,DP-PRE,DP DENIED,REGULAR,,AFFIRMED,ATL,NOT APPLICABLE,FEDERAL,DETERMINATE,MALE,WHITE,CAUCASIAN,NON SCHEDULE
2009-2010,OCT,PAPER,DP-PRE,DP DENIED,REGULAR,,AFFIRMED,PAC,NOT APPLICABLE,FEDERAL,DETERMINATE,MALE,WHITE,CAUCASIAN,SCHE 1 W/O SEX
2009-2010,APR,PAPER,DP-PRE,DP DENIED,REGULAR,,AFFIRMED,PRA,SASKATOON,FEDERAL,DETERMINATE,MALE,WHITE,CAUCASIAN,SCHE 1 WITH SEX
2009-2010,JUL,PAPER,DP-PRE,DP DENIED,REGULAR,,AFFIRMED,QUE,NOT APPLICABLE,FEDERAL,DETERMINATE,MALE,WHITE,CAUCASIAN,SCHE 1 W/O SEX
2009-2010,APR,PAPER,DP-PRE,DP DENIED,REGULAR,,AFFIRMED,QUE,NOT APPLICABLE,FEDERAL,DETERMINATE,MALE,WHITE,CAUCASIAN,SCHE 1 W/O SEX
2009-2010,JUN,PAPER,DP-PRE,DP DENIED,REGULAR,,AFFIRMED,ONT,NOT APPLICABLE,FEDERAL,DETERMINATE,MALE,WHITE,CAUCASIAN,SCHE 1 W/O SEX
2009-2010,DEC,PAPER,DP-PRE,DP DENIED,REGULAR,,AFFIRMED,ATL,NOT APPLICABLE,PROVINCIAL,DETERMINATE,FEMALE,WHITE,CAUCASIAN,SCHE 1 W/O SEX
2009-2010,MAR,PAPER,DP-PRE,DP DENIED,REGULAR,,AFFIRMED,PRA,SASKATOON,FEDERAL,DETERMINATE,MALE,WHITE,CAUCASIAN,SCHE 1 W/O SEX
2009-2010,MAY,PAPER,DP-PRE,DP DENIED,REGULAR,,AFFIRMED,QUE,NOT APPLICABLE,FEDERAL,DETERMINATE,MALE,WHITE,CAUCASIAN,NON SCHEDULE
2009-2010,JUL,PAPER,DP-PRE,DP DENIED,REGULAR,,AFFIRMED,QUE,NOT APPLICABLE,FEDERAL,DETERMINATE,MALE,WHITE,CAUCASIAN,NON SCHEDULE
2009-2010,JUL,PAPER,DP-PRE,DP DENIED,REGULAR,,AFFIRMED,QUE,NOT APPLICABLE,FEDERAL,DETERMINATE,MALE,WHITE,CAUCASIAN,SCHE 1 W/O SEX
2009-2010,NOV,PAPER,DP-PRE,DP DENIED,REGULAR,,AFFIRMED,QUE,NOT APPLICABLE,FEDERAL,DETERMINATE,MALE,WHITE,CAUCASIAN,SCHE 1 W/O SEX
2009-2010,OCT,PAPER,DP-PRE,DP DENIED,REGULAR,,AFFIRMED,PAC,NOT APPLICABLE,PROVINCIAL,DETERMINATE,MALE,WHITE,CAUCASIAN,NON SCHEDULE
2009-2010,NOV,PAPER,DP-PRE,DP DENIED,REGULAR,,AFFIRMED,QUE,NOT APPLICABLE,FEDERAL,DETERMINATE,MALE,WHITE,CAUCASIAN,SCHE 1 W/O SEX
2009-2010,MAY,PAPER,DP-PRE,DP DENIED,REGULAR,,AFFIRMED,ONT,NOT APPLICABLE,FEDERAL,DETERMINATE,MALE,WHITE,CAUCASIAN,SCHE 1 W/O SEX
2009-2010,NOV,PAPER,DP-PRE,DP DENIED,REGULAR,,AFFIRMED,ATL,NOT APPLICABLE,PROVINCIAL,DETERMINATE,MALE,WHITE,CAUCASIAN,NON SCHEDULE
2009-2010,OCT,PAPER,DP-PRE,DP DENIED,REGULAR,,AFFIRMED,PAC,NOT APPLICABLE,FEDERAL,DETERMINATE,MALE,WHITE,CAUCASIAN,SCHE 1 W/O SEX
2009-2010,DEC,PAPER,DP-PRE,DP DENIED,REGULAR,,AFFIRMED,PRA,EDMONTON,FEDERAL,DETERMINATE,MALE,WHITE,CAUCASIAN,SCHE 1 W/O SEX
2009-2010,JUN,PAPER,DP-PRE,DP DENIED,REGULAR,,AFFIRMED,ONT,NOT APPLICABLE,FEDERAL,DETERMINATE,MALE,WHITE,CAUCASIAN,NON SCHEDULE
2009-2010,JUL,PAPER,DP-PRE,DP DENIED,REGULAR,,AFFIRMED,PAC,NOT APPLICABLE,FEDERAL,DETERMINATE,MALE,WHITE,CAUCASIAN,NON SCHEDULE
2009-2010,NOV,PAPER,DP-PRE,DP DENIED,REGULAR,,AFFIRMED,QUE,NOT APPLICABLE,FEDERAL,DETERMINATE,MALE,WHITE,CAUCASIAN,NON SCHEDULE
2009-2010,JUN,PAPER,DP-PRE,DP DENIED,REGULAR,,AFFIRMED,QUE,NOT APPLICABLE,FEDERAL,DETERMINATE,MALE,WHITE,CAUCASIAN,SCHEDULE 2
2009-2010,SEP,PAPER,DP-PRE,DP DENIED,REGULAR,,AFFIRMED,PAC,NOT APPLICABLE,FEDERAL,DETERMINATE,MALE,WHITE,CAUCASIAN,SCHE 1 WITH SEX
2009-2010,MAR,PAPER,DP-PRE,DP DENIED,REGULAR,,AFFIRMED,PAC,NOT APPLICABLE,PROVINCIAL,DETERMINATE,MALE,WHITE,CAUCASIAN,SCHEDULE 2
2009-2010,MAY,PAPER,DP-PRE,DP DENIED,REGULAR,,AFFIRMED,PRA,SASKATOON,FEDERAL,DETERMINATE,MALE,WHITE,CAUCASIAN,SCHE 1 W/O SEX
2009-2010,SEP,PAPER,DP-PRE,DP DENIED,REGULAR,,AFFIRMED,PAC,NOT APPLICABLE,FEDERAL,DETERMINATE,MALE,WHITE,CAUCASIAN,SCHE 1 W/O SEX
2009-2010,SEP,PAPER,DP-PRE,DP DENIED,REGULAR,,AFFIRMED,QUE,NOT APPLICABLE,FEDERAL,DETERMINATE,MALE,WHITE,CAUCASIAN,SCHE 1 W/O SEX
2009-2010,JAN,PAPER,DP-PRE,DP DENIED,REGULAR,,AFFIRMED,PRA,EDMONTON,FEDERAL,DETERMINATE,MALE,WHITE,CAUCASIAN,SCHE 1 W/O SEX
2009-2010,JAN,PAPER,DP-PRE,DP DENIED,REGULAR,,AFFIRMED,PAC,NOT APPLICABLE,FEDERAL,DETERMINATE,MALE,WHITE,CAUCASIAN,SCHE 1 W/O SEX
2009-2010,OCT,PAPER,DP-PRE,DP DENIED,REGULAR,,AFFIRMED,ONT,NOT APPLICABLE,FEDERAL,DETERMINATE,MALE,WHITE,CAUCASIAN,NON SCHEDULE
2009-2010,DEC,PAPER,DP-PRE,DP DENIED,REGULAR,,AFFIRMED,QUE,NOT APPLICABLE,FEDERAL,DETERMINATE,MALE,WHITE,CAUCASIAN,SCHE 1 W/O SEX
2009-2010,FEB,PAPER,DP-PRE,DP DENIED,REGULAR,,AFFIRMED,PAC,NOT APPLICABLE,PROVINCIAL,DETERMINATE,MALE,WHITE,CAUCASIAN,NON SCHEDULE
2009-2010,NOV,PAPER,DP-PRE,DP DENIED,REGULAR,,AFFIRMED,PAC,NOT APPLICABLE,PROVINCIAL,DETERMINATE,MALE,WHITE,CAUCASIAN,SCHE 1 W/O SEX
2009-2010,NOV,PAPER,DP-PRE,DP DENIED,REGULAR,,AFFIRMED,PAC,NOT APPLICABLE,FEDERAL,DETERMINATE,MALE,WHITE,CAUCASIAN,NON SCHEDULE
2009-2010,MAY,PAPER,DP-PRE,DP DENIED,REGULAR,,AFFIRMED,PAC,NOT APPLICABLE,FEDERAL,DETERMINATE,MALE,WHITE,CAUCASIAN,NON SCHEDULE
2009-2010,SEP,PAPER,DP-PRE,DP DENIED,REGULAR,,AFFIRMED,ATL,NOT APPLICABLE,PROVINCIAL,DETERMINATE,MALE,WHITE,CAUCASIAN,SCHE 1 W/O SEX
2009-2010,JAN,PAPER,DP-PRE,DP DENIED,REGULAR,,AFFIRMED,ATL,NOT APPLICABLE,FEDERAL,DETERMINATE,MALE,WHITE,CAUCASIAN,NON SCHEDULE
2009-2010,SEP,PAPER,DP-PRE,DP DENIED,REGULAR,,AFFIRMED,QUE,NOT APPLICABLE,FEDERAL,DETERMINATE,MALE,WHITE,CAUCASIAN,SCHE 1 W/O SEX
2009-2010,OCT,PAPER,DP-PRE,DP DENIED,REGULAR,,AFFIRMED,ONT,NOT APPLICABLE,FEDERAL,DETERMINATE,MALE,WHITE,CAUCASIAN,SCHEDULE 2
2009-2010,OCT,PAPER,DP-PRE,DP DENIED,REGULAR,,AFFIRMED,PAC,NOT APPLICABLE,FEDERAL,DETERMINATE,MALE,WHITE,CAUCASIAN,SCHE 1 W/O SEX
2009-2010,JUN,PAPER,DP-PRE,DP DENIED,REGULAR,,AFFIRMED,QUE,NOT APPLICABLE,FEDERAL,DETERMINATE,MALE,WHITE,CAUCASIAN,SCHE 1 WITH SEX
2009-2010,SEP,PAPER,DP-PRE,DP DENIED,REGULAR,,AFFIRMED,ONT,NOT APPLICABLE,FEDERAL,DETERMINATE,MALE,WHITE,CAUCASIAN,SCHEDULE 2
2009-2010,JAN,PAPER,DP-PRE,DP DENIED,REGULAR,,AFFIRMED,QUE,NOT APPLICABLE,FEDERAL,DETERMINATE,MALE,WHITE,CAUCASIAN,SCHE 1 WITH SEX
2009-2010,MAR,PAPER,DP-PRE,DP DENIED,REGULAR,,AFFIRMED,PAC,NOT APPLICABLE,FEDERAL,DETERMINATE,MALE,WHITE,CAUCASIAN,SCHE 1 W/O SEX
2009-2010,APR,PAPER,DP-PRE,DP DENIED,REGULAR,,AFFIRMED,PAC,NOT APPLICABLE,FEDERAL,INDETERMINATE,MALE,WHITE,CAUCASIAN,SCHE 1 WITH SEX
2009-2010,JUL,PAPER,DP-PRE,DP DENIED,REGULAR,,AFFIRMED,PAC,NOT APPLICABLE,FEDERAL,INDETERMINATE,MALE,WHITE,CAUCASIAN,NON SCHEDULE
2009-2010,NOV,PAPER,DP-PRE,DP DENIED,REGULAR,,AFFIRMED,ONT,NOT APPLICABLE,FEDERAL,INDETERMINATE,MALE,WHITE,CAUCASIAN,SCHE 1 W/O SEX
2009-2010,JUL,PAPER,DP-PRE,DP DENIED,REGULAR,,AFFIRMED,QUE,NOT APPLICABLE,FEDERAL,INDETERMINATE,MALE,WHITE,CAUCASIAN,SCHE 1 W/O SEX
2009-2010,APR,PAPER,DP-PRE,DP DENIED,REGULAR,,AFFIRMED,PRA,EDMONTON,FEDERAL,INDETERMINATE,MALE,WHITE,CAUCASIAN,MURDER 2
2009-2010,SEP,PAPER,DP-PRE,DP DENIED,REGULAR,,AFFIRMED,QUE,NOT APPLICABLE,FEDERAL,INDETERMINATE,MALE,WHITE,CAUCASIAN,MURDER 1
2009-2010,MAR,PAPER,DP-PRE,DP DENIED,REGULAR,,AFFIRMED,QUE,NOT APPLICABLE,FEDERAL,INDETERMINATE,MALE,WHITE,CAUCASIAN,MURDER 2
2009-2010,APR,PAPER,DP-PRE,DP DENIED,REGULAR,,AFFIRMED,QUE,NOT APPLICABLE,FEDERAL,INDETERMINATE,MALE,WHITE,CAUCASIAN,MURDER 1
2009-2010,SEP,PAPER,DP-PRE,DP DENIED,REGULAR,,AFFIRMED,QUE,NOT APPLICABLE,FEDERAL,INDETERMINATE,MALE,WHITE,CAUCASIAN,MURDER 2
2009-2010,SEP,PAPER,DP-PRE,DP DENIED,REGULAR,,AFFIRMED,QUE,NOT APPLICABLE,FEDERAL,INDETERMINATE,MALE,WHITE,CAUCASIAN,MURDER 2
2009-2010,NOV,PAPER,DP-PRE,DP DENIED,REGULAR,,AFFIRMED,PRA,EDMONTON,FEDERAL,INDETERMINATE,MALE,WHITE,CAUCASIAN,MURDER 2
2009-2010,JUN,PAPER,DP-PRE,DP DENIED,REGULAR,,AFFIRMED,QUE,NOT APPLICABLE,FEDERAL,INDETERMINATE,MALE,WHITE,CAUCASIAN,MURDER 1
2009-2010,JUL,PAPER,DP-PRE,DP DENIED,REGULAR,,AFFIRMED,QUE,NOT APPLICABLE,FEDERAL,INDETERMINATE,MALE,WHITE,CAUCASIAN,MURDER 2
2009-2010,OCT,PAPER,DP-PRE,DP DENIED,REGULAR,,AFFIRMED,ONT,NOT APPLICABLE,FEDERAL,INDETERMINATE,MALE,WHITE,CAUCASIAN,MURDER 1
2009-2010,APR,PAPER,DP-PRE,DP DENIED,REGULAR,,AFFIRMED,QUE,NOT APPLICABLE,FEDERAL,INDETERMINATE,MALE,WHITE,CAUCASIAN,MURDER 2
2009-2010,NOV,PAPER,DP-PRE,DP DENIED,REGULAR,,AFFIRMED,PAC,NOT APPLICABLE,FEDERAL,INDETERMINATE,MALE,WHITE,CAUCASIAN,MURDER 2
2009-2010,OCT,PAPER,DP-PRE,DP DENIED,REGULAR,,AFFIRMED,PRA,EDMONTON,FEDERAL,INDETERMINATE,MALE,WHITE,CAUCASIAN,MURDER 2
2009-2010,JAN,PAPER,DP-PRE,DP DENIED,REGULAR,,AFFIRMED,PAC,NOT APPLICABLE,FEDERAL,INDETERMINATE,MALE,WHITE,CAUCASIAN,MURDER 1
2009-2010,JUN,PAPER,DP-PRE,DP DENIED,REGULAR,,AFFIRMED,QUE,NOT APPLICABLE,FEDERAL,INDETERMINATE,MALE,WHITE,CAUCASIAN,MURDER 2
2009-2010,AUG,PAPER,DP-PRE,DP DENIED,REGULAR,,AFFIRMED,QUE,NOT APPLICABLE,FEDERAL,INDETERMINATE,MALE,WHITE,CAUCASIAN,MURDER 2
2009-2010,OCT,PAPER,DP-PRE,DP DENIED,REGULAR,,AFFIRMED,ONT,NOT APPLICABLE,FEDERAL,DETERMINATE,MALE,INUIT,ABORIGINAL,SCHE 1 W/O SEX
2009-2010,APR,PAPER,DP-PRE,DP DENIED,REGULAR,,AFFIRMED,PAC,NOT APPLICABLE,FEDERAL,DETERMINATE,MALE,METIS,ABORIGINAL,SCHE 1 W/O SEX
2009-2010,JUN,PAPER,DP-PRE,DP DENIED,REGULAR,,AFFIRMED,PRA,SASKATOON,FEDERAL,DETERMINATE,MALE,METIS,ABORIGINAL,SCHE 1 W/O SEX
2009-2010,MAR,PAPER,DP-PRE,DP DENIED,REGULAR,,AFFIRMED,QUE,NOT APPLICABLE,FEDERAL,DETERMINATE,MALE,METIS,ABORIGINAL,SCHE 1 WITH SEX
2009-2010,SEP,PAPER,DP-PRE,DP DENIED,REGULAR,,AFFIRMED,PAC,NOT APPLICABLE,FEDERAL,DETERMINATE,MALE,METIS,ABORIGINAL,SCHEDULE 2
2009-2010,APR,PAPER,DP-PRE,DP DENIED,REGULAR,,AFFIRMED,QUE,NOT APPLICABLE,FEDERAL,INDETERMINATE,MALE,METIS,ABORIGINAL,SCHE 1 WITH SEX
2009-2010,SEP,PAPER,DP-PRE,DP DENIED,REGULAR,,AFFIRMED,QUE,NOT APPLICABLE,FEDERAL,INDETERMINATE,MALE,METIS,ABORIGINAL,MURDER 2
2009-2010,MAR,PAPER,DP-PRE,DP DENIED,REGULAR,,AFFIRMED,PRA,SASKATOON,FEDERAL,INDETERMINATE,MALE,METIS,ABORIGINAL,MURDER 1
2009-2010,SEP,PAPER,DP-PRE,DP DENIED,REGULAR,,AFFIRMED,PAC,NOT APPLICABLE,FEDERAL,INDETERMINATE,MALE,METIS,ABORIGINAL,MURDER 1
2009-2010,APR,PAPER,DP-PRE,DP DENIED,REGULAR,,AFFIRMED,QUE,NOT APPLICABLE,FEDERAL,INDETERMINATE,MALE,METIS,ABORIGINAL,MURDER 2
2009-2010,JUN,PAPER,DP-PRE,DP DENIED,REGULAR,,AFFIRMED,PAC,NOT APPLICABLE,FEDERAL,INDETERMINATE,MALE,METIS,ABORIGINAL,MURDER 1
2009-2010,DEC,PAPER,DP-PRE,DP DENIED,REGULAR,,AFFIRMED,PRA,EDMONTON,PROVINCIAL,DETERMINATE,MALE,NORTH AMERICAN,ABORIGINAL,SCHE 1 W/O SEX
2009-2010,DEC,PAPER,DP-PRE,DP DENIED,REGULAR,,AFFIRMED,PRA,EDMONTON,FEDERAL,DETERMINATE,MALE,NORTH AMERICAN,ABORIGINAL,SCHE 1 W/O SEX
2009-2010,OCT,PAPER,DP-PRE,DP DENIED,REGULAR,,AFFIRMED,PAC,NOT APPLICABLE,PROVINCIAL,DETERMINATE,MALE,NORTH AMERICAN,ABORIGINAL,SCHE 1 W/O SEX
2009-2010,JAN,PAPER,DP-PRE,DP DENIED,REGULAR,,AFFIRMED,PAC,NOT APPLICABLE,PROVINCIAL,DETERMINATE,MALE,NORTH AMERICAN,ABORIGINAL,SCHE 1 W/O SEX
2009-2010,MAY,PAPER,DP-PRE,DP DENIED,REGULAR,,AFFIRMED,QUE,NOT APPLICABLE,FEDERAL,DETERMINATE,FEMALE,NORTH AMERICAN,ABORIGINAL,NON SCHEDULE
2009-2010,SEP,PAPER,DP-PRE,DP DENIED,REGULAR,,AFFIRMED,ONT,NOT APPLICABLE,FEDERAL,DETERMINATE,MALE,NORTH AMERICAN,ABORIGINAL,SCHE 1 W/O SEX
2009-2010,SEP,PAPER,DP-PRE,DP DENIED,REGULAR,,AFFIRMED,PRA,SASKATOON,FEDERAL,DETERMINATE,MALE,NORTH AMERICAN,ABORIGINAL,NON SCHEDULE
2009-2010,JAN,PAPER,DP-PRE,DP DENIED,REGULAR,,AFFIRMED,PRA,SASKATOON,FEDERAL,INDETERMINATE,MALE,NORTH AMERICAN,ABORIGINAL,NON SCHEDULE
2009-2010,AUG,PAPER,DP-PRE,DP DENIED,REGULAR,,AFFIRMED,PAC,NOT APPLICABLE,FEDERAL,INDETERMINATE,MALE,NORTH AMERICAN,ABORIGINAL,MURDER 2
2009-2010,NOV,PAPER,DP-PRE,DP DENIED,REGULAR,,AFFIRMED,PRA,SASKATOON,FEDERAL,INDETERMINATE,MALE,NORTH AMERICAN,ABORIGINAL,MURDER 2
2009-2010,AUG,PAPER,DP-PRE,DP DENIED,REGULAR,,AFFIRMED,QUE,NOT APPLICABLE,FEDERAL,INDETERMINATE,MALE,NORTH AMERICAN,ABORIGINAL,MURDER 2
2009-2010,DEC,PAPER,DP-PRE,DP DENIED,REGULAR,,AFFIRMED,PRA,EDMONTON,FEDERAL,INDETERMINATE,MALE,NORTH AMERICAN,ABORIGINAL,MURDER 2
2009-2010,SEP,PAPER,DP-PRE,DP DENIED,REGULAR,,AFFIRMED,QUE,NOT APPLICABLE,FEDERAL,INDETERMINATE,MALE,NORTH AMERICAN,ABORIGINAL,MURDER 2
2009-2010,MAR,PAPER,DP-PRE,DP DENIED,REGULAR,,AFFIRMED,PRA,EDMONTON,FEDERAL,INDETERMINATE,FEMALE,NORTH AMERICAN,ABORIGINAL,MURDER 2
2009-2010,JUL,PAPER,DP-PRE,DP DENIED,REGULAR,,AFFIRMED,PAC,NOT APPLICABLE,FEDERAL,INDETERMINATE,MALE,NORTH AMERICAN,ABORIGINAL,MURDER 1
2009-2010,NOV,PAPER,DP-PRE,DP DENIED,REGULAR,,AFFIRMED,PAC,NOT APPLICABLE,FEDERAL,DETERMINATE,MALE,CHINESE,ASIAN,SCHEDULE 2
2009-2010,MAR,PAPER,DP-PRE,DP DENIED,REGULAR,,AFFIRMED,ONT,NOT APPLICABLE,FEDERAL,DETERMINATE,FEMALE,FILIPINO,OTHER/UNKNOWN,NON SCHEDULE
2009-2010,NOV,PAPER,DP-PRE,DP DENIED,REGULAR,,AFFIRMED,PRA,SASKATOON,PROVINCIAL,DETERMINATE,FEMALE,SOUTH ASIAN,ASIAN,SCHEDULE 2
2009-2010,DEC,PAPER,DP-PRE,DP DENIED,REGULAR,,AFFIRMED,PAC,NOT APPLICABLE,FEDERAL,DETERMINATE,MALE,SOUTH ASIAN,ASIAN,SCHE 1 W/O SEX
2009-2010,FEB,PAPER,DP-PRE,DP DENIED,REGULAR,,AFFIRMED,PAC,NOT APPLICABLE,PROVINCIAL,DETERMINATE,MALE,SOUTH ASIAN,ASIAN,NON SCHEDULE
2009-2010,NOV,PAPER,DP-PRE,DP DENIED,REGULAR,,AFFIRMED,PAC,NOT APPLICABLE,FEDERAL,DETERMINATE,MALE,S. E. ASIAN,ASIAN,SCHE 1 W/O SEX
2009-2010,OCT,PAPER,DP-PRE,DP DENIED,REGULAR,,AFFIRMED,PRA,SASKATOON,FEDERAL,DETERMINATE,MALE,S. E. ASIAN,ASIAN,SCHEDULE 2
2009-2010,AUG,PAPER,DP-PRE,DP DENIED,REGULAR,,AFFIRMED,PAC,NOT APPLICABLE,PROVINCIAL,DETERMINATE,MALE,S. E. ASIAN,ASIAN,NON SCHEDULE
2009-2010,FEB,PAPER,DP-PRE,DP DENIED,REGULAR,,PAN.HEAR.ORDER.,QUE,NOT APPLICABLE,FEDERAL,DETERMINATE,MALE,METIS,ABORIGINAL,SCHE 1 W/O SEX
2009-2010,FEB,PAPER,DP-PRE,DP DENIED,REGULAR,,PAN.HEAR.ORDER.,PAC,NOT APPLICABLE,FEDERAL,DETERMINATE,MALE,FILIPINO,OTHER/UNKNOWN,SCHEDULE 2
2009-2010,JUL,PAPER,DP-PRE,DP NO ACTION,REGULAR,,AFFIRMED,ONT,NOT APPLICABLE,FEDERAL,DETERMINATE,MALE,WHITE,CAUCASIAN,NON SCHEDULE
2009-2010,JUN,PAPER,DP-POST,DP REVOKED,REGULAR,,AFFIRMED,PAC,NOT APPLICABLE,FEDERAL,DETERMINATE,MALE,WHITE,CAUCASIAN,SCHE 1 W/O SEX
2009-2010,MAR,PAPER,DP-POST,DP REVOKED,REGULAR,,AFFIRMED,ONT,NOT APPLICABLE,FEDERAL,DETERMINATE,MALE,WHITE,CAUCASIAN,NON SCHEDULE
2009-2010,AUG,PAPER,DP-POST,DP REVOKED,REGULAR,,AFFIRMED,PRA,SASKATOON,FEDERAL,DETERMINATE,MALE,WHITE,CAUCASIAN,SCHE 1 W/O SEX
2009-2010,JUN,PAPER,DP-POST,DP REVOKED,REGULAR,,AFFIRMED,PRA,EDMONTON,FEDERAL,DETERMINATE,MALE,WHITE,CAUCASIAN,NON SCHEDULE
2009-2010,MAR,PAPER,DP-POST,DP REVOKED,REGULAR,,AFFIRMED,ONT,NOT APPLICABLE,FEDERAL,DETERMINATE,FEMALE,WHITE,CAUCASIAN,NON SCHEDULE
2009-2010,MAR,PAPER,DP-POST,DP REVOKED,REGULAR,,AFFIRMED,QUE,NOT APPLICABLE,FEDERAL,DETERMINATE,MALE,WHITE,CAUCASIAN,SCHE 1 W/O SEX
2009-2010,AUG,PAPER,DP-POST,DP REVOKED,REGULAR,,AFFIRMED,ATL,NOT APPLICABLE,FEDERAL,DETERMINATE,MALE,WHITE,CAUCASIAN,SCHE 1 W/O SEX
2009-2010,AUG,PAPER,DP-POST,DP REVOKED,REGULAR,,AFFIRMED,QUE,NOT APPLICABLE,FEDERAL,DETERMINATE,MALE,WHITE,CAUCASIAN,SCHE 1 WITH SEX
2009-2010,MAY,PAPER,DP-POST,DP REVOKED,REGULAR,,AFFIRMED,ATL,NOT APPLICABLE,FEDERAL,DETERMINATE,MALE,WHITE,CAUCASIAN,SCHE 1 W/O SEX
2009-2010,DEC,PAPER,DP-POST,DP REVOKED,REGULAR,,AFFIRMED,QUE,NOT APPLICABLE,FEDERAL,DETERMINATE,MALE,WHITE,CAUCASIAN,SCHE 1 W/O SEX
2009-2010,APR,PAPER,DP-POST,DP REVOKED,REGULAR,,AFFIRMED,ONT,NOT APPLICABLE,FEDERAL,INDETERMINATE,MALE,WHITE,CAUCASIAN,MURDER 2
2009-2010,NOV,PAPER,DP-POST,DP REVOKED,REGULAR,,AFFIRMED,ONT,NOT APPLICABLE,FEDERAL,INDETERMINATE,MALE,WHITE,CAUCASIAN,MURDER 2
2009-2010,APR,PAPER,DP-POST,DP REVOKED,REGULAR,,AFFIRMED,ONT,NOT APPLICABLE,FEDERAL,INDETERMINATE,MALE,WHITE,CAUCASIAN,MURDER 2
2009-2010,SEP,PAPER,DP-POST,DP REVOKED,REGULAR,,AFFIRMED,PAC,NOT APPLICABLE,FEDERAL,INDETERMINATE,MALE,WHITE,CAUCASIAN,MURDER 2
2009-2010,MAY,PAPER,DP-POST,DP REVOKED,REGULAR,,AFFIRMED,ONT,NOT APPLICABLE,FEDERAL,INDETERMINATE,MALE,NORTH AMERICAN,ABORIGINAL,SCHE 1 W/O SEX
2009-2010,JUN,PAPER,DP-POST,DP REVOKED,REGULAR,,AFFIRMED,QUE,NOT APPLICABLE,FEDERAL,INDETERMINATE,MALE,NORTH AMERICAN,ABORIGINAL,MURDER 2
2009-2010,OCT,PAPER,DP-POST,DP REVOKED,REGULAR,,AFFIRMED,ONT,NOT APPLICABLE,FEDERAL,INDETERMINATE,MALE,NORTH AMERICAN,ABORIGINAL,MURDER 2
2009-2010,FEB,PAPER,DP-POST,DP REVOKED,APR,APR-INITIAL,AFFIRMED,ONT,NOT APPLICABLE,FEDERAL,DETERMINATE,MALE,ARAB/WEST ASIAN,OTHER/UNKNOWN,NON SCHEDULE
2009-2010,DEC,PAPER,DP-POST,DP REVOKED,APR,APR-INITIAL,AFFIRMED,ONT,NOT APPLICABLE,FEDERAL,DETERMINATE,MALE,WHITE,CAUCASIAN,SCHEDULE 2
2009-2010,NOV,PAPER,DP-POST,DP REVOKED,APR,APR-FINAL,AFFIRMED,ATL,NOT APPLICABLE,FEDERAL,DETERMINATE,MALE,WHITE,CAUCASIAN,NON SCHEDULE
2009-2010,JUL,PAPER,DP-POST,DP REVOKED,APR,APR-FINAL,AFFIRMED,ONT,NOT APPLICABLE,FEDERAL,DETERMINATE,MALE,NORTH AMERICAN,ABORIGINAL,SCHEDULE 2
2009-2010,SEP,PAPER,UTA-PRE,UTA NOT AUTHOR.,REGULAR,,AFFIRMED,ONT,NOT APPLICABLE,FEDERAL,DETERMINATE,MALE,BLACK,BLACK,SCHE 1 W/O SEX
2009-2010,JUN,PAPER,UTA-PRE,UTA NOT AUTHOR.,REGULAR,,AFFIRMED,ONT,NOT APPLICABLE,FEDERAL,INDETERMINATE,MALE,WHITE,CAUCASIAN,MURDER 1
2009-2010,OCT,PAPER,UTA-PRE,UTA NOT AUTHOR.,REGULAR,,AFFIRMED,ONT,NOT APPLICABLE,FEDERAL,INDETERMINATE,MALE,NORTH AMERICAN,ABORIGINAL,MURDER 2
2009-2010,JUN,PAPER,UTA-PRE,UTA NOT AUTHOR.,REGULAR,,AFFIRMED,ONT,NOT APPLICABLE,FEDERAL,INDETERMINATE,MALE,NORTH AMERICAN,ABORIGINAL,MURDER 2
2009-2010,APR,PAPER,UTA-PRE,UTA NOT AUTHOR.,REGULAR,,AFFIRMED,PRA,SASKATOON,FEDERAL,INDETERMINATE,MALE,WHITE,CAUCASIAN,SCHE 1 WITH SEX
2009-2010,MAY,PAPER,UTA-PRE,UTA NOT AUTHOR.,REGULAR,,AFFIRMED,PAC,NOT APPLICABLE,FEDERAL,INDETERMINATE,MALE,WHITE,CAUCASIAN,MURDER 1
2009-2010,JUL,PAPER,UTA-PRE,UTA NOT AUTHOR.,REGULAR,,AFFIRMED,PAC,NOT APPLICABLE,FEDERAL,INDETERMINATE,MALE,NORTH AMERICAN,ABORIGINAL,MURDER 1
2009-2010,SEP,PAPER,UTA-PRE,UTA NOT AUTHOR.,REGULAR,,AFFIRMED,PRA,EDMONTON,FEDERAL,INDETERMINATE,MALE,WHITE,CAUCASIAN,SCHE 1 W/O SEX
2009-2010,NOV,PAPER,UTA-PRE,UTA NOT AUTHOR.,REGULAR,,AFFIRMED,PRA,EDMONTON,FEDERAL,INDETERMINATE,MALE,WHITE,CAUCASIAN,MURDER 2
2009-2010,NOV,PAPER,UTA-PRE,UTA NOT AUTHOR.,REGULAR,,AFFIRMED,PRA,EDMONTON,FEDERAL,INDETERMINATE,MALE,WHITE,CAUCASIAN,MURDER 2
2009-2010,NOV,PAPER,UTA-PRE,UTA NOT AUTHOR.,REGULAR,,AFFIRMED,PRA,EDMONTON,FEDERAL,INDETERMINATE,MALE,WHITE,CAUCASIAN,MURDER 2
2009-2010,NOV,PAPER,UTA-PRE,UTA NOT AUTHOR.,REGULAR,,AFFIRMED,PRA,EDMONTON,FEDERAL,INDETERMINATE,MALE,WHITE,CAUCASIAN,MURDER 2
2009-2010,OCT,PAPER,UTA-PRE,UTA NOT AUTHOR.,REGULAR,,AFFIRMED,PRA,EDMONTON,FEDERAL,INDETERMINATE,MALE,WHITE,CAUCASIAN,MURDER 2
2009-2010,NOV,PAPER,UTA-PRE,UTA NOT AUTHOR.,REGULAR,,AFFIRMED,PRA,EDMONTON,FEDERAL,INDETERMINATE,MALE,WHITE,CAUCASIAN,MURDER 2
2009-2010,APR,PAPER,UTA-PRE,UTA NOT AUTHOR.,REGULAR,,AFFIRMED,QUE,NOT APPLICABLE,FEDERAL,INDETERMINATE,MALE,WHITE,CAUCASIAN,MURDER 1
2009-2010,MAY,PAPER,UTA-PRE,UTA NOT AUTHOR.,REGULAR,,AFFIRMED,PAC,NOT APPLICABLE,FEDERAL,INDETERMINATE,MALE,WHITE,CAUCASIAN,MURDER 1
2009-2010,NOV,PAPER,UTA-PRE,UTA AUT.CAN.PRE,REGULAR,,AFFIRMED,ONT,NOT APPLICABLE,FEDERAL,INDETERMINATE,MALE,WHITE,CAUCASIAN,MURDER 2
2009-2010,AUG,PAPER,UTA-POST,UTA AUTH.CAN.PT,REGULAR,,AFFIRMED,ONT,NOT APPLICABLE,FEDERAL,INDETERMINATE,MALE,WHITE,CAUCASIAN,MURDER 1
2009-2010,MAR,PAPER,SR-POST,SR REVOKED,REGULAR,,AFFIRMED,ONT,NOT APPLICABLE,FEDERAL,DETERMINATE,MALE,BLACK,BLACK,SCHE 1 W/O SEX
2009-2010,SEP,PAPER,SR-POST,SR REVOKED,REGULAR,,AFFIRMED,ATL,NOT APPLICABLE,FEDERAL,DETERMINATE,MALE,BLACK,BLACK,NON SCHEDULE
2009-2010,JUL,PAPER,SR-POST,SR REVOKED,REGULAR,,AFFIRMED,PRA,EDMONTON,FEDERAL,DETERMINATE,MALE,BLACK,BLACK,SCHE 1 W/O SEX
2009-2010,JAN,PAPER,SR-POST,SR REVOKED,REGULAR,,AFFIRMED,ONT,NOT APPLICABLE,FEDERAL,DETERMINATE,MALE,BLACK,BLACK,SCHE 1 W/O SEX
2009-2010,APR,PAPER,SR-POST,SR REVOKED,REGULAR,,AFFIRMED,ONT,NOT APPLICABLE,FEDERAL,DETERMINATE,MALE,BLACK,BLACK,SCHEDULE 2
2009-2010,JUN,PAPER,SR-POST,SR REVOKED,REGULAR,,AFFIRMED,PAC,NOT APPLICABLE,FEDERAL,DETERMINATE,MALE,WHITE,CAUCASIAN,SCHE 1 W/O SEX
2009-2010,JUN,PAPER,SR-POST,SR REVOKED,REGULAR,,AFFIRMED,QUE,NOT APPLICABLE,FEDERAL,DETERMINATE,MALE,WHITE,CAUCASIAN,SCHE 1 W/O SEX
2009-2010,NOV,PAPER,SR-POST,SR REVOKED,REGULAR,,AFFIRMED,QUE,NOT APPLICABLE,FEDERAL,DETERMINATE,MALE,WHITE,CAUCASIAN,SCHE 1 W/O SEX
2009-2010,MAR,PAPER,SR-POST,SR REVOKED,REGULAR,,AFFIRMED,ONT,NOT APPLICABLE,FEDERAL,DETERMINATE,MALE,WHITE,CAUCASIAN,SCHE 1 W/O SEX
2009-2010,AUG,PAPER,SR-POST,SR REVOKED,REGULAR,,AFFIRMED,PAC,NOT APPLICABLE,FEDERAL,DETERMINATE,MALE,WHITE,CAUCASIAN,SCHE 1 W/O SEX
2009-2010,NOV,PAPER,SR-POST,SR REVOKED,REGULAR,,AFFIRMED,PRA,EDMONTON,FEDERAL,DETERMINATE,MALE,WHITE,CAUCASIAN,SCHE 1 WITH SEX
2009-2010,NOV,PAPER,SR-POST,SR REVOKED,REGULAR,,AFFIRMED,PRA,EDMONTON,FEDERAL,DETERMINATE,MALE,WHITE,CAUCASIAN,SCHE 1 WITH SEX
2009-2010,FEB,PAPER,SR-POST,SR REVOKED,REGULAR,,AFFIRMED,QUE,NOT APPLICABLE,FEDERAL,DETERMINATE,MALE,WHITE,CAUCASIAN,SCHEDULE 2
2009-2010,OCT,PAPER,SR-POST,SR REVOKED,REGULAR,,AFFIRMED,QUE,NOT APPLICABLE,FEDERAL,DETERMINATE,MALE,WHITE,CAUCASIAN,SCHE 1 W/O SEX
2009-2010,DEC,PAPER,SR-POST,SR REVOKED,REGULAR,,AFFIRMED,PAC,NOT APPLICABLE,FEDERAL,DETERMINATE,MALE,WHITE,CAUCASIAN,SCHE 1 W/O SEX
2009-2010,SEP,PAPER,SR-POST,SR REVOKED,REGULAR,,AFFIRMED,QUE,NOT APPLICABLE,FEDERAL,DETERMINATE,MALE,WHITE,CAUCASIAN,SCHEDULE 2
2009-2010,MAY,PAPER,SR-POST,SR REVOKED,REGULAR,,AFFIRMED,QUE,NOT APPLICABLE,FEDERAL,DETERMINATE,MALE,WHITE,CAUCASIAN,SCHE 1 W/O SEX
2009-2010,SEP,PAPER,SR-POST,SR REVOKED,REGULAR,,AFFIRMED,ATL,NOT APPLICABLE,FEDERAL,DETERMINATE,MALE,WHITE,CAUCASIAN,SCHE 1 W/O SEX
2009-2010,NOV,PAPER,SR-POST,SR REVOKED,REGULAR,,AFFIRMED,ONT,NOT APPLICABLE,FEDERAL,DETERMINATE,MALE,WHITE,CAUCASIAN,NON SCHEDULE
2009-2010,APR,PAPER,SR-POST,SR REVOKED,REGULAR,,AFFIRMED,QUE,NOT APPLICABLE,FEDERAL,DETERMINATE,MALE,WHITE,CAUCASIAN,SCHEDULE 2
2009-2010,NOV,PAPER,SR-POST,SR REVOKED,REGULAR,,AFFIRMED,QUE,NOT APPLICABLE,FEDERAL,DETERMINATE,MALE,WHITE,CAUCASIAN,SCHE 1 W/O SEX
2009-2010,JUN,PAPER,SR-POST,SR REVOKED,REGULAR,,AFFIRMED,QUE,NOT APPLICABLE,FEDERAL,DETERMINATE,MALE,WHITE,CAUCASIAN,SCHE 1 W/O SEX
2009-2010,OCT,PAPER,SR-POST,SR REVOKED,REGULAR,,AFFIRMED,ONT,NOT APPLICABLE,FEDERAL,DETERMINATE,MALE,WHITE,CAUCASIAN,SCHE 1 W/O SEX
2009-2010,JUL,PAPER,SR-POST,SR REVOKED,REGULAR,,AFFIRMED,ONT,NOT APPLICABLE,FEDERAL,DETERMINATE,MALE,WHITE,CAUCASIAN,NON SCHEDULE
2009-2010,APR,PAPER,SR-POST,SR REVOKED,REGULAR,,AFFIRMED,PAC,NOT APPLICABLE,FEDERAL,DETERMINATE,MALE,WHITE,CAUCASIAN,SCHE 1 W/O SEX
2009-2010,OCT,PAPER,SR-POST,SR REVOKED,REGULAR,,AFFIRMED,QUE,NOT APPLICABLE,FEDERAL,DETERMINATE,MALE,WHITE,CAUCASIAN,SCHE 1 W/O SEX
2009-2010,DEC,PAPER,SR-POST,SR REVOKED,REGULAR,,AFFIRMED,ONT,NOT APPLICABLE,FEDERAL,DETERMINATE,MALE,WHITE,CAUCASIAN,SCHEDULE 2
2009-2010,AUG,PAPER,SR-POST,SR REVOKED,REGULAR,,AFFIRMED,ONT,NOT APPLICABLE,FEDERAL,DETERMINATE,MALE,WHITE,CAUCASIAN,SCHE 1 WITH SEX
2009-2010,NOV,PAPER,SR-POST,SR REVOKED,REGULAR,,AFFIRMED,PAC,NOT APPLICABLE,FEDERAL,DETERMINATE,MALE,WHITE,CAUCASIAN,SCHE 1 W/O SEX
2009-2010,OCT,PAPER,SR-POST,SR REVOKED,REGULAR,,AFFIRMED,QUE,NOT APPLICABLE,FEDERAL,DETERMINATE,MALE,WHITE,CAUCASIAN,SCHE 1 W/O SEX
2009-2010,FEB,PAPER,SR-POST,SR REVOKED,REGULAR,,AFFIRMED,QUE,NOT APPLICABLE,FEDERAL,DETERMINATE,MALE,WHITE,CAUCASIAN,SCHE 1 W/O SEX
2009-2010,FEB,PAPER,SR-POST,SR REVOKED,REGULAR,,AFFIRMED,ONT,NOT APPLICABLE,FEDERAL,DETERMINATE,MALE,WHITE,CAUCASIAN,SCHE 1 W/O SEX
2009-2010,MAR,PAPER,SR-POST,SR REVOKED,REGULAR,,AFFIRMED,ONT,NOT APPLICABLE,FEDERAL,DETERMINATE,MALE,WHITE,CAUCASIAN,NON SCHEDULE
2009-2010,DEC,PAPER,SR-POST,SR REVOKED,REGULAR,,AFFIRMED,QUE,NOT APPLICABLE,FEDERAL,DETERMINATE,MALE,WHITE,CAUCASIAN,SCHE 1 W/O SEX
2009-2010,SEP,PAPER,SR-POST,SR REVOKED,REGULAR,,AFFIRMED,PAC,NOT APPLICABLE,FEDERAL,DETERMINATE,MALE,WHITE,CAUCASIAN,SCHE 1 WITH SEX
2009-2010,AUG,PAPER,SR-POST,SR REVOKED,REGULAR,,AFFIRMED,QUE,NOT APPLICABLE,FEDERAL,DETERMINATE,MALE,METIS,ABORIGINAL,SCHE 1 W/O SEX
2009-2010,SEP,PAPER,SR-POST,SR REVOKED,REGULAR,,AFFIRMED,QUE,NOT APPLICABLE,FEDERAL,DETERMINATE,MALE,METIS,ABORIGINAL,SCHE 1 W/O SEX
2009-2010,JUN,PAPER,SR-POST,SR REVOKED,REGULAR,,AFFIRMED,PRA,EDMONTON,FEDERAL,DETERMINATE,MALE,NORTH AMERICAN,ABORIGINAL,SCHE 1 W/O SEX
2009-2010,JUN,PAPER,SR-POST,SR REVOKED,REGULAR,,AFFIRMED,ONT,NOT APPLICABLE,FEDERAL,DETERMINATE,MALE,NORTH AMERICAN,ABORIGINAL,SCHE 1 W/O SEX
2009-2010,APR,PAPER,SR-POST,SR REVOKED,REGULAR,,AFFIRMED,PAC,NOT APPLICABLE,FEDERAL,DETERMINATE,MALE,S. E. ASIAN,ASIAN,SCHE 1 W/O SEX
2009-2010,FEB,PAPER,SR-POST,STA.REL.REV.CON,REGULAR,,AFFIRMED,QUE,NOT APPLICABLE,FEDERAL,DETERMINATE,MALE,WHITE,CAUCASIAN,NON SCHEDULE
2009-2010,SEP,PAPER,DETENTION,DETENT. ORDERED,REGULAR,,AFFIRMED,QUE,NOT APPLICABLE,FEDERAL,DETERMINATE,MALE,ARAB/WEST ASIAN,OTHER/UNKNOWN,SCHE 1 W/O SEX
2009-2010,OCT,PAPER,DETENTION,DETENT. ORDERED,REGULAR,,AFFIRMED,QUE,NOT APPLICABLE,FEDERAL,DETERMINATE,MALE,ARAB/WEST ASIAN,OTHER/UNKNOWN,SCHE 1 W/O SEX
2009-2010,MAR,PAPER,DETENTION,DETENT. ORDERED,REGULAR,,AFFIRMED,ONT,NOT APPLICABLE,FEDERAL,DETERMINATE,MALE,BLACK,BLACK,SCHE 1 WITH SEX
2009-2010,JAN,PAPER,DETENTION,DETENT. ORDERED,REGULAR,,AFFIRMED,ONT,NOT APPLICABLE,FEDERAL,DETERMINATE,MALE,BLACK,BLACK,SCHE 1 WITH SEX
2009-2010,AUG,PAPER,DETENTION,DETENT. ORDERED,REGULAR,,AFFIRMED,ONT,NOT APPLICABLE,FEDERAL,DETERMINATE,MALE,BLACK,BLACK,SCHE 1 WITH SEX
2009-2010,JAN,PAPER,DETENTION,DETENT. ORDERED,REGULAR,,AFFIRMED,PRA,EDMONTON,FEDERAL,DETERMINATE,MALE,WHITE,CAUCASIAN,SCHE 1 WITH SEX
2009-2010,MAY,PAPER,DETENTION,DETENT. ORDERED,REGULAR,,AFFIRMED,PRA,SASKATOON,FEDERAL,DETERMINATE,MALE,WHITE,CAUCASIAN,SCHE 1 WITH SEX
2009-2010,DEC,PAPER,DETENTION,DETENT. ORDERED,REGULAR,,AFFIRMED,ATL,NOT APPLICABLE,FEDERAL,DETERMINATE,MALE,WHITE,CAUCASIAN,SCHE 1 WITH SEX
2009-2010,MAY,PAPER,DETENTION,DETENT. ORDERED,REGULAR,,AFFIRMED,QUE,NOT APPLICABLE,FEDERAL,DETERMINATE,MALE,WHITE,CAUCASIAN,SCHE 1 W/O SEX
2009-2010,JAN,PAPER,DETENTION,DETENT. ORDERED,REGULAR,,AFFIRMED,QUE,NOT APPLICABLE,FEDERAL,DETERMINATE,MALE,WHITE,CAUCASIAN,SCHEDULE 2
2009-2010,MAY,PAPER,DETENTION,DETENT. ORDERED,REGULAR,,AFFIRMED,PRA,SASKATOON,FEDERAL,DETERMINATE,MALE,WHITE,CAUCASIAN,SCHE 1 W/O SEX
2009-2010,FEB,PAPER,DETENTION,DETENT. ORDERED,REGULAR,,AFFIRMED,ONT,NOT APPLICABLE,FEDERAL,DETERMINATE,MALE,WHITE,CAUCASIAN,SCHE 1 W/O SEX
2009-2010,APR,PAPER,DETENTION,DETENT. ORDERED,REGULAR,,AFFIRMED,QUE,NOT APPLICABLE,FEDERAL,DETERMINATE,MALE,WHITE,CAUCASIAN,SCHE 1 W/O SEX
2009-2010,MAY,PAPER,DETENTION,DETENT. ORDERED,REGULAR,,AFFIRMED,QUE,NOT APPLICABLE,FEDERAL,DETERMINATE,MALE,WHITE,CAUCASIAN,SCHE 1 W/O SEX
2009-2010,APR,PAPER,DETENTION,DETENT. ORDERED,REGULAR,,AFFIRMED,QUE,NOT APPLICABLE,FEDERAL,DETERMINATE,MALE,WHITE,CAUCASIAN,SCHE 1 WITH SEX
2009-2010,MAR,PAPER,DETENTION,DETENT. ORDERED,REGULAR,,AFFIRMED,QUE,NOT APPLICABLE,FEDERAL,DETERMINATE,MALE,WHITE,CAUCASIAN,SCHE 1 WITH SEX
2009-2010,AUG,PAPER,DETENTION,DETENT. ORDERED,REGULAR,,AFFIRMED,ONT,NOT APPLICABLE,FEDERAL,DETERMINATE,MALE,WHITE,CAUCASIAN,NON SCHEDULE
2009-2010,JUL,PAPER,DETENTION,DETENT. ORDERED,REGULAR,,AFFIRMED,ATL,NOT APPLICABLE,FEDERAL,DETERMINATE,MALE,WHITE,CAUCASIAN,SCHE 1 W/O SEX
2009-2010,NOV,PAPER,DETENTION,DETENT. ORDERED,REGULAR,,AFFIRMED,PAC,NOT APPLICABLE,FEDERAL,DETERMINATE,MALE,WHITE,CAUCASIAN,SCHE 1 WITH SEX
2009-2010,JAN,PAPER,DETENTION,DETENT. ORDERED,REGULAR,,AFFIRMED,QUE,NOT APPLICABLE,FEDERAL,DETERMINATE,MALE,WHITE,CAUCASIAN,SCHE 1 W/O SEX
2009-2010,SEP,PAPER,DETENTION,DETENT. ORDERED,REGULAR,,AFFIRMED,QUE,NOT APPLICABLE,FEDERAL,DETERMINATE,MALE,WHITE,CAUCASIAN,SCHE 1 WITH SEX
2009-2010,APR,PAPER,DETENTION,DETENT. ORDERED,REGULAR,,AFFIRMED,PRA,EDMONTON,FEDERAL,DETERMINATE,MALE,WHITE,CAUCASIAN,SCHE 1 WITH SEX
2009-2010,JUL,PAPER,DETENTION,DETENT. ORDERED,REGULAR,,AFFIRMED,ONT,NOT APPLICABLE,FEDERAL,DETERMINATE,MALE,WHITE,CAUCASIAN,SCHE 1 W/O SEX
2009-2010,DEC,PAPER,DETENTION,DETENT. ORDERED,REGULAR,,AFFIRMED,ONT,NOT APPLICABLE,FEDERAL,DETERMINATE,MALE,WHITE,CAUCASIAN,NON SCHEDULE
2009-2010,DEC,PAPER,DETENTION,DETENT. ORDERED,REGULAR,,AFFIRMED,ONT,NOT APPLICABLE,FEDERAL,DETERMINATE,MALE,WHITE,CAUCASIAN,SCHE 1 W/O SEX
2009-2010,OCT,PAPER,DETENTION,DETENT. ORDERED,REGULAR,,AFFIRMED,QUE,NOT APPLICABLE,FEDERAL,DETERMINATE,MALE,WHITE,CAUCASIAN,SCHE 1 W/O SEX
2009-2010,SEP,PAPER,DETENTION,DETENT. ORDERED,REGULAR,,AFFIRMED,PAC,NOT APPLICABLE,FEDERAL,DETERMINATE,MALE,WHITE,CAUCASIAN,SCHE 1 WITH SEX
2009-2010,OCT,PAPER,DETENTION,DETENT. ORDERED,REGULAR,,AFFIRMED,QUE,NOT APPLICABLE,FEDERAL,DETERMINATE,MALE,WHITE,CAUCASIAN,SCHE 1 WITH SEX
2009-2010,APR,PAPER,DETENTION,DETENT. ORDERED,REGULAR,,AFFIRMED,PAC,NOT APPLICABLE,FEDERAL,DETERMINATE,MALE,METIS,ABORIGINAL,NON SCHEDULE
2009-2010,NOV,PAPER,DETENTION,DETENT. ORDERED,REGULAR,,AFFIRMED,PRA,EDMONTON,FEDERAL,DETERMINATE,FEMALE,METIS,ABORIGINAL,SCHE 1 W/O SEX
2009-2010,NOV,PAPER,DETENTION,DETENT. ORDERED,REGULAR,,AFFIRMED,ONT,NOT APPLICABLE,FEDERAL,DETERMINATE,MALE,NORTH AMERICAN,ABORIGINAL,SCHE 1 W/O SEX
2009-2010,SEP,PAPER,DETENTION,DETENT. ORDERED,REGULAR,,AFFIRMED,PRA,SASKATOON,FEDERAL,DETERMINATE,MALE,NORTH AMERICAN,ABORIGINAL,SCHE 1 W/O SEX
2009-2010,AUG,PAPER,DETENTION,DETENT. ORDERED,REGULAR,,AFFIRMED,PRA,EDMONTON,FEDERAL,DETERMINATE,MALE,NORTH AMERICAN,ABORIGINAL,SCHE 1 W/O SEX
2009-2010,MAY,PAPER,DETENTION,DETENT. ORDERED,REGULAR,,AFFIRMED,PRA,EDMONTON,FEDERAL,DETERMINATE,MALE,NORTH AMERICAN,ABORIGINAL,NON SCHEDULE
2009-2010,JUN,PAPER,DETENTION,DETENT. ORDERED,REGULAR,,AFFIRMED,PRA,EDMONTON,FEDERAL,DETERMINATE,MALE,NORTH AMERICAN,ABORIGINAL,SCHE 1 WITH SEX
2009-2010,FEB,PAPER,DETENTION,DETENT. ORDERED,REGULAR,,AFFIRMED,QUE,NOT APPLICABLE,FEDERAL,DETERMINATE,MALE,OTHER,OTHER/UNKNOWN,SCHE 1 W/O SEX
2009-2010,JUL,PAPER,DETENTION,DETENT. ORDERED,REGULAR,,AFFIRMED,ONT,NOT APPLICABLE,FEDERAL,DETERMINATE,MALE,OTHER,OTHER/UNKNOWN,SCHE 1 WITH SEX
2009-2010,JAN,PAPER,DETENTION,DETENT. ORDERED,REGULAR,,AFFIRMED,PRA,SASKATOON,FEDERAL,DETERMINATE,MALE,S. E. ASIAN,ASIAN,SCHE 1 W/O SEX
2009-2010,SEP,PAPER,DETENTION,DETENT. ORDERED,REGULAR,,AFFIRMED,QUE,NOT APPLICABLE,FEDERAL,DETERMINATE,MALE,S. E. ASIAN,ASIAN,SCHE 1 W/O SEX
2009-2010,AUG,PAPER,DETENTION,DETENT. ORDERED,REGULAR,,PAN.HEAR.ORDER.,QUE,NOT APPLICABLE,FEDERAL,DETERMINATE,MALE,WHITE,CAUCASIAN,SCHE 1 W/O SEX
2009-2010,AUG,PAPER,DETENTION,1 CHANCE SR,REGULAR,,AFFIRMED,PAC,NOT APPLICABLE,FEDERAL,DETERMINATE,MALE,NORTH AMERICAN,ABORIGINAL,SCHE 1 WITH SEX
2009-2010,AUG,PAPER,DETENTION,1 CHANCE SR,REGULAR,,AFFIRMED,PAC,NOT APPLICABLE,FEDERAL,DETERMINATE,MALE,NORTH AMERICAN,ABORIGINAL,SCHE 1 WITH SEX
2009-2010,AUG,PAPER,DETENTION,1 CHANCE SR,REGULAR,,PAN.HEAR.ORDER.,PAC,NOT APPLICABLE,FEDERAL,DETERMINATE,MALE,NORTH AMERICAN,ABORIGINAL,SCHE 1 WITH SEX
2009-2010,AUG,PAPER,DETENTION,1 CHANCE SR,REGULAR,,PAN.HEAR.ORDER.,PAC,NOT APPLICABLE,FEDERAL,DETERMINATE,MALE,NORTH AMERICAN,ABORIGINAL,SCHE 1 WITH SEX
2009-2010,NOV,PAPER,DETENTION,DET ORD.CONFIR.,REGULAR,,AFFIRMED,ONT,NOT APPLICABLE,FEDERAL,DETERMINATE,MALE,BLACK,BLACK,SCHE 1 W/O SEX
2009-2010,OCT,PAPER,DETENTION,DET ORD.CONFIR.,REGULAR,,AFFIRMED,ONT,NOT APPLICABLE,FEDERAL,DETERMINATE,MALE,BLACK,BLACK,SCHE 1 W/O SEX
2009-2010,DEC,PAPER,DETENTION,DET ORD.CONFIR.,REGULAR,,AFFIRMED,PAC,NOT APPLICABLE,FEDERAL,DETERMINATE,MALE,BLACK,BLACK,SCHE 1 W/O SEX
2009-2010,AUG,PAPER,DETENTION,DET ORD.CONFIR.,REGULAR,,AFFIRMED,QUE,NOT APPLICABLE,FEDERAL,DETERMINATE,MALE,WHITE,CAUCASIAN,SCHE 1 WITH SEX
2009-2010,MAR,PAPER,DETENTION,DET ORD.CONFIR.,REGULAR,,AFFIRMED,QUE,NOT APPLICABLE,FEDERAL,DETERMINATE,MALE,WHITE,CAUCASIAN,SCHE 1 W/O SEX
2009-2010,JUN,PAPER,DETENTION,DET ORD.CONFIR.,REGULAR,,AFFIRMED,QUE,NOT APPLICABLE,FEDERAL,DETERMINATE,MALE,WHITE,CAUCASIAN,SCHE 1 W/O SEX
2009-2010,MAY,PAPER,DETENTION,DET ORD.CONFIR.,REGULAR,,AFFIRMED,PRA,SASKATOON,FEDERAL,DETERMINATE,MALE,WHITE,CAUCASIAN,SCHE 1 WITH SEX
2009-2010,NOV,PAPER,DETENTION,DET ORD.CONFIR.,REGULAR,,AFFIRMED,PRA,SASKATOON,FEDERAL,DETERMINATE,MALE,WHITE,CAUCASIAN,SCHE 1 W/O SEX
2009-2010,OCT,PAPER,DETENTION,DET ORD.CONFIR.,REGULAR,,AFFIRMED,QUE,NOT APPLICABLE,FEDERAL,DETERMINATE,MALE,WHITE,CAUCASIAN,SCHE 1 WITH SEX
2009-2010,JAN,PAPER,DETENTION,DET ORD.CONFIR.,REGULAR,,AFFIRMED,PRA,SASKATOON,FEDERAL,DETERMINATE,MALE,WHITE,CAUCASIAN,SCHE 1 W/O SEX
2009-2010,DEC,PAPER,DETENTION,DET ORD.CONFIR.,REGULAR,,AFFIRMED,ONT,NOT APPLICABLE,FEDERAL,DETERMINATE,MALE,WHITE,CAUCASIAN,SCHE 1 W/O SEX
2009-2010,SEP,PAPER,DETENTION,DET ORD.CONFIR.,REGULAR,,AFFIRMED,QUE,NOT APPLICABLE,FEDERAL,DETERMINATE,MALE,WHITE,CAUCASIAN,SCHE 1 W/O SEX
2009-2010,FEB,PAPER,DETENTION,DET ORD.CONFIR.,REGULAR,,AFFIRMED,PRA,SASKATOON,FEDERAL,DETERMINATE,MALE,WHITE,CAUCASIAN,SCHE 1 WITH SEX
2009-2010,JUL,PAPER,DETENTION,DET ORD.CONFIR.,REGULAR,,AFFIRMED,QUE,NOT APPLICABLE,FEDERAL,DETERMINATE,MALE,METIS,ABORIGINAL,SCHE 1 W/O SEX
2009-2010,AUG,PAPER,DETENTION,DET ORD.CONFIR.,REGULAR,,AFFIRMED,ONT,NOT APPLICABLE,FEDERAL,DETERMINATE,MALE,NORTH AMERICAN,ABORIGINAL,SCHE 1 W/O SEX
2009-2010,FEB,PAPER,DETENTION,DET ORD.CONFIR.,REGULAR,,PAN.HEAR.ORDER.,PRA,SASKATOON,FEDERAL,DETERMINATE,MALE,WHITE,CAUCASIAN,SCHE 1 WITH SEX
2009-2010,MAY,PAPER,ETA,ETA NOT APPR.,REGULAR,,AFFIRMED,ONT,NOT APPLICABLE,FEDERAL,INDETERMINATE,MALE,ASIATIC,ASIAN,MURDER 1
2009-2010,NOV,PAPER,ETA,ETA NOT APPR.,REGULAR,,AFFIRMED,ONT,NOT APPLICABLE,FEDERAL,INDETERMINATE,MALE,WHITE,CAUCASIAN,MURDER 2
2009-2010,JUN,PAPER,ETA,ETA NOT APPR.,REGULAR,,PAN.HEAR.ORDER.,PAC,NOT APPLICABLE,FEDERAL,INDETERMINATE,MALE,WHITE,CAUCASIAN,MURDER 1
2009-2010,FEB,PAPER,FP-POST,FP REV R N RECR,REGULAR,,REVIEW ORDERED,PAC,NOT APPLICABLE,PROVINCIAL,DETERMINATE,MALE,S. E. ASIAN,ASIAN,SCHEDULE 2
2009-2010,FEB,PAPER,DP-POST,DP REV R N RECR,REGULAR,,AFFIRMED,PAC,NOT APPLICABLE,PROVINCIAL,DETERMINATE,MALE,WHITE,CAUCASIAN,NON SCHEDULE
2009-2010,APR,PAPER,DP-PRE,DAY PAR NOT DIR,APR,APR-FINAL,AFFIRMED,ONT,NOT APPLICABLE,FEDERAL,DETERMINATE,MALE,UNK,OTHER/UNKNOWN,NON SCHEDULE
2009-2010,NOV,PAPER,DP-PRE,DAY PAR NOT DIR,APR,APR-FINAL,AFFIRMED,PAC,NOT APPLICABLE,FEDERAL,DETERMINATE,MALE,ARAB/WEST ASIAN,OTHER/UNKNOWN,SCHEDULE 2
2009-2010,MAY,PAPER,DP-PRE,DAY PAR NOT DIR,APR,APR-FINAL,AFFIRMED,PRA,EDMONTON,FEDERAL,DETERMINATE,MALE,BLACK,BLACK,SCHEDULE 2
2009-2010,NOV,PAPER,DP-PRE,DAY PAR NOT DIR,APR,APR-FINAL,AFFIRMED,ONT,NOT APPLICABLE,FEDERAL,DETERMINATE,MALE,BLACK,BLACK,NON SCHEDULE
2009-2010,JUN,PAPER,DP-PRE,DAY PAR NOT DIR,APR,APR-FINAL,AFFIRMED,ONT,NOT APPLICABLE,FEDERAL,DETERMINATE,MALE,BLACK,BLACK,NON SCHEDULE
2009-2010,JUN,PAPER,DP-PRE,DAY PAR NOT DIR,APR,APR-FINAL,AFFIRMED,ONT,NOT APPLICABLE,FEDERAL,DETERMINATE,MALE,BLACK,BLACK,SCHEDULE 2
2009-2010,MAR,PAPER,DP-PRE,DAY PAR NOT DIR,APR,APR-FINAL,AFFIRMED,ONT,NOT APPLICABLE,FEDERAL,DETERMINATE,MALE,BLACK,BLACK,NON SCHEDULE
2009-2010,JAN,PAPER,DP-PRE,DAY PAR NOT DIR,APR,APR-FINAL,AFFIRMED,ONT,NOT APPLICABLE,FEDERAL,DETERMINATE,MALE,BLACK,BLACK,NON SCHEDULE
2009-2010,JAN,PAPER,DP-PRE,DAY PAR NOT DIR,APR,APR-FINAL,AFFIRMED,ONT,NOT APPLICABLE,FEDERAL,DETERMINATE,MALE,WHITE,CAUCASIAN,NON SCHEDULE
2009-2010,FEB,PAPER,DP-PRE,DAY PAR NOT DIR,APR,APR-FINAL,AFFIRMED,QUE,NOT APPLICABLE,FEDERAL,DETERMINATE,MALE,WHITE,CAUCASIAN,SCHEDULE 2
2009-2010,JUN,PAPER,DP-PRE,DAY PAR NOT DIR,APR,APR-FINAL,AFFIRMED,ONT,NOT APPLICABLE,FEDERAL,DETERMINATE,MALE,WHITE,CAUCASIAN,SCHEDULE 2
2009-2010,JUL,PAPER,DP-PRE,DAY PAR NOT DIR,APR,APR-FINAL,AFFIRMED,ONT,NOT APPLICABLE,FEDERAL,DETERMINATE,MALE,WHITE,CAUCASIAN,SCHEDULE 2
2009-2010,SEP,PAPER,DP-PRE,DAY PAR NOT DIR,APR,APR-FINAL,AFFIRMED,QUE,NOT APPLICABLE,FEDERAL,DETERMINATE,MALE,WHITE,CAUCASIAN,NON SCHEDULE
2009-2010,NOV,PAPER,DP-PRE,DAY PAR NOT DIR,APR,APR-FINAL,AFFIRMED,PRA,SASKATOON,FEDERAL,DETERMINATE,MALE,WHITE,CAUCASIAN,SCHEDULE 2
2009-2010,SEP,PAPER,DP-PRE,DAY PAR NOT DIR,APR,APR-FINAL,AFFIRMED,QUE,NOT APPLICABLE,FEDERAL,DETERMINATE,MALE,WHITE,CAUCASIAN,SCHEDULE 2
2009-2010,JUN,PAPER,DP-PRE,DAY PAR NOT DIR,APR,APR-FINAL,AFFIRMED,QUE,NOT APPLICABLE,FEDERAL,DETERMINATE,MALE,WHITE,CAUCASIAN,SCHEDULE 2
2009-2010,JUN,PAPER,DP-PRE,DAY PAR NOT DIR,APR,APR-FINAL,AFFIRMED,ATL,NOT APPLICABLE,FEDERAL,DETERMINATE,MALE,WHITE,CAUCASIAN,SCHE 1 W/O SEX
2009-2010,AUG,PAPER,DP-PRE,DAY PAR NOT DIR,APR,APR-FINAL,AFFIRMED,ATL,NOT APPLICABLE,FEDERAL,DETERMINATE,MALE,WHITE,CAUCASIAN,SCHEDULE 2
2009-2010,NOV,PAPER,DP-PRE,DAY PAR NOT DIR,APR,APR-FINAL,AFFIRMED,ONT,NOT APPLICABLE,FEDERAL,DETERMINATE,MALE,WHITE,CAUCASIAN,SCHEDULE 2
2009-2010,JUN,PAPER,DP-PRE,DAY PAR NOT DIR,APR,APR-FINAL,AFFIRMED,ATL,NOT APPLICABLE,FEDERAL,DETERMINATE,MALE,WHITE,CAUCASIAN,SCHEDULE 2
2009-2010,SEP,PAPER,DP-PRE,DAY PAR NOT DIR,APR,APR-FINAL,AFFIRMED,QUE,NOT APPLICABLE,FEDERAL,DETERMINATE,MALE,WHITE,CAUCASIAN,SCHE 1 W/O SEX
2009-2010,SEP,PAPER,DP-PRE,DAY PAR NOT DIR,APR,APR-FINAL,AFFIRMED,PRA,EDMONTON,FEDERAL,DETERMINATE,MALE,WHITE,CAUCASIAN,SCHEDULE 2
2009-2010,MAY,PAPER,DP-PRE,DAY PAR NOT DIR,APR,APR-FINAL,AFFIRMED,PRA,SASKATOON,FEDERAL,DETERMINATE,MALE,WHITE,CAUCASIAN,SCHEDULE 2
2009-2010,MAY,PAPER,DP-PRE,DAY PAR NOT DIR,APR,APR-FINAL,AFFIRMED,PAC,NOT APPLICABLE,PROVINCIAL,DETERMINATE,MALE,WHITE,CAUCASIAN,NON SCHEDULE
2009-2010,JUN,PAPER,DP-PRE,DAY PAR NOT DIR,APR,APR-FINAL,AFFIRMED,ONT,NOT APPLICABLE,FEDERAL,DETERMINATE,MALE,WHITE,CAUCASIAN,SCHE 1 W/O SEX
2009-2010,JAN,PAPER,DP-PRE,DAY PAR NOT DIR,APR,APR-FINAL,AFFIRMED,PRA,SASKATOON,FEDERAL,DETERMINATE,MALE,WHITE,CAUCASIAN,NON SCHEDULE
2009-2010,SEP,PAPER,DP-PRE,DAY PAR NOT DIR,APR,APR-FINAL,AFFIRMED,ATL,NOT APPLICABLE,FEDERAL,DETERMINATE,MALE,WHITE,CAUCASIAN,SCHEDULE 2
2009-2010,JUL,PAPER,DP-PRE,DAY PAR NOT DIR,APR,APR-FINAL,AFFIRMED,PAC,NOT APPLICABLE,FEDERAL,DETERMINATE,MALE,WHITE,CAUCASIAN,NON SCHEDULE
2009-2010,OCT,PAPER,DP-PRE,DAY PAR NOT DIR,APR,APR-FINAL,AFFIRMED,QUE,NOT APPLICABLE,FEDERAL,DETERMINATE,MALE,WHITE,CAUCASIAN,NON SCHEDULE
2009-2010,MAR,PAPER,DP-PRE,DAY PAR NOT DIR,APR,APR-FINAL,AFFIRMED,ATL,NOT APPLICABLE,FEDERAL,DETERMINATE,MALE,WHITE,CAUCASIAN,SCHEDULE 2
2009-2010,JUN,PAPER,DP-PRE,DAY PAR NOT DIR,APR,APR-FINAL,AFFIRMED,QUE,NOT APPLICABLE,FEDERAL,DETERMINATE,MALE,WHITE,CAUCASIAN,SCHEDULE 2
2009-2010,SEP,PAPER,DP-PRE,DAY PAR NOT DIR,APR,APR-FINAL,AFFIRMED,QUE,NOT APPLICABLE,FEDERAL,DETERMINATE,MALE,WHITE,CAUCASIAN,NON SCHEDULE
2009-2010,MAR,PAPER,DP-PRE,DAY PAR NOT DIR,APR,APR-FINAL,AFFIRMED,ONT,NOT APPLICABLE,FEDERAL,DETERMINATE,FEMALE,WHITE,CAUCASIAN,SCHE 1 W/O SEX
2009-2010,DEC,PAPER,DP-PRE,DAY PAR NOT DIR,APR,APR-FINAL,AFFIRMED,ONT,NOT APPLICABLE,FEDERAL,DETERMINATE,MALE,WHITE,CAUCASIAN,SCHEDULE 2
2009-2010,MAY,PAPER,DP-PRE,DAY PAR NOT DIR,APR,APR-FINAL,AFFIRMED,ONT,NOT APPLICABLE,FEDERAL,DETERMINATE,MALE,WHITE,CAUCASIAN,SCHEDULE 2
2009-2010,OCT,PAPER,DP-PRE,DAY PAR NOT DIR,APR,APR-FINAL,AFFIRMED,QUE,NOT APPLICABLE,FEDERAL,DETERMINATE,MALE,WHITE,CAUCASIAN,SCHE 1 W/O SEX
2009-2010,MAY,PAPER,DP-PRE,DAY PAR NOT DIR,APR,APR-FINAL,AFFIRMED,QUE,NOT APPLICABLE,FEDERAL,DETERMINATE,MALE,WHITE,CAUCASIAN,SCHEDULE 2
2009-2010,OCT,PAPER,DP-PRE,DAY PAR NOT DIR,APR,APR-FINAL,AFFIRMED,PRA,SASKATOON,FEDERAL,DETERMINATE,MALE,WHITE,CAUCASIAN,SCHEDULE 2
2009-2010,JUN,PAPER,DP-PRE,DAY PAR NOT DIR,APR,APR-FINAL,AFFIRMED,QUE,NOT APPLICABLE,FEDERAL,DETERMINATE,MALE,WHITE,CAUCASIAN,SCHEDULE 2
2009-2010,FEB,PAPER,DP-PRE,DAY PAR NOT DIR,APR,APR-FINAL,AFFIRMED,PRA,SASKATOON,FEDERAL,DETERMINATE,MALE,WHITE,CAUCASIAN,NON SCHEDULE
2009-2010,NOV,PAPER,DP-PRE,DAY PAR NOT DIR,APR,APR-FINAL,AFFIRMED,ONT,NOT APPLICABLE,FEDERAL,DETERMINATE,MALE,WHITE,CAUCASIAN,SCHE 1 W/O SEX
2009-2010,MAY,PAPER,DP-PRE,DAY PAR NOT DIR,APR,APR-FINAL,AFFIRMED,PAC,NOT APPLICABLE,FEDERAL,DETERMINATE,MALE,METIS,ABORIGINAL,SCHEDULE 2
2009-2010,FEB,PAPER,DP-PRE,DAY PAR NOT DIR,APR,APR-FINAL,AFFIRMED,QUE,NOT APPLICABLE,FEDERAL,DETERMINATE,MALE,METIS,ABORIGINAL,SCHE 1 W/O SEX
2009-2010,SEP,PAPER,DP-PRE,DAY PAR NOT DIR,APR,APR-FINAL,AFFIRMED,QUE,NOT APPLICABLE,FEDERAL,DETERMINATE,MALE,METIS,ABORIGINAL,SCHE 1 W/O SEX
2009-2010,MAR,PAPER,DP-PRE,DAY PAR NOT DIR,APR,APR-FINAL,AFFIRMED,ONT,NOT APPLICABLE,FEDERAL,DETERMINATE,MALE,NORTH AMERICAN,ABORIGINAL,NON SCHEDULE
2009-2010,JUN,PAPER,DP-PRE,DAY PAR NOT DIR,APR,APR-FINAL,AFFIRMED,PAC,NOT APPLICABLE,FEDERAL,DETERMINATE,MALE,NORTH AMERICAN,ABORIGINAL,NON SCHEDULE
2009-2010,SEP,PAPER,DP-PRE,DAY PAR NOT DIR,APR,APR-FINAL,AFFIRMED,ONT,NOT APPLICABLE,FEDERAL,DETERMINATE,MALE,NORTH AMERICAN,ABORIGINAL,SCHEDULE 2
2009-2010,MAY,PAPER,DP-PRE,DAY PAR NOT DIR,APR,APR-FINAL,AFFIRMED,ONT,NOT APPLICABLE,FEDERAL,DETERMINATE,MALE,NORTH AMERICAN,ABORIGINAL,SCHE 1 W/O SEX
2009-2010,NOV,PAPER,DP-PRE,DAY PAR NOT DIR,APR,APR-FINAL,AFFIRMED,QUE,NOT APPLICABLE,FEDERAL,DETERMINATE,MALE,OTHER,OTHER/UNKNOWN,NON SCHEDULE
2009-2010,MAY,PAPER,DP-PRE,DAY PAR NOT DIR,APR,APR-FINAL,AFFIRMED,PRA,SASKATOON,FEDERAL,DETERMINATE,MALE,FILIPINO,OTHER/UNKNOWN,SCHEDULE 2
2009-2010,NOV,PAPER,DP-PRE,DAY PAR NOT DIR,APR,APR-FINAL,AFFIRMED,ONT,NOT APPLICABLE,FEDERAL,DETERMINATE,MALE,SOUTH ASIAN,ASIAN,SCHEDULE 2
2009-2010,MAY,PAPER,DP-PRE,DAY PAR NOT DIR,APR,APR-FINAL,AFFIRMED,ONT,NOT APPLICABLE,FEDERAL,DETERMINATE,MALE,S. E. ASIAN,ASIAN,SCHEDULE 2
2009-2010,AUG,PAPER,DP-PRE,DAY PAR NOT DIR,APR,APR-FINAL,AFFIRMED,PAC,NOT APPLICABLE,FEDERAL,DETERMINATE,MALE,S. E. ASIAN,ASIAN,SCHEDULE 2
2009-2010,MAR,PAPER,DP-PRE,DAY PAR NOT DIR,APR,APR-FINAL,AFFIRMED,ONT,NOT APPLICABLE,FEDERAL,DETERMINATE,MALE,S. E. ASIAN,ASIAN,SCHEDULE 2
2009-2010,FEB,PAPER,DP-PRE,DAY PAR NOT DIR,APR,APR-FINAL,PAN.HEAR.ORDER.,PRA,SASKATOON,FEDERAL,DETERMINATE,MALE,OTHER,OTHER/UNKNOWN,SCHEDULE 2
2009-2010,OCT,PAPER,DP-PRE,DAY PAR. GRANT.,REGULAR,,AFFIRMED,ATL,NOT APPLICABLE,FEDERAL,DETERMINATE,MALE,BLACK,BLACK,SCHEDULE 2
2009-2010,OCT,PAPER,DP-PRE,DAY PAR. GRANT.,REGULAR,,AFFIRMED,ONT,NOT APPLICABLE,FEDERAL,DETERMINATE,MALE,WHITE,CAUCASIAN,SCHE 1 WITH SEX
2009-2010,NOV,PAPER,DP-PRE,DAY PAR. GRANT.,REGULAR,,AFFIRMED,QUE,NOT APPLICABLE,FEDERAL,DETERMINATE,MALE,WHITE,CAUCASIAN,SCHEDULE 2
2009-2010,AUG,PAPER,FP-POST,FP DIR REV CONF,REGULAR,,AFFIRMED,ONT,NOT APPLICABLE,FEDERAL,INDETERMINATE,MALE,WHITE,CAUCASIAN,MURDER 2
2009-2010,APR,PAPER,DP-POST,DP DIR REV CONF,REGULAR,,AFFIRMED,ONT,NOT APPLICABLE,FEDERAL,DETERMINATE,MALE,WHITE,CAUCASIAN,SCHE 1 W/O SEX
2009-2010,OCT,PAPER,DP-PRE,DP DIRECTED,APR,APR-INITIAL,AFFIRMED,QUE,NOT APPLICABLE,FEDERAL,DETERMINATE,MALE,WHITE,CAUCASIAN,NON SCHEDULE
2009-2010,SEP,PAPER,DP-PRE,DP DIRECTED,APR,APR-INITIAL,AFFIRMED,ATL,NOT APPLICABLE,FEDERAL,DETERMINATE,MALE,WHITE,CAUCASIAN,SCHEDULE 2
2009-2010,MAR,PAPER,DP-PRE,DP DIRECTED,APR,APR-INITIAL,AFFIRMED,PRA,SASKATOON,FEDERAL,DETERMINATE,MALE,WHITE,CAUCASIAN,NON SCHEDULE
2009-2010,JUN,PAPER,DP-PRE,DP DIRECTED,APR,APR-INITIAL,AFFIRMED,ONT,NOT APPLICABLE,FEDERAL,DETERMINATE,MALE,WHITE,CAUCASIAN,NON SCHEDULE
2009-2010,MAY,PAPER,DP-PRE,DP DIRECTED,APR,APR-INITIAL,AFFIRMED,PRA,EDMONTON,FEDERAL,DETERMINATE,MALE,WHITE,CAUCASIAN,SCHEDULE 2
2009-2010,APR,PAPER,DP-PRE,DP DIRECTED,APR,APR-INITIAL,AFFIRMED,ATL,NOT APPLICABLE,FEDERAL,DETERMINATE,MALE,WHITE,CAUCASIAN,SCHEDULE 2
2009-2010,SEP,PAPER,DP-PRE,DP DIRECTED,APR,APR-INITIAL,AFFIRMED,PAC,NOT APPLICABLE,FEDERAL,DETERMINATE,MALE,NORTH AMERICAN,ABORIGINAL,SCHEDULE 2
2009-2010,JAN,PAPER,DP-PRE,DP DIRECTED,APR,APR-FINAL,AFFIRMED,PRA,EDMONTON,FEDERAL,DETERMINATE,MALE,WHITE,CAUCASIAN,SCHEDULE 2
2009-2010,SEP,PAPER,FP-PRE,FP GRANTED,REGULAR,,AFFIRMED,ATL,NOT APPLICABLE,PROVINCIAL,DETERMINATE,MALE,UNK,OTHER/UNKNOWN,SCHE 1 W/O SEX
2009-2010,APR,PAPER,FP-PRE,FP GRANTED,REGULAR,,AFFIRMED,PAC,NOT APPLICABLE,FEDERAL,DETERMINATE,MALE,WHITE,CAUCASIAN,SCHE 1 W/O SEX
2009-2010,OCT,PAPER,FP-PRE,FP GRANTED,REGULAR,,AFFIRMED,QUE,NOT APPLICABLE,FEDERAL,DETERMINATE,MALE,WHITE,CAUCASIAN,SCHE 1 W/O SEX
2009-2010,JUN,PAPER,FP-PRE,FP GRANTED,REGULAR,,AFFIRMED,ONT,NOT APPLICABLE,FEDERAL,INDETERMINATE,MALE,WHITE,CAUCASIAN,SCHE 1 W/O SEX
2009-2010,NOV,PAPER,FP-PRE,FP GRANTED,REGULAR,,AFFIRMED,QUE,NOT APPLICABLE,FEDERAL,INDETERMINATE,MALE,WHITE,CAUCASIAN,MURDER 2
2009-2010,APR,PAPER,FP-PRE,FP DIRECTED,APR,APR-INITIAL,AFFIRMED,ATL,NOT APPLICABLE,FEDERAL,DETERMINATE,MALE,WHITE,CAUCASIAN,SCHEDULE 2
2009-2010,OCT,PAPER,FP-PRE,FP DIRECTED,APR,APR-INITIAL,AFFIRMED,QUE,NOT APPLICABLE,FEDERAL,DETERMINATE,MALE,WHITE,CAUCASIAN,NON SCHEDULE
2009-2010,OCT,PAPER,FP-PRE,FP DIRECTED,APR,APR-INITIAL,AFFIRMED,ONT,NOT APPLICABLE,FEDERAL,DETERMINATE,MALE,WHITE,CAUCASIAN,NON SCHEDULE
2009-2010,AUG,PAPER,FP-PRE,FP DIRECTED,APR,APR-INITIAL,AFFIRMED,ONT,NOT APPLICABLE,FEDERAL,DETERMINATE,MALE,WHITE,CAUCASIAN,SCHEDULE 2
2009-2010,JAN,PAPER,FP-PRE,FP DIRECTED,APR,APR-INITIAL,AFFIRMED,PRA,EDMONTON,FEDERAL,DETERMINATE,MALE,WHITE,CAUCASIAN,SCHEDULE 2
2009-2010,JUN,PAPER,FP-PRE,FP DIRECTED,APR,APR-INITIAL,AFFIRMED,ONT,NOT APPLICABLE,FEDERAL,DETERMINATE,MALE,WHITE,CAUCASIAN,NON SCHEDULE
2009-2010,SEP,PAPER,FP-PRE,FP DIRECTED,APR,APR-INITIAL,AFFIRMED,ONT,NOT APPLICABLE,FEDERAL,DETERMINATE,MALE,WHITE,CAUCASIAN,SCHEDULE 2
2009-2010,AUG,PAPER,FP-PRE,FP DIRECTED,APR,APR-INITIAL,AFFIRMED,ONT,NOT APPLICABLE,FEDERAL,DETERMINATE,MALE,LATIN AMERICAN,OTHER/UNKNOWN,SCHEDULE 2
2009-2010,JUL,PAPER,FP-PRE,FP DIRECTED,APR,APR-INITIAL,REVIEW ORDERED,ONT,NOT APPLICABLE,FEDERAL,DETERMINATE,MALE,WHITE,CAUCASIAN,NON SCHEDULE
2009-2010,JUL,PAPER,FP-POST,FP NO ACT-POST,REGULAR,,AFFIRMED,PRA,SASKATOON,FEDERAL,INDETERMINATE,MALE,WHITE,CAUCASIAN,MURDER 2
2009-2010,APR,PAPER,FP-POST,FP NO ACT-POST,REGULAR,,AFFIRMED,ATL,NOT APPLICABLE,FEDERAL,INDETERMINATE,MALE,WHITE,CAUCASIAN,MURDER 2
2009-2010,JUN,PAPER,FP-POST,FP NO ACT-POST,APR,APR-INITIAL,AFFIRMED,QUE,NOT APPLICABLE,FEDERAL,DETERMINATE,FEMALE,WHITE,CAUCASIAN,SCHEDULE 2
2009-2010,NOV,PAPER,FP-POST,FP CHG.COND-PST,REGULAR,,AFFIRMED,PRA,EDMONTON,FEDERAL,DETERMINATE,MALE,WHITE,CAUCASIAN,SCHE 1 W/O SEX
2009-2010,SEP,PAPER,DP-PRE,DP CONTINUED,REGULAR,,AFFIRMED,PAC,NOT APPLICABLE,FEDERAL,INDETERMINATE,MALE,WHITE,CAUCASIAN,NON SCHEDULE
2009-2010,OCT,PAPER,DP-PRE,DP CONTINUED,REGULAR,,AFFIRMED,PAC,NOT APPLICABLE,FEDERAL,INDETERMINATE,MALE,WHITE,CAUCASIAN,MURDER 2
2009-2010,JUL,PAPER,DP-PRE,DP CONTINUED,REGULAR,,AFFIRMED,PRA,EDMONTON,FEDERAL,INDETERMINATE,FEMALE,NORTH AMERICAN,ABORIGINAL,MURDER 1
2009-2010,JUN,PAPER,DP-POST,DP NO ACT-POST,APR,APR-INITIAL,AFFIRMED,QUE,NOT APPLICABLE,FEDERAL,DETERMINATE,FEMALE,WHITE,CAUCASIAN,SCHEDULE 2
2009-2010,FEB,PAPER,DP-POST,DP CHG.COND-PST,APR,APR-INITIAL,AFFIRMED,QUE,NOT APPLICABLE,FEDERAL,DETERMINATE,MALE,WHITE,CAUCASIAN,NON SCHEDULE
2009-2010,APR,PAPER,UTA-PRE,UTA AUTHORIZED,REGULAR,,AFFIRMED,PRA,SASKATOON,FEDERAL,INDETERMINATE,MALE,WHITE,CAUCASIAN,SCHE 1 WITH SEX
2009-2010,MAY,PAPER,SR-PRE,SR NO ACT.-PRE,REGULAR,,AFFIRMED,QUE,NOT APPLICABLE,FEDERAL,DETERMINATE,MALE,WHITE,CAUCASIAN,SCHEDULE 2
2009-2010,JUL,PAPER,SR-PRE,SR NO ACT.-PRE,REGULAR,,AFFIRMED,QUE,NOT APPLICABLE,FEDERAL,DETERMINATE,MALE,WHITE,CAUCASIAN,NON SCHEDULE
2009-2010,NOV,PAPER,SR-PRE,SR NO ACT.-PRE,REGULAR,,AFFIRMED,QUE,NOT APPLICABLE,FEDERAL,DETERMINATE,MALE,WHITE,CAUCASIAN,SCHE 1 W/O SEX
2009-2010,APR,PAPER,SR-PRE,SR CHG.COND-PRE,REGULAR,,CHANGE CONDITI.,ONT,NOT APPLICABLE,FEDERAL,DETERMINATE,MALE,WHITE,CAUCASIAN,SCHE 1 W/O SEX
2009-2010,JUN,PAPER,SR-PRE,SR CHG.COND-PRE,REGULAR,,AFFIRMED,ONT,NOT APPLICABLE,FEDERAL,DETERMINATE,MALE,BLACK,BLACK,SCHE 1 W/O SEX
2009-2010,OCT,PAPER,SR-PRE,SR CHG.COND-PRE,REGULAR,,AFFIRMED,ONT,NOT APPLICABLE,FEDERAL,DETERMINATE,MALE,BLACK,BLACK,SCHEDULE 2
2009-2010,MAY,PAPER,SR-PRE,SR CHG.COND-PRE,REGULAR,,AFFIRMED,ONT,NOT APPLICABLE,FEDERAL,DETERMINATE,MALE,BLACK,BLACK,SCHE 1 W/O SEX
2009-2010,APR,PAPER,SR-PRE,SR CHG.COND-PRE,REGULAR,,AFFIRMED,ONT,NOT APPLICABLE,FEDERAL,DETERMINATE,MALE,BLACK,BLACK,NON SCHEDULE
2009-2010,JUL,PAPER,SR-PRE,SR CHG.COND-PRE,REGULAR,,AFFIRMED,ONT,NOT APPLICABLE,FEDERAL,DETERMINATE,MALE,BLACK,BLACK,SCHEDULE 2
2009-2010,MAY,PAPER,SR-PRE,SR CHG.COND-PRE,REGULAR,,AFFIRMED,ONT,NOT APPLICABLE,FEDERAL,DETERMINATE,MALE,BLACK,BLACK,SCHE 1 W/O SEX
2009-2010,JUL,PAPER,SR-PRE,SR CHG.COND-PRE,REGULAR,,AFFIRMED,QUE,NOT APPLICABLE,FEDERAL,DETERMINATE,MALE,BLACK,BLACK,SCHE 1 WITH SEX
2009-2010,NOV,PAPER,SR-PRE,SR CHG.COND-PRE,REGULAR,,AFFIRMED,ONT,NOT APPLICABLE,FEDERAL,DETERMINATE,MALE,BLACK,BLACK,SCHE 1 W/O SEX
2009-2010,MAR,PAPER,SR-PRE,SR CHG.COND-PRE,REGULAR,,AFFIRMED,ONT,NOT APPLICABLE,FEDERAL,DETERMINATE,MALE,BLACK,BLACK,SCHE 1 W/O SEX
2009-2010,JUN,PAPER,SR-PRE,SR CHG.COND-PRE,REGULAR,,AFFIRMED,ONT,NOT APPLICABLE,FEDERAL,DETERMINATE,MALE,BLACK,BLACK,SCHE 1 W/O SEX
2009-2010,JUN,PAPER,SR-PRE,SR CHG.COND-PRE,REGULAR,,AFFIRMED,ONT,NOT APPLICABLE,FEDERAL,DETERMINATE,MALE,BLACK,BLACK,SCHE 1 W/O SEX
2009-2010,JUN,PAPER,SR-PRE,SR CHG.COND-PRE,REGULAR,,AFFIRMED,ONT,NOT APPLICABLE,FEDERAL,DETERMINATE,MALE,WHITE,CAUCASIAN,NON SCHEDULE
2009-2010,MAY,PAPER,SR-PRE,SR CHG.COND-PRE,REGULAR,,AFFIRMED,ONT,NOT APPLICABLE,FEDERAL,DETERMINATE,MALE,WHITE,CAUCASIAN,SCHEDULE 2
2009-2010,DEC,PAPER,SR-PRE,SR CHG.COND-PRE,REGULAR,,AFFIRMED,PAC,NOT APPLICABLE,FEDERAL,DETERMINATE,MALE,WHITE,CAUCASIAN,NON SCHEDULE
2009-2010,MAY,PAPER,SR-PRE,SR CHG.COND-PRE,REGULAR,,AFFIRMED,PRA,EDMONTON,FEDERAL,DETERMINATE,MALE,WHITE,CAUCASIAN,SCHEDULE 2
2009-2010,MAY,PAPER,SR-PRE,SR CHG.COND-PRE,REGULAR,,AFFIRMED,PRA,EDMONTON,FEDERAL,DETERMINATE,MALE,WHITE,CAUCASIAN,SCHE 1 W/O SEX
2009-2010,MAY,PAPER,SR-PRE,SR CHG.COND-PRE,REGULAR,,AFFIRMED,QUE,NOT APPLICABLE,FEDERAL,DETERMINATE,MALE,WHITE,CAUCASIAN,SCHE 1 W/O SEX
2009-2010,APR,PAPER,SR-PRE,SR CHG.COND-PRE,REGULAR,,AFFIRMED,PRA,EDMONTON,FEDERAL,DETERMINATE,MALE,WHITE,CAUCASIAN,SCHE 1 W/O SEX
2009-2010,MAY,PAPER,SR-PRE,SR CHG.COND-PRE,REGULAR,,AFFIRMED,ONT,NOT APPLICABLE,FEDERAL,DETERMINATE,MALE,WHITE,CAUCASIAN,SCHE 1 W/O SEX
2009-2010,OCT,PAPER,SR-PRE,SR CHG.COND-PRE,REGULAR,,AFFIRMED,QUE,NOT APPLICABLE,FEDERAL,DETERMINATE,MALE,WHITE,CAUCASIAN,SCHE 1 W/O SEX
2009-2010,JUL,PAPER,SR-PRE,SR CHG.COND-PRE,REGULAR,,AFFIRMED,ONT,NOT APPLICABLE,FEDERAL,DETERMINATE,MALE,WHITE,CAUCASIAN,NON SCHEDULE
2009-2010,OCT,PAPER,SR-PRE,SR CHG.COND-PRE,REGULAR,,AFFIRMED,PAC,NOT APPLICABLE,FEDERAL,DETERMINATE,MALE,WHITE,CAUCASIAN,SCHEDULE 2
2009-2010,DEC,PAPER,SR-PRE,SR CHG.COND-PRE,REGULAR,,AFFIRMED,PAC,NOT APPLICABLE,FEDERAL,DETERMINATE,MALE,WHITE,CAUCASIAN,SCHE 1 W/O SEX
2009-2010,SEP,PAPER,SR-PRE,SR CHG.COND-PRE,REGULAR,,AFFIRMED,PAC,NOT APPLICABLE,FEDERAL,DETERMINATE,MALE,WHITE,CAUCASIAN,SCHEDULE 2
2009-2010,MAY,PAPER,SR-PRE,SR CHG.COND-PRE,REGULAR,,AFFIRMED,PRA,EDMONTON,FEDERAL,DETERMINATE,MALE,WHITE,CAUCASIAN,SCHEDULE 2
2009-2010,DEC,PAPER,SR-PRE,SR CHG.COND-PRE,REGULAR,,AFFIRMED,PAC,NOT APPLICABLE,FEDERAL,DETERMINATE,MALE,WHITE,CAUCASIAN,SCHE 1 W/O SEX
2009-2010,JAN,PAPER,SR-PRE,SR CHG.COND-PRE,REGULAR,,AFFIRMED,QUE,NOT APPLICABLE,FEDERAL,DETERMINATE,MALE,WHITE,CAUCASIAN,NON SCHEDULE
2009-2010,MAR,PAPER,SR-PRE,SR CHG.COND-PRE,REGULAR,,AFFIRMED,ATL,NOT APPLICABLE,FEDERAL,DETERMINATE,MALE,WHITE,CAUCASIAN,SCHE 1 W/O SEX
2009-2010,JUN,PAPER,SR-PRE,SR CHG.COND-PRE,REGULAR,,AFFIRMED,ONT,NOT APPLICABLE,FEDERAL,DETERMINATE,MALE,WHITE,CAUCASIAN,SCHE 1 W/O SEX
2009-2010,NOV,PAPER,SR-PRE,SR CHG.COND-PRE,REGULAR,,AFFIRMED,ONT,NOT APPLICABLE,FEDERAL,DETERMINATE,MALE,WHITE,CAUCASIAN,NON SCHEDULE
2009-2010,JAN,PAPER,SR-PRE,SR CHG.COND-PRE,REGULAR,,AFFIRMED,ATL,NOT APPLICABLE,FEDERAL,DETERMINATE,MALE,WHITE,CAUCASIAN,SCHE 1 W/O SEX
2009-2010,MAY,PAPER,SR-PRE,SR CHG.COND-PRE,REGULAR,,AFFIRMED,QUE,NOT APPLICABLE,FEDERAL,DETERMINATE,MALE,WHITE,CAUCASIAN,SCHE 1 W/O SEX
2009-2010,SEP,PAPER,SR-PRE,SR CHG.COND-PRE,REGULAR,,AFFIRMED,QUE,NOT APPLICABLE,FEDERAL,DETERMINATE,MALE,WHITE,CAUCASIAN,SCHE 1 WITH SEX
2009-2010,SEP,PAPER,SR-PRE,SR CHG.COND-PRE,REGULAR,,AFFIRMED,QUE,NOT APPLICABLE,FEDERAL,DETERMINATE,MALE,WHITE,CAUCASIAN,NON SCHEDULE
2009-2010,JUN,PAPER,SR-PRE,SR CHG.COND-PRE,REGULAR,,AFFIRMED,QUE,NOT APPLICABLE,FEDERAL,DETERMINATE,MALE,WHITE,CAUCASIAN,SCHE 1 W/O SEX
2009-2010,JUL,PAPER,SR-PRE,SR CHG.COND-PRE,REGULAR,,AFFIRMED,ONT,NOT APPLICABLE,FEDERAL,DETERMINATE,MALE,WHITE,CAUCASIAN,SCHE 1 W/O SEX
2009-2010,NOV,PAPER,SR-PRE,SR CHG.COND-PRE,REGULAR,,AFFIRMED,QUE,NOT APPLICABLE,FEDERAL,DETERMINATE,MALE,WHITE,CAUCASIAN,SCHE 1 W/O SEX
2009-2010,JAN,PAPER,SR-PRE,SR CHG.COND-PRE,REGULAR,,AFFIRMED,ONT,NOT APPLICABLE,FEDERAL,DETERMINATE,MALE,WHITE,CAUCASIAN,SCHE 1 W/O SEX
2009-2010,JAN,PAPER,SR-PRE,SR CHG.COND-PRE,REGULAR,,AFFIRMED,QUE,NOT APPLICABLE,FEDERAL,DETERMINATE,MALE,WHITE,CAUCASIAN,SCHE 1 W/O SEX
2009-2010,AUG,PAPER,SR-PRE,SR CHG.COND-PRE,REGULAR,,AFFIRMED,QUE,NOT APPLICABLE,FEDERAL,DETERMINATE,MALE,WHITE,CAUCASIAN,SCHE 1 WITH SEX
2009-2010,AUG,PAPER,SR-PRE,SR CHG.COND-PRE,REGULAR,,AFFIRMED,QUE,NOT APPLICABLE,FEDERAL,DETERMINATE,MALE,WHITE,CAUCASIAN,SCHE 1 W/O SEX
2009-2010,JUL,PAPER,SR-PRE,SR CHG.COND-PRE,REGULAR,,AFFIRMED,QUE,NOT APPLICABLE,FEDERAL,DETERMINATE,MALE,WHITE,CAUCASIAN,SCHE 1 WITH SEX
2009-2010,JAN,PAPER,SR-PRE,SR CHG.COND-PRE,REGULAR,,AFFIRMED,QUE,NOT APPLICABLE,FEDERAL,DETERMINATE,MALE,WHITE,CAUCASIAN,SCHE 1 W/O SEX
2009-2010,FEB,PAPER,SR-PRE,SR CHG.COND-PRE,REGULAR,,AFFIRMED,QUE,NOT APPLICABLE,FEDERAL,DETERMINATE,MALE,WHITE,CAUCASIAN,SCHE 1 W/O SEX
2009-2010,MAY,PAPER,SR-PRE,SR CHG.COND-PRE,REGULAR,,AFFIRMED,PAC,NOT APPLICABLE,FEDERAL,DETERMINATE,MALE,WHITE,CAUCASIAN,SCHE 1 W/O SEX
2009-2010,APR,PAPER,SR-PRE,SR CHG.COND-PRE,REGULAR,,AFFIRMED,ONT,NOT APPLICABLE,FEDERAL,DETERMINATE,MALE,WHITE,CAUCASIAN,SCHE 1 W/O SEX
2009-2010,AUG,PAPER,SR-PRE,SR CHG.COND-PRE,REGULAR,,AFFIRMED,ATL,NOT APPLICABLE,FEDERAL,DETERMINATE,MALE,WHITE,CAUCASIAN,SCHE 1 W/O SEX
2009-2010,MAR,PAPER,SR-PRE,SR CHG.COND-PRE,REGULAR,,AFFIRMED,ONT,NOT APPLICABLE,FEDERAL,DETERMINATE,MALE,WHITE,CAUCASIAN,SCHE 1 W/O SEX
2009-2010,APR,PAPER,SR-PRE,SR CHG.COND-PRE,REGULAR,,AFFIRMED,ONT,NOT APPLICABLE,FEDERAL,DETERMINATE,MALE,WHITE,CAUCASIAN,NON SCHEDULE
2009-2010,AUG,PAPER,SR-PRE,SR CHG.COND-PRE,REGULAR,,AFFIRMED,ATL,NOT APPLICABLE,FEDERAL,DETERMINATE,MALE,WHITE,CAUCASIAN,SCHE 1 W/O SEX
2009-2010,MAY,PAPER,SR-PRE,SR CHG.COND-PRE,REGULAR,,AFFIRMED,PRA,EDMONTON,FEDERAL,DETERMINATE,MALE,WHITE,CAUCASIAN,SCHE 1 W/O SEX
2009-2010,MAR,PAPER,SR-PRE,SR CHG.COND-PRE,REGULAR,,AFFIRMED,ONT,NOT APPLICABLE,FEDERAL,DETERMINATE,MALE,WHITE,CAUCASIAN,NON SCHEDULE
2009-2010,APR,PAPER,SR-PRE,SR CHG.COND-PRE,REGULAR,,AFFIRMED,QUE,NOT APPLICABLE,FEDERAL,DETERMINATE,MALE,WHITE,CAUCASIAN,SCHE 1 WITH SEX
2009-2010,JUN,PAPER,SR-PRE,SR CHG.COND-PRE,REGULAR,,AFFIRMED,QUE,NOT APPLICABLE,FEDERAL,DETERMINATE,MALE,WHITE,CAUCASIAN,SCHE 1 WITH SEX
2009-2010,JUL,PAPER,SR-PRE,SR CHG.COND-PRE,REGULAR,,AFFIRMED,QUE,NOT APPLICABLE,FEDERAL,DETERMINATE,MALE,WHITE,CAUCASIAN,SCHE 1 W/O SEX
2009-2010,JUN,PAPER,SR-PRE,SR CHG.COND-PRE,REGULAR,,AFFIRMED,QUE,NOT APPLICABLE,FEDERAL,DETERMINATE,MALE,WHITE,CAUCASIAN,SCHE 1 W/O SEX
2009-2010,JUL,PAPER,SR-PRE,SR CHG.COND-PRE,REGULAR,,AFFIRMED,ONT,NOT APPLICABLE,FEDERAL,DETERMINATE,MALE,WHITE,CAUCASIAN,SCHE 1 WITH SEX
2009-2010,JUL,PAPER,SR-PRE,SR CHG.COND-PRE,REGULAR,,AFFIRMED,QUE,NOT APPLICABLE,FEDERAL,DETERMINATE,MALE,WHITE,CAUCASIAN,SCHE 1 W/O SEX
2009-2010,NOV,PAPER,SR-PRE,SR CHG.COND-PRE,REGULAR,,AFFIRMED,QUE,NOT APPLICABLE,FEDERAL,DETERMINATE,MALE,WHITE,CAUCASIAN,SCHE 1 W/O SEX
2009-2010,JUN,PAPER,SR-PRE,SR CHG.COND-PRE,REGULAR,,AFFIRMED,ONT,NOT APPLICABLE,FEDERAL,DETERMINATE,MALE,WHITE,CAUCASIAN,SCHE 1 WITH SEX
2009-2010,JUL,PAPER,SR-PRE,SR CHG.COND-PRE,REGULAR,,AFFIRMED,QUE,NOT APPLICABLE,FEDERAL,DETERMINATE,MALE,WHITE,CAUCASIAN,SCHE 1 W/O SEX
2009-2010,JAN,PAPER,SR-PRE,SR CHG.COND-PRE,REGULAR,,AFFIRMED,PRA,SASKATOON,FEDERAL,DETERMINATE,MALE,WHITE,CAUCASIAN,NON SCHEDULE
2009-2010,MAY,PAPER,SR-PRE,SR CHG.COND-PRE,REGULAR,,AFFIRMED,ATL,NOT APPLICABLE,FEDERAL,DETERMINATE,MALE,WHITE,CAUCASIAN,SCHE 1 W/O SEX
2009-2010,JUL,PAPER,SR-PRE,SR CHG.COND-PRE,REGULAR,,AFFIRMED,ATL,NOT APPLICABLE,FEDERAL,DETERMINATE,MALE,WHITE,CAUCASIAN,NON SCHEDULE
2009-2010,MAY,PAPER,SR-PRE,SR CHG.COND-PRE,REGULAR,,AFFIRMED,PAC,NOT APPLICABLE,FEDERAL,DETERMINATE,MALE,WHITE,CAUCASIAN,NON SCHEDULE
2009-2010,FEB,PAPER,SR-PRE,SR CHG.COND-PRE,REGULAR,,AFFIRMED,QUE,NOT APPLICABLE,FEDERAL,DETERMINATE,MALE,WHITE,CAUCASIAN,SCHEDULE 2
2009-2010,JUL,PAPER,SR-PRE,SR CHG.COND-PRE,REGULAR,,AFFIRMED,QUE,NOT APPLICABLE,FEDERAL,DETERMINATE,MALE,WHITE,CAUCASIAN,SCHE 1 W/O SEX
2009-2010,MAR,PAPER,SR-PRE,SR CHG.COND-PRE,REGULAR,,AFFIRMED,ONT,NOT APPLICABLE,FEDERAL,DETERMINATE,FEMALE,WHITE,CAUCASIAN,SCHE 1 W/O SEX
2009-2010,MAR,PAPER,SR-PRE,SR CHG.COND-PRE,REGULAR,,AFFIRMED,QUE,NOT APPLICABLE,FEDERAL,DETERMINATE,MALE,WHITE,CAUCASIAN,NON SCHEDULE
2009-2010,SEP,PAPER,SR-PRE,SR CHG.COND-PRE,REGULAR,,AFFIRMED,QUE,NOT APPLICABLE,FEDERAL,DETERMINATE,MALE,WHITE,CAUCASIAN,NON SCHEDULE
2009-2010,SEP,PAPER,SR-PRE,SR CHG.COND-PRE,REGULAR,,AFFIRMED,QUE,NOT APPLICABLE,FEDERAL,DETERMINATE,MALE,WHITE,CAUCASIAN,NON SCHEDULE
2009-2010,JUL,PAPER,SR-PRE,SR CHG.COND-PRE,REGULAR,,AFFIRMED,ATL,NOT APPLICABLE,FEDERAL,DETERMINATE,MALE,WHITE,CAUCASIAN,NON SCHEDULE
2009-2010,MAY,PAPER,SR-PRE,SR CHG.COND-PRE,REGULAR,,AFFIRMED,PRA,EDMONTON,FEDERAL,DETERMINATE,MALE,WHITE,CAUCASIAN,SCHE 1 W/O SEX
2009-2010,DEC,PAPER,SR-PRE,SR CHG.COND-PRE,REGULAR,,AFFIRMED,PRA,EDMONTON,FEDERAL,DETERMINATE,MALE,WHITE,CAUCASIAN,SCHE 1 W/O SEX
2009-2010,JAN,PAPER,SR-PRE,SR CHG.COND-PRE,REGULAR,,AFFIRMED,PRA,SASKATOON,FEDERAL,DETERMINATE,MALE,WHITE,CAUCASIAN,NON SCHEDULE
2009-2010,SEP,PAPER,SR-PRE,SR CHG.COND-PRE,REGULAR,,AFFIRMED,ONT,NOT APPLICABLE,FEDERAL,DETERMINATE,MALE,WHITE,CAUCASIAN,SCHE 1 W/O SEX
2009-2010,SEP,PAPER,SR-PRE,SR CHG.COND-PRE,REGULAR,,AFFIRMED,ATL,NOT APPLICABLE,FEDERAL,DETERMINATE,MALE,WHITE,CAUCASIAN,NON SCHEDULE
2009-2010,OCT,PAPER,SR-PRE,SR CHG.COND-PRE,REGULAR,,AFFIRMED,QUE,NOT APPLICABLE,FEDERAL,DETERMINATE,MALE,WHITE,CAUCASIAN,SCHE 1 W/O SEX
2009-2010,APR,PAPER,SR-PRE,SR CHG.COND-PRE,REGULAR,,AFFIRMED,QUE,NOT APPLICABLE,FEDERAL,DETERMINATE,MALE,WHITE,CAUCASIAN,SCHE 1 W/O SEX
2009-2010,OCT,PAPER,SR-PRE,SR CHG.COND-PRE,REGULAR,,AFFIRMED,ONT,NOT APPLICABLE,FEDERAL,DETERMINATE,MALE,WHITE,CAUCASIAN,SCHE 1 W/O SEX
2009-2010,JAN,PAPER,SR-PRE,SR CHG.COND-PRE,REGULAR,,AFFIRMED,QUE,NOT APPLICABLE,FEDERAL,DETERMINATE,MALE,WHITE,CAUCASIAN,NON SCHEDULE
2009-2010,APR,PAPER,SR-PRE,SR CHG.COND-PRE,REGULAR,,AFFIRMED,ONT,NOT APPLICABLE,FEDERAL,DETERMINATE,MALE,WHITE,CAUCASIAN,NON SCHEDULE
2009-2010,MAY,PAPER,SR-PRE,SR CHG.COND-PRE,REGULAR,,AFFIRMED,QUE,NOT APPLICABLE,FEDERAL,DETERMINATE,MALE,WHITE,CAUCASIAN,SCHEDULE 2
2009-2010,OCT,PAPER,SR-PRE,SR CHG.COND-PRE,REGULAR,,AFFIRMED,PAC,NOT APPLICABLE,FEDERAL,DETERMINATE,MALE,WHITE,CAUCASIAN,SCHE 1 W/O SEX
2009-2010,MAY,PAPER,SR-PRE,SR CHG.COND-PRE,REGULAR,,AFFIRMED,QUE,NOT APPLICABLE,FEDERAL,DETERMINATE,MALE,WHITE,CAUCASIAN,SCHE 1 WITH SEX
2009-2010,DEC,PAPER,SR-PRE,SR CHG.COND-PRE,REGULAR,,AFFIRMED,ONT,NOT APPLICABLE,FEDERAL,DETERMINATE,MALE,WHITE,CAUCASIAN,SCHE 1 W/O SEX
2009-2010,FEB,PAPER,SR-PRE,SR CHG.COND-PRE,REGULAR,,AFFIRMED,PAC,NOT APPLICABLE,FEDERAL,DETERMINATE,MALE,METIS,ABORIGINAL,SCHE 1 W/O SEX
2009-2010,SEP,PAPER,SR-PRE,SR CHG.COND-PRE,REGULAR,,AFFIRMED,PRA,EDMONTON,FEDERAL,DETERMINATE,MALE,METIS,ABORIGINAL,SCHE 1 W/O SEX
2009-2010,AUG,PAPER,SR-PRE,SR CHG.COND-PRE,REGULAR,,AFFIRMED,QUE,NOT APPLICABLE,FEDERAL,DETERMINATE,MALE,METIS,ABORIGINAL,SCHE 1 W/O SEX
2009-2010,MAY,PAPER,SR-PRE,SR CHG.COND-PRE,REGULAR,,AFFIRMED,QUE,NOT APPLICABLE,FEDERAL,DETERMINATE,MALE,METIS,ABORIGINAL,NON SCHEDULE
2009-2010,DEC,PAPER,SR-PRE,SR CHG.COND-PRE,REGULAR,,AFFIRMED,PAC,NOT APPLICABLE,FEDERAL,DETERMINATE,MALE,METIS,ABORIGINAL,NON SCHEDULE
2009-2010,DEC,PAPER,SR-PRE,SR CHG.COND-PRE,REGULAR,,AFFIRMED,PRA,EDMONTON,FEDERAL,DETERMINATE,MALE,NORTH AMERICAN,ABORIGINAL,SCHE 1 W/O SEX
2009-2010,MAY,PAPER,SR-PRE,SR CHG.COND-PRE,REGULAR,,AFFIRMED,ONT,NOT APPLICABLE,FEDERAL,DETERMINATE,MALE,NORTH AMERICAN,ABORIGINAL,SCHE 1 W/O SEX
2009-2010,JUN,PAPER,SR-PRE,SR CHG.COND-PRE,REGULAR,,AFFIRMED,ONT,NOT APPLICABLE,FEDERAL,DETERMINATE,MALE,NORTH AMERICAN,ABORIGINAL,NON SCHEDULE
2009-2010,SEP,PAPER,SR-PRE,SR CHG.COND-PRE,REGULAR,,AFFIRMED,ONT,NOT APPLICABLE,FEDERAL,DETERMINATE,MALE,NORTH AMERICAN,ABORIGINAL,SCHE 1 W/O SEX
2009-2010,MAR,PAPER,SR-PRE,SR CHG.COND-PRE,REGULAR,,AFFIRMED,ONT,NOT APPLICABLE,FEDERAL,DETERMINATE,FEMALE,NORTH AMERICAN,ABORIGINAL,SCHE 1 W/O SEX
2009-2010,SEP,PAPER,SR-PRE,SR CHG.COND-PRE,REGULAR,,AFFIRMED,PAC,NOT APPLICABLE,FEDERAL,DETERMINATE,MALE,NORTH AMERICAN,ABORIGINAL,NON SCHEDULE
2009-2010,APR,PAPER,SR-PRE,SR CHG.COND-PRE,REGULAR,,AFFIRMED,QUE,NOT APPLICABLE,FEDERAL,DETERMINATE,MALE,NORTH AMERICAN,ABORIGINAL,SCHE 1 WITH SEX
2009-2010,NOV,PAPER,SR-PRE,SR CHG.COND-PRE,REGULAR,,AFFIRMED,PRA,EDMONTON,FEDERAL,DETERMINATE,MALE,NORTH AMERICAN,ABORIGINAL,SCHE 1 WITH SEX
2009-2010,JUL,PAPER,SR-PRE,SR CHG.COND-PRE,REGULAR,,AFFIRMED,PRA,EDMONTON,FEDERAL,DETERMINATE,FEMALE,NORTH AMERICAN,ABORIGINAL,SCHEDULE 2
2009-2010,OCT,PAPER,SR-PRE,SR CHG.COND-PRE,REGULAR,,AFFIRMED,ONT,NOT APPLICABLE,FEDERAL,DETERMINATE,MALE,S. E. ASIAN,ASIAN,SCHE 1 W/O SEX
2009-2010,NOV,PAPER,SR-PRE,SR CHG.COND-PRE,REGULAR,,AFFIRMED,QUE,NOT APPLICABLE,FEDERAL,DETERMINATE,MALE,S. E. ASIAN,ASIAN,SCHE 1 W/O SEX
2009-2010,MAR,PAPER,SR-PRE,SR CHG.COND-PRE,REGULAR,,AFFIRMED,PAC,NOT APPLICABLE,FEDERAL,DETERMINATE,MALE,EURO.-WESTERN,CAUCASIAN,SCHE 1 W/O SEX
2009-2010,AUG,PAPER,SR-PRE,SR CHG.COND-PRE,REGULAR,,PAN.HEAR.ORDER.,ONT,NOT APPLICABLE,FEDERAL,DETERMINATE,MALE,WHITE,CAUCASIAN,NON SCHEDULE
2009-2010,MAY,PAPER,SR-PRE,SR CHG.COND-PRE,REGULAR,,REVIEW ORDERED,ONT,NOT APPLICABLE,FEDERAL,DETERMINATE,MALE,ARAB/WEST ASIAN,OTHER/UNKNOWN,SCHEDULE 2
2009-2010,APR,PAPER,SR-PRE,SR CHG.COND-PRE,REGULAR,,REVIEW ORDERED,PAC,NOT APPLICABLE,FEDERAL,DETERMINATE,MALE,BLACK,BLACK,SCHE 1 W/O SEX
2009-2010,JUN,PAPER,SR-PRE,SR CHG.COND-PRE,REGULAR,,REVIEW ORDERED,ONT,NOT APPLICABLE,FEDERAL,DETERMINATE,MALE,BLACK,BLACK,SCHE 1 W/O SEX
2009-2010,MAY,PAPER,SR-PRE,SR CHG.COND-PRE,REGULAR,,REVIEW ORDERED,ONT,NOT APPLICABLE,FEDERAL,DETERMINATE,MALE,WHITE,CAUCASIAN,SCHEDULE 2
2009-2010,AUG,PAPER,SR-PRE,SR CHG.COND-PRE,REGULAR,,REVIEW ORDERED,QUE,NOT APPLICABLE,FEDERAL,DETERMINATE,MALE,WHITE,CAUCASIAN,SCHE 1 W/O SEX
2009-2010,DEC,PAPER,SR-PRE,SR CHG.COND-PRE,REGULAR,,REVIEW ORDERED,PRA,EDMONTON,FEDERAL,DETERMINATE,MALE,WHITE,CAUCASIAN,SCHE 1 W/O SEX
2009-2010,OCT,PAPER,SR-PRE,SR CHG.COND-PRE,REGULAR,,REVIEW ORDERED,ONT,NOT APPLICABLE,FEDERAL,DETERMINATE,MALE,WHITE,CAUCASIAN,SCHE 1 W/O SEX
2009-2010,MAY,PAPER,SR-PRE,SR CHG.COND-PRE,REGULAR,,REVIEW ORDERED,ONT,NOT APPLICABLE,FEDERAL,DETERMINATE,MALE,WHITE,CAUCASIAN,SCHEDULE 2
2009-2010,MAR,PAPER,SR-PRE,SR CHG.COND-PRE,REGULAR,,REVIEW ORDERED,ONT,NOT APPLICABLE,FEDERAL,DETERMINATE,MALE,WHITE,CAUCASIAN,SCHE 1 W/O SEX
2009-2010,APR,PAPER,SR-PRE,SR CHG.COND-PRE,REGULAR,,REVIEW ORDERED,ONT,NOT APPLICABLE,FEDERAL,DETERMINATE,MALE,WHITE,CAUCASIAN,SCHE 1 W/O SEX
2009-2010,APR,PAPER,SR-PRE,SR CHG.COND-PRE,REGULAR,,REVIEW ORDERED,ONT,NOT APPLICABLE,FEDERAL,DETERMINATE,MALE,WHITE,CAUCASIAN,SCHE 1 W/O SEX
2009-2010,APR,PAPER,SR-PRE,SR CHG.COND-PRE,REGULAR,,REVIEW ORDERED,ATL,NOT APPLICABLE,FEDERAL,DETERMINATE,MALE,METIS,ABORIGINAL,SCHE 1 W/O SEX
2009-2010,JUN,PAPER,SR-POST,SR NO ACT-POST,REGULAR,,AFFIRMED,QUE,NOT APPLICABLE,FEDERAL,DETERMINATE,MALE,WHITE,CAUCASIAN,SCHE 1 W/O SEX
2009-2010,AUG,PAPER,SR-POST,SR CHG.COND-PST,REGULAR,,AFFIRMED,ONT,NOT APPLICABLE,FEDERAL,DETERMINATE,MALE,WHITE,CAUCASIAN,SCHE 1 WITH SEX
2009-2010,DEC,PAPER,SR-POST,SR CHG.COND-PST,REGULAR,,AFFIRMED,ONT,NOT APPLICABLE,FEDERAL,DETERMINATE,MALE,WHITE,CAUCASIAN,NON SCHEDULE
2010-2011,APR,PAPER,FP-PRE,FP DENIED,REGULAR,,AFFIRMED,PAC,NOT APPLICABLE,PROVINCIAL,DETERMINATE,MALE,UNK,OTHER/UNKNOWN,SCHE 1 W/O SEX
2010-2011,JAN,PAPER,FP-PRE,FP DENIED,REGULAR,,AFFIRMED,PRA,EDMONTON,PROVINCIAL,DETERMINATE,MALE,UNK,OTHER/UNKNOWN,SCHE 1 W/O SEX
2010-2011,SEP,PAPER,FP-PRE,FP DENIED,REGULAR,,AFFIRMED,PRA,SASKATOON,PROVINCIAL,DETERMINATE,MALE,UNK,OTHER/UNKNOWN,NON SCHEDULE
2010-2011,MAY,PAPER,FP-PRE,FP DENIED,REGULAR,,AFFIRMED,PRA,EDMONTON,PROVINCIAL,DETERMINATE,MALE,UNK,OTHER/UNKNOWN,SCHE 1 WITH SEX
2010-2011,JUN,PAPER,FP-PRE,FP DENIED,REGULAR,,AFFIRMED,PRA,SASKATOON,PROVINCIAL,DETERMINATE,MALE,UNK,OTHER/UNKNOWN,SCHE 1 W/O SEX
2010-2011,MAY,PAPER,FP-PRE,FP DENIED,REGULAR,,AFFIRMED,ATL,NOT APPLICABLE,FEDERAL,DETERMINATE,MALE,ARAB/WEST ASIAN,OTHER/UNKNOWN,SCHE 1 W/O SEX
2010-2011,SEP,PAPER,FP-PRE,FP DENIED,REGULAR,,AFFIRMED,PRA,EDMONTON,FEDERAL,DETERMINATE,MALE,ARAB/WEST ASIAN,OTHER/UNKNOWN,SCHE 1 W/O SEX
2010-2011,JAN,PAPER,FP-PRE,FP DENIED,REGULAR,,AFFIRMED,ONT,NOT APPLICABLE,FEDERAL,DETERMINATE,MALE,ARAB/WEST ASIAN,OTHER/UNKNOWN,SCHE 1 WITH SEX
2010-2011,JAN,PAPER,FP-PRE,FP DENIED,REGULAR,,AFFIRMED,ONT,NOT APPLICABLE,FEDERAL,DETERMINATE,MALE,ASIATIC,ASIAN,SCHE 1 W/O SEX
2010-2011,JUN,PAPER,FP-PRE,FP DENIED,REGULAR,,AFFIRMED,PRA,EDMONTON,FEDERAL,DETERMINATE,MALE,BLACK,BLACK,SCHEDULE 2
2010-2011,MAR,PAPER,FP-PRE,FP DENIED,REGULAR,,AFFIRMED,ONT,NOT APPLICABLE,FEDERAL,DETERMINATE,MALE,BLACK,BLACK,SCHE 1 W/O SEX
2010-2011,SEP,PAPER,FP-PRE,FP DENIED,REGULAR,,AFFIRMED,ONT,NOT APPLICABLE,FEDERAL,DETERMINATE,MALE,BLACK,BLACK,SCHEDULE 2
2010-2011,JAN,PAPER,FP-PRE,FP DENIED,REGULAR,,AFFIRMED,QUE,NOT APPLICABLE,FEDERAL,DETERMINATE,MALE,BLACK,BLACK,SCHE 1 W/O SEX
2010-2011,NOV,PAPER,FP-PRE,FP DENIED,REGULAR,,AFFIRMED,PRA,SASKATOON,FEDERAL,DETERMINATE,MALE,BLACK,BLACK,SCHE 1 WITH SEX
2010-2011,OCT,PAPER,FP-PRE,FP DENIED,REGULAR,,AFFIRMED,QUE,NOT APPLICABLE,FEDERAL,DETERMINATE,MALE,WHITE,CAUCASIAN,SCHE 1 WITH SEX
2010-2011,AUG,PAPER,FP-PRE,FP DENIED,REGULAR,,AFFIRMED,PRA,SASKATOON,FEDERAL,DETERMINATE,MALE,WHITE,CAUCASIAN,NON SCHEDULE
2010-2011,OCT,PAPER,FP-PRE,FP DENIED,REGULAR,,AFFIRMED,ONT,NOT APPLICABLE,FEDERAL,DETERMINATE,MALE,WHITE,CAUCASIAN,SCHE 1 WITH SEX
2010-2011,AUG,PAPER,FP-PRE,FP DENIED,REGULAR,,AFFIRMED,QUE,NOT APPLICABLE,FEDERAL,DETERMINATE,MALE,WHITE,CAUCASIAN,NON SCHEDULE
2010-2011,JAN,PAPER,FP-PRE,FP DENIED,REGULAR,,AFFIRMED,PRA,EDMONTON,FEDERAL,DETERMINATE,MALE,WHITE,CAUCASIAN,SCHE 1 W/O SEX
2010-2011,JAN,PAPER,FP-PRE,FP DENIED,REGULAR,,AFFIRMED,ATL,NOT APPLICABLE,FEDERAL,DETERMINATE,MALE,WHITE,CAUCASIAN,NON SCHEDULE
2010-2011,JUN,PAPER,FP-PRE,FP DENIED,REGULAR,,AFFIRMED,PRA,SASKATOON,FEDERAL,DETERMINATE,MALE,WHITE,CAUCASIAN,SCHE 1 W/O SEX
2010-2011,JAN,PAPER,FP-PRE,FP DENIED,REGULAR,,AFFIRMED,PRA,SASKATOON,PROVINCIAL,DETERMINATE,MALE,WHITE,CAUCASIAN,SCHEDULE 2
2010-2011,MAR,PAPER,FP-PRE,FP DENIED,REGULAR,,AFFIRMED,PRA,EDMONTON,FEDERAL,DETERMINATE,FEMALE,WHITE,CAUCASIAN,SCHE 1 WITH SEX
2010-2011,JAN,PAPER,FP-PRE,FP DENIED,REGULAR,,AFFIRMED,QUE,NOT APPLICABLE,FEDERAL,DETERMINATE,MALE,WHITE,CAUCASIAN,NON SCHEDULE
2010-2011,MAY,PAPER,FP-PRE,FP DENIED,REGULAR,,AFFIRMED,QUE,NOT APPLICABLE,FEDERAL,DETERMINATE,MALE,WHITE,CAUCASIAN,NON SCHEDULE
2010-2011,JUN,PAPER,FP-PRE,FP DENIED,REGULAR,,AFFIRMED,ONT,NOT APPLICABLE,FEDERAL,DETERMINATE,MALE,WHITE,CAUCASIAN,NON SCHEDULE
2010-2011,NOV,PAPER,FP-PRE,FP DENIED,REGULAR,,AFFIRMED,QUE,NOT APPLICABLE,FEDERAL,DETERMINATE,MALE,WHITE,CAUCASIAN,SCHEDULE 2
2010-2011,JAN,PAPER,FP-PRE,FP DENIED,REGULAR,,AFFIRMED,ONT,NOT APPLICABLE,FEDERAL,DETERMINATE,MALE,WHITE,CAUCASIAN,NON SCHEDULE
2010-2011,MAY,PAPER,FP-PRE,FP DENIED,REGULAR,,AFFIRMED,QUE,NOT APPLICABLE,FEDERAL,DETERMINATE,MALE,WHITE,CAUCASIAN,SCHEDULE 2
2010-2011,SEP,PAPER,FP-PRE,FP DENIED,REGULAR,,AFFIRMED,ATL,NOT APPLICABLE,FEDERAL,DETERMINATE,MALE,WHITE,CAUCASIAN,NON SCHEDULE
2010-2011,MAR,PAPER,FP-PRE,FP DENIED,REGULAR,,AFFIRMED,QUE,NOT APPLICABLE,FEDERAL,DETERMINATE,MALE,WHITE,CAUCASIAN,NON SCHEDULE
2010-2011,JUL,PAPER,FP-PRE,FP DENIED,REGULAR,,AFFIRMED,ATL,NOT APPLICABLE,FEDERAL,DETERMINATE,MALE,WHITE,CAUCASIAN,NON SCHEDULE
2010-2011,JUL,PAPER,FP-PRE,FP DENIED,REGULAR,,AFFIRMED,ATL,NOT APPLICABLE,FEDERAL,DETERMINATE,MALE,WHITE,CAUCASIAN,NON SCHEDULE
2010-2011,AUG,PAPER,FP-PRE,FP DENIED,REGULAR,,AFFIRMED,PAC,NOT APPLICABLE,PROVINCIAL,DETERMINATE,MALE,WHITE,CAUCASIAN,SCHE 1 WITH SEX
2010-2011,MAY,PAPER,FP-PRE,FP DENIED,REGULAR,,AFFIRMED,PRA,EDMONTON,FEDERAL,DETERMINATE,MALE,WHITE,CAUCASIAN,SCHEDULE 2
2010-2011,AUG,PAPER,FP-PRE,FP DENIED,REGULAR,,AFFIRMED,QUE,NOT APPLICABLE,FEDERAL,DETERMINATE,MALE,WHITE,CAUCASIAN,SCHE 1 W/O SEX
2010-2011,MAY,PAPER,FP-PRE,FP DENIED,REGULAR,,AFFIRMED,ONT,NOT APPLICABLE,FEDERAL,DETERMINATE,MALE,WHITE,CAUCASIAN,NON SCHEDULE
2010-2011,JAN,PAPER,FP-PRE,FP DENIED,REGULAR,,AFFIRMED,PRA,EDMONTON,FEDERAL,DETERMINATE,FEMALE,WHITE,CAUCASIAN,NON SCHEDULE
2010-2011,OCT,PAPER,FP-PRE,FP DENIED,REGULAR,,AFFIRMED,PRA,EDMONTON,FEDERAL,DETERMINATE,MALE,WHITE,CAUCASIAN,SCHE 1 W/O SEX
2010-2011,JUL,PAPER,FP-PRE,FP DENIED,REGULAR,,AFFIRMED,QUE,NOT APPLICABLE,FEDERAL,DETERMINATE,MALE,WHITE,CAUCASIAN,SCHE 1 W/O SEX
2010-2011,MAR,PAPER,FP-PRE,FP DENIED,REGULAR,,AFFIRMED,ONT,NOT APPLICABLE,FEDERAL,DETERMINATE,MALE,WHITE,CAUCASIAN,SCHE 1 WITH SEX
2010-2011,SEP,PAPER,FP-PRE,FP DENIED,REGULAR,,AFFIRMED,ONT,NOT APPLICABLE,FEDERAL,DETERMINATE,MALE,WHITE,CAUCASIAN,NON SCHEDULE
2010-2011,DEC,PAPER,FP-PRE,FP DENIED,REGULAR,,AFFIRMED,ONT,NOT APPLICABLE,FEDERAL,DETERMINATE,MALE,WHITE,CAUCASIAN,NON SCHEDULE
2010-2011,MAR,PAPER,FP-PRE,FP DENIED,REGULAR,,AFFIRMED,ONT,NOT APPLICABLE,FEDERAL,DETERMINATE,MALE,WHITE,CAUCASIAN,SCHEDULE 2
2010-2011,MAY,PAPER,FP-PRE,FP DENIED,REGULAR,,AFFIRMED,PRA,EDMONTON,FEDERAL,DETERMINATE,MALE,WHITE,CAUCASIAN,SCHE 1 W/O SEX
2010-2011,MAY,PAPER,FP-PRE,FP DENIED,REGULAR,,AFFIRMED,ATL,NOT APPLICABLE,FEDERAL,DETERMINATE,MALE,WHITE,CAUCASIAN,SCHEDULE 2
2010-2011,MAY,PAPER,FP-PRE,FP DENIED,REGULAR,,AFFIRMED,QUE,NOT APPLICABLE,FEDERAL,DETERMINATE,MALE,WHITE,CAUCASIAN,SCHE 1 W/O SEX
2010-2011,JUL,PAPER,FP-PRE,FP DENIED,REGULAR,,AFFIRMED,QUE,NOT APPLICABLE,FEDERAL,DETERMINATE,MALE,WHITE,CAUCASIAN,NON SCHEDULE
2010-2011,MAR,PAPER,FP-PRE,FP DENIED,REGULAR,,AFFIRMED,ATL,NOT APPLICABLE,FEDERAL,DETERMINATE,MALE,WHITE,CAUCASIAN,SCHEDULE 2
2010-2011,APR,PAPER,FP-PRE,FP DENIED,REGULAR,,AFFIRMED,ONT,NOT APPLICABLE,FEDERAL,DETERMINATE,MALE,WHITE,CAUCASIAN,NON SCHEDULE
2010-2011,JAN,PAPER,FP-PRE,FP DENIED,REGULAR,,AFFIRMED,QUE,NOT APPLICABLE,FEDERAL,DETERMINATE,MALE,WHITE,CAUCASIAN,SCHE 1 W/O SEX
2010-2011,MAR,PAPER,FP-PRE,FP DENIED,REGULAR,,AFFIRMED,PRA,EDMONTON,FEDERAL,DETERMINATE,MALE,WHITE,CAUCASIAN,SCHEDULE 2
2010-2011,MAR,PAPER,FP-PRE,FP DENIED,REGULAR,,AFFIRMED,ONT,NOT APPLICABLE,FEDERAL,DETERMINATE,MALE,WHITE,CAUCASIAN,NON SCHEDULE
2010-2011,SEP,PAPER,FP-PRE,FP DENIED,REGULAR,,AFFIRMED,QUE,NOT APPLICABLE,FEDERAL,DETERMINATE,MALE,WHITE,CAUCASIAN,SCHE 1 W/O SEX
2010-2011,JUN,PAPER,FP-PRE,FP DENIED,REGULAR,,AFFIRMED,QUE,NOT APPLICABLE,FEDERAL,DETERMINATE,MALE,WHITE,CAUCASIAN,NON SCHEDULE
2010-2011,NOV,PAPER,FP-PRE,FP DENIED,REGULAR,,AFFIRMED,PAC,NOT APPLICABLE,PROVINCIAL,DETERMINATE,MALE,WHITE,CAUCASIAN,SCHEDULE 2
2010-2011,MAR,PAPER,FP-PRE,FP DENIED,REGULAR,,AFFIRMED,ONT,NOT APPLICABLE,FEDERAL,DETERMINATE,MALE,WHITE,CAUCASIAN,NON SCHEDULE
2010-2011,JUN,PAPER,FP-PRE,FP DENIED,REGULAR,,AFFIRMED,ONT,NOT APPLICABLE,FEDERAL,DETERMINATE,MALE,WHITE,CAUCASIAN,NON SCHEDULE
2010-2011,FEB,PAPER,FP-PRE,FP DENIED,REGULAR,,AFFIRMED,PRA,EDMONTON,FEDERAL,DETERMINATE,MALE,WHITE,CAUCASIAN,SCHE 1 WITH SEX
2010-2011,JAN,PAPER,FP-PRE,FP DENIED,REGULAR,,AFFIRMED,ATL,NOT APPLICABLE,PROVINCIAL,DETERMINATE,MALE,WHITE,CAUCASIAN,SCHE 1 WITH SEX
2010-2011,JUN,PAPER,FP-PRE,FP DENIED,REGULAR,,AFFIRMED,PAC,NOT APPLICABLE,FEDERAL,DETERMINATE,MALE,WHITE,CAUCASIAN,SCHEDULE 2
2010-2011,MAR,PAPER,FP-PRE,FP DENIED,REGULAR,,AFFIRMED,PRA,EDMONTON,FEDERAL,DETERMINATE,MALE,WHITE,CAUCASIAN,SCHEDULE 2
2010-2011,JUN,PAPER,FP-PRE,FP DENIED,REGULAR,,AFFIRMED,QUE,NOT APPLICABLE,FEDERAL,DETERMINATE,MALE,WHITE,CAUCASIAN,SCHE 1 W/O SEX
2010-2011,APR,PAPER,FP-PRE,FP DENIED,REGULAR,,AFFIRMED,QUE,NOT APPLICABLE,FEDERAL,DETERMINATE,MALE,WHITE,CAUCASIAN,SCHE 1 W/O SEX
2010-2011,JUN,PAPER,FP-PRE,FP DENIED,REGULAR,,AFFIRMED,ONT,NOT APPLICABLE,FEDERAL,DETERMINATE,MALE,WHITE,CAUCASIAN,SCHEDULE 2
2010-2011,AUG,PAPER,FP-PRE,FP DENIED,REGULAR,,AFFIRMED,PAC,NOT APPLICABLE,FEDERAL,DETERMINATE,MALE,WHITE,CAUCASIAN,SCHE 1 WITH SEX
2010-2011,JUN,PAPER,FP-PRE,FP DENIED,REGULAR,,AFFIRMED,ATL,NOT APPLICABLE,PROVINCIAL,DETERMINATE,MALE,WHITE,CAUCASIAN,NON SCHEDULE
2010-2011,JUL,PAPER,FP-PRE,FP DENIED,REGULAR,,AFFIRMED,ONT,NOT APPLICABLE,FEDERAL,DETERMINATE,MALE,WHITE,CAUCASIAN,SCHEDULE 2
2010-2011,OCT,PAPER,FP-PRE,FP DENIED,REGULAR,,AFFIRMED,QUE,NOT APPLICABLE,FEDERAL,DETERMINATE,MALE,WHITE,CAUCASIAN,NON SCHEDULE
2010-2011,OCT,PAPER,FP-PRE,FP DENIED,REGULAR,,AFFIRMED,ONT,NOT APPLICABLE,FEDERAL,DETERMINATE,MALE,WHITE,CAUCASIAN,NON SCHEDULE
2010-2011,MAR,PAPER,FP-PRE,FP DENIED,REGULAR,,AFFIRMED,PRA,SASKATOON,FEDERAL,DETERMINATE,MALE,WHITE,CAUCASIAN,SCHEDULE 2
2010-2011,JUN,PAPER,FP-PRE,FP DENIED,REGULAR,,AFFIRMED,PAC,NOT APPLICABLE,FEDERAL,DETERMINATE,MALE,WHITE,CAUCASIAN,SCHE 1 W/O SEX
2010-2011,AUG,PAPER,FP-PRE,FP DENIED,REGULAR,,AFFIRMED,ATL,NOT APPLICABLE,FEDERAL,DETERMINATE,MALE,WHITE,CAUCASIAN,SCHEDULE 2
2010-2011,MAR,PAPER,FP-PRE,FP DENIED,REGULAR,,AFFIRMED,PAC,NOT APPLICABLE,FEDERAL,DETERMINATE,MALE,WHITE,CAUCASIAN,NON SCHEDULE
2010-2011,SEP,PAPER,FP-PRE,FP DENIED,REGULAR,,AFFIRMED,PRA,EDMONTON,PROVINCIAL,DETERMINATE,MALE,WHITE,CAUCASIAN,NON SCHEDULE
2010-2011,OCT,PAPER,FP-PRE,FP DENIED,REGULAR,,AFFIRMED,PRA,SASKATOON,FEDERAL,DETERMINATE,MALE,WHITE,CAUCASIAN,SCHEDULE 2
2010-2011,AUG,PAPER,FP-PRE,FP DENIED,REGULAR,,AFFIRMED,QUE,NOT APPLICABLE,FEDERAL,DETERMINATE,MALE,WHITE,CAUCASIAN,NON SCHEDULE
2010-2011,NOV,PAPER,FP-PRE,FP DENIED,REGULAR,,AFFIRMED,ATL,NOT APPLICABLE,PROVINCIAL,DETERMINATE,MALE,WHITE,CAUCASIAN,SCHEDULE 2
2010-2011,APR,PAPER,FP-PRE,FP DENIED,REGULAR,,AFFIRMED,QUE,NOT APPLICABLE,FEDERAL,DETERMINATE,MALE,WHITE,CAUCASIAN,SCHEDULE 2
2010-2011,MAR,PAPER,FP-PRE,FP DENIED,REGULAR,,AFFIRMED,ONT,NOT APPLICABLE,FEDERAL,DETERMINATE,MALE,WHITE,CAUCASIAN,SCHE 1 W/O SEX
2010-2011,OCT,PAPER,FP-PRE,FP DENIED,REGULAR,,AFFIRMED,QUE,NOT APPLICABLE,FEDERAL,DETERMINATE,MALE,WHITE,CAUCASIAN,NON SCHEDULE
2010-2011,JUL,PAPER,FP-PRE,FP DENIED,REGULAR,,AFFIRMED,QUE,NOT APPLICABLE,FEDERAL,DETERMINATE,MALE,WHITE,CAUCASIAN,NON SCHEDULE
2010-2011,SEP,PAPER,FP-PRE,FP DENIED,REGULAR,,AFFIRMED,ATL,NOT APPLICABLE,PROVINCIAL,DETERMINATE,MALE,WHITE,CAUCASIAN,SCHE 1 WITH SEX
2010-2011,APR,PAPER,FP-PRE,FP DENIED,REGULAR,,AFFIRMED,ONT,NOT APPLICABLE,FEDERAL,DETERMINATE,MALE,WHITE,CAUCASIAN,NON SCHEDULE
2010-2011,SEP,PAPER,FP-PRE,FP DENIED,REGULAR,,AFFIRMED,QUE,NOT APPLICABLE,FEDERAL,DETERMINATE,MALE,WHITE,CAUCASIAN,SCHE 1 WITH SEX
2010-2011,FEB,PAPER,FP-PRE,FP DENIED,REGULAR,,AFFIRMED,PAC,NOT APPLICABLE,FEDERAL,INDETERMINATE,MALE,WHITE,CAUCASIAN,NON SCHEDULE
2010-2011,OCT,PAPER,FP-PRE,FP DENIED,REGULAR,,AFFIRMED,ONT,NOT APPLICABLE,FEDERAL,INDETERMINATE,MALE,WHITE,CAUCASIAN,SCHE 1 WITH SEX
2010-2011,JAN,PAPER,FP-PRE,FP DENIED,REGULAR,,AFFIRMED,ONT,NOT APPLICABLE,FEDERAL,INDETERMINATE,MALE,WHITE,CAUCASIAN,SCHE 1 WITH SEX
2010-2011,JUN,PAPER,FP-PRE,FP DENIED,REGULAR,,AFFIRMED,PAC,NOT APPLICABLE,FEDERAL,INDETERMINATE,MALE,WHITE,CAUCASIAN,SCHE 1 WITH SEX
2010-2011,OCT,PAPER,FP-PRE,FP DENIED,REGULAR,,AFFIRMED,ONT,NOT APPLICABLE,FEDERAL,INDETERMINATE,MALE,WHITE,CAUCASIAN,SCHE 1 WITH SEX
2010-2011,OCT,PAPER,FP-PRE,FP DENIED,REGULAR,,AFFIRMED,PRA,SASKATOON,FEDERAL,INDETERMINATE,MALE,WHITE,CAUCASIAN,SCHE 1 WITH SEX
2010-2011,DEC,PAPER,FP-PRE,FP DENIED,REGULAR,,AFFIRMED,ONT,NOT APPLICABLE,FEDERAL,INDETERMINATE,MALE,WHITE,CAUCASIAN,SCHE 1 WITH SEX
2010-2011,NOV,PAPER,FP-PRE,FP DENIED,REGULAR,,AFFIRMED,QUE,NOT APPLICABLE,FEDERAL,INDETERMINATE,MALE,WHITE,CAUCASIAN,MURDER 2
2010-2011,FEB,PAPER,FP-PRE,FP DENIED,REGULAR,,AFFIRMED,QUE,NOT APPLICABLE,FEDERAL,INDETERMINATE,MALE,WHITE,CAUCASIAN,MURDER 1
2010-2011,JUL,PAPER,FP-PRE,FP DENIED,REGULAR,,AFFIRMED,ONT,NOT APPLICABLE,FEDERAL,INDETERMINATE,MALE,WHITE,CAUCASIAN,MURDER 2
2010-2011,JAN,PAPER,FP-PRE,FP DENIED,REGULAR,,AFFIRMED,ONT,NOT APPLICABLE,FEDERAL,INDETERMINATE,MALE,WHITE,CAUCASIAN,MURDER 1
2010-2011,FEB,PAPER,FP-PRE,FP DENIED,REGULAR,,AFFIRMED,QUE,NOT APPLICABLE,FEDERAL,INDETERMINATE,MALE,WHITE,CAUCASIAN,MURDER 2
2010-2011,FEB,PAPER,FP-PRE,FP DENIED,REGULAR,,AFFIRMED,QUE,NOT APPLICABLE,FEDERAL,INDETERMINATE,MALE,WHITE,CAUCASIAN,MURDER 2
2010-2011,APR,PAPER,FP-PRE,FP DENIED,REGULAR,,AFFIRMED,PRA,EDMONTON,FEDERAL,INDETERMINATE,MALE,WHITE,CAUCASIAN,MURDER 2
2010-2011,JAN,PAPER,FP-PRE,FP DENIED,REGULAR,,AFFIRMED,PAC,NOT APPLICABLE,FEDERAL,INDETERMINATE,MALE,WHITE,CAUCASIAN,MURDER 2
2010-2011,DEC,PAPER,FP-PRE,FP DENIED,REGULAR,,AFFIRMED,ONT,NOT APPLICABLE,FEDERAL,INDETERMINATE,MALE,WHITE,CAUCASIAN,MURDER 1
2010-2011,JUN,PAPER,FP-PRE,FP DENIED,REGULAR,,AFFIRMED,PAC,NOT APPLICABLE,FEDERAL,INDETERMINATE,MALE,WHITE,CAUCASIAN,MURDER 2
2010-2011,NOV,PAPER,FP-PRE,FP DENIED,REGULAR,,AFFIRMED,PRA,SASKATOON,FEDERAL,INDETERMINATE,MALE,WHITE,CAUCASIAN,MURDER 2
2010-2011,DEC,PAPER,FP-PRE,FP DENIED,REGULAR,,AFFIRMED,PAC,NOT APPLICABLE,FEDERAL,DETERMINATE,MALE,METIS,ABORIGINAL,SCHE 1 WITH SEX
2010-2011,JUN,PAPER,FP-PRE,FP DENIED,REGULAR,,AFFIRMED,PAC,NOT APPLICABLE,PROVINCIAL,DETERMINATE,MALE,METIS,ABORIGINAL,SCHEDULE 2
2010-2011,FEB,PAPER,FP-PRE,FP DENIED,REGULAR,,AFFIRMED,PRA,SASKATOON,FEDERAL,DETERMINATE,MALE,METIS,ABORIGINAL,SCHEDULE 2
2010-2011,SEP,PAPER,FP-PRE,FP DENIED,REGULAR,,AFFIRMED,QUE,NOT APPLICABLE,FEDERAL,DETERMINATE,MALE,METIS,ABORIGINAL,SCHE 1 WITH SEX
2010-2011,NOV,PAPER,FP-PRE,FP DENIED,REGULAR,,AFFIRMED,QUE,NOT APPLICABLE,FEDERAL,INDETERMINATE,MALE,METIS,ABORIGINAL,MURDER 2
2010-2011,JUN,PAPER,FP-PRE,FP DENIED,REGULAR,,AFFIRMED,PRA,SASKATOON,FEDERAL,DETERMINATE,MALE,NORTH AMERICAN,ABORIGINAL,NON SCHEDULE
2010-2011,MAR,PAPER,FP-PRE,FP DENIED,REGULAR,,AFFIRMED,ATL,NOT APPLICABLE,FEDERAL,DETERMINATE,MALE,NORTH AMERICAN,ABORIGINAL,NON SCHEDULE
2010-2011,MAR,PAPER,FP-PRE,FP DENIED,REGULAR,,AFFIRMED,PRA,EDMONTON,FEDERAL,DETERMINATE,MALE,NORTH AMERICAN,ABORIGINAL,NON SCHEDULE
2010-2011,JAN,PAPER,FP-PRE,FP DENIED,REGULAR,,AFFIRMED,ONT,NOT APPLICABLE,FEDERAL,DETERMINATE,MALE,NORTH AMERICAN,ABORIGINAL,NON SCHEDULE
2010-2011,JUN,PAPER,FP-PRE,FP DENIED,REGULAR,,AFFIRMED,ONT,NOT APPLICABLE,FEDERAL,DETERMINATE,MALE,NORTH AMERICAN,ABORIGINAL,SCHE 1 W/O SEX
2010-2011,JAN,PAPER,FP-PRE,FP DENIED,REGULAR,,AFFIRMED,ATL,NOT APPLICABLE,PROVINCIAL,DETERMINATE,MALE,NORTH AMERICAN,ABORIGINAL,NON SCHEDULE
2010-2011,DEC,PAPER,FP-PRE,FP DENIED,REGULAR,,AFFIRMED,PRA,EDMONTON,FEDERAL,DETERMINATE,MALE,NORTH AMERICAN,ABORIGINAL,SCHE 1 W/O SEX
2010-2011,MAR,PAPER,FP-PRE,FP DENIED,REGULAR,,AFFIRMED,PRA,EDMONTON,FEDERAL,DETERMINATE,FEMALE,NORTH AMERICAN,ABORIGINAL,SCHE 1 W/O SEX
2010-2011,SEP,PAPER,FP-PRE,FP DENIED,REGULAR,,AFFIRMED,QUE,NOT APPLICABLE,FEDERAL,DETERMINATE,MALE,NORTH AMERICAN,ABORIGINAL,SCHE 1 W/O SEX
2010-2011,SEP,PAPER,FP-PRE,FP DENIED,REGULAR,,AFFIRMED,PRA,SASKATOON,PROVINCIAL,DETERMINATE,FEMALE,NORTH AMERICAN,ABORIGINAL,SCHEDULE 2
2010-2011,FEB,PAPER,FP-PRE,FP DENIED,REGULAR,,AFFIRMED,ONT,NOT APPLICABLE,FEDERAL,INDETERMINATE,MALE,NORTH AMERICAN,ABORIGINAL,MURDER 2
2010-2011,JAN,PAPER,FP-PRE,FP DENIED,REGULAR,,AFFIRMED,ONT,NOT APPLICABLE,FEDERAL,INDETERMINATE,MALE,NORTH AMERICAN,ABORIGINAL,MURDER 2
2010-2011,JUL,PAPER,FP-PRE,FP DENIED,REGULAR,,AFFIRMED,PRA,SASKATOON,FEDERAL,DETERMINATE,MALE,OTHER,OTHER/UNKNOWN,NON SCHEDULE
2010-2011,JUL,PAPER,FP-PRE,FP DENIED,REGULAR,,AFFIRMED,PRA,EDMONTON,FEDERAL,INDETERMINATE,MALE,CHINESE,ASIAN,MURDER 2
2010-2011,NOV,PAPER,FP-PRE,FP DENIED,REGULAR,,AFFIRMED,PAC,NOT APPLICABLE,FEDERAL,DETERMINATE,MALE,FILIPINO,OTHER/UNKNOWN,SCHEDULE 2
2010-2011,MAY,PAPER,FP-PRE,FP DENIED,REGULAR,,AFFIRMED,QUE,NOT APPLICABLE,FEDERAL,INDETERMINATE,MALE,KOREAN,ASIAN,SCHE 1 WITH SEX
2010-2011,FEB,PAPER,FP-PRE,FP DENIED,REGULAR,,AFFIRMED,ONT,NOT APPLICABLE,FEDERAL,DETERMINATE,MALE,LATIN AMERICAN,OTHER/UNKNOWN,SCHE 1 W/O SEX
2010-2011,MAR,PAPER,FP-PRE,FP DENIED,REGULAR,,AFFIRMED,PAC,NOT APPLICABLE,FEDERAL,DETERMINATE,MALE,LATIN AMERICAN,OTHER/UNKNOWN,SCHE 1 W/O SEX
2010-2011,APR,PAPER,FP-PRE,FP DENIED,REGULAR,,AFFIRMED,PAC,NOT APPLICABLE,PROVINCIAL,DETERMINATE,MALE,SOUTH ASIAN,ASIAN,SCHE 1 W/O SEX
2010-2011,JUN,PAPER,FP-PRE,FP DENIED,REGULAR,,AFFIRMED,PAC,NOT APPLICABLE,FEDERAL,DETERMINATE,MALE,SOUTH ASIAN,ASIAN,SCHE 1 W/O SEX
2010-2011,SEP,PAPER,FP-PRE,FP DENIED,REGULAR,,AFFIRMED,PAC,NOT APPLICABLE,FEDERAL,DETERMINATE,MALE,SOUTH ASIAN,ASIAN,SCHE 1 W/O SEX
2010-2011,APR,PAPER,FP-PRE,FP DENIED,REGULAR,,AFFIRMED,QUE,NOT APPLICABLE,FEDERAL,DETERMINATE,MALE,S. E. ASIAN,ASIAN,SCHE 1 W/O SEX
2010-2011,DEC,PAPER,FP-PRE,FP DENIED,REGULAR,,PAN.HEAR.ORDER.,PRA,SASKATOON,PROVINCIAL,DETERMINATE,FEMALE,UNK,OTHER/UNKNOWN,NON SCHEDULE
2010-2011,NOV,PAPER,FP-PRE,FP DENIED,REGULAR,,PAN.HEAR.ORDER.,PAC,NOT APPLICABLE,FEDERAL,DETERMINATE,MALE,ARAB/WEST ASIAN,OTHER/UNKNOWN,SCHE 1 W/O SEX
2010-2011,MAR,PAPER,FP-PRE,FP DENIED,REGULAR,,PAN.HEAR.ORDER.,ONT,NOT APPLICABLE,FEDERAL,DETERMINATE,MALE,WHITE,CAUCASIAN,SCHEDULE 2
2010-2011,AUG,PAPER,FP-PRE,FP DENIED,REGULAR,,PAN.HEAR.ORDER.,QUE,NOT APPLICABLE,FEDERAL,DETERMINATE,MALE,WHITE,CAUCASIAN,SCHE 1 W/O SEX
2010-2011,DEC,PAPER,FP-PRE,FP DENIED,REGULAR,,PAN.HEAR.ORDER.,ONT,NOT APPLICABLE,FEDERAL,DETERMINATE,MALE,WHITE,CAUCASIAN,NON SCHEDULE
2010-2011,FEB,PAPER,FP-PRE,FP DENIED,REGULAR,,PAN.HEAR.ORDER.,QUE,NOT APPLICABLE,FEDERAL,INDETERMINATE,MALE,WHITE,CAUCASIAN,SCHE 1 WITH SEX
2010-2011,SEP,PAPER,FP-PRE,FP DENIED,REGULAR,,PAN.HEAR.ORDER.,PAC,NOT APPLICABLE,FEDERAL,INDETERMINATE,MALE,METIS,ABORIGINAL,SCHE 1 W/O SEX
2010-2011,AUG,PAPER,FP-PRE,FP DENIED,REGULAR,,PAN.HEAR.ORDER.,PRA,SASKATOON,FEDERAL,DETERMINATE,MALE,FILIPINO,OTHER/UNKNOWN,SCHEDULE 2
2010-2011,JUL,PAPER,FP-PRE,FP DENIED,REGULAR,,PAN.HEAR.ORDER.,ONT,NOT APPLICABLE,FEDERAL,DETERMINATE,MALE,S. E. ASIAN,ASIAN,SCHE 1 WITH SEX
2010-2011,FEB,PAPER,FP-PRE,FP DENIED,REGULAR,,REVIEW ORDERED,PAC,NOT APPLICABLE,PROVINCIAL,DETERMINATE,MALE,WHITE,CAUCASIAN,SCHEDULE 2
2010-2011,AUG,PAPER,FP-PRE,FP DENIED,BY EXCEPTION,,AFFIRMED,PRA,SASKATOON,FEDERAL,DETERMINATE,MALE,WHITE,CAUCASIAN,SCHE 1 W/O SEX
2010-2011,AUG,PAPER,FP-PRE,FP DENIED,BY EXCEPTION,,AFFIRMED,PAC,NOT APPLICABLE,FEDERAL,DETERMINATE,MALE,WHITE,CAUCASIAN,SCHE 1 WITH SEX
2010-2011,JUL,PAPER,FP-PRE,FP NOT DIRECTED,APR,APR-FINAL,AFFIRMED,ONT,NOT APPLICABLE,FEDERAL,DETERMINATE,MALE,ARAB/WEST ASIAN,OTHER/UNKNOWN,SCHEDULE 2
2010-2011,JUN,PAPER,FP-PRE,FP NOT DIRECTED,APR,APR-FINAL,AFFIRMED,ONT,NOT APPLICABLE,FEDERAL,DETERMINATE,MALE,S. E. ASIAN,ASIAN,NON SCHEDULE
2010-2011,AUG,PAPER,FP-POST,FP REVOKED,REGULAR,,AFFIRMED,ONT,NOT APPLICABLE,FEDERAL,INDETERMINATE,MALE,ARAB/WEST ASIAN,OTHER/UNKNOWN,MURDER 2
2010-2011,MAY,PAPER,FP-POST,FP REVOKED,REGULAR,,AFFIRMED,PRA,EDMONTON,FEDERAL,DETERMINATE,MALE,WHITE,CAUCASIAN,SCHE 1 W/O SEX
2010-2011,SEP,PAPER,FP-POST,FP REVOKED,REGULAR,,AFFIRMED,ONT,NOT APPLICABLE,FEDERAL,INDETERMINATE,MALE,WHITE,CAUCASIAN,MURDER 2
2010-2011,SEP,PAPER,FP-POST,FP REVOKED,REGULAR,,AFFIRMED,PAC,NOT APPLICABLE,FEDERAL,INDETERMINATE,MALE,NORTH AMERICAN,ABORIGINAL,SCHE 1 W/O SEX
2010-2011,JAN,PAPER,FP-POST,FP REVOKED,APR,APR-INITIAL,AFFIRMED,ONT,NOT APPLICABLE,FEDERAL,DETERMINATE,MALE,BLACK,BLACK,NON SCHEDULE
2010-2011,APR,PAPER,FP-POST,FP REVOKED,APR,APR-INITIAL,AFFIRMED,QUE,NOT APPLICABLE,FEDERAL,DETERMINATE,MALE,WHITE,CAUCASIAN,NON SCHEDULE
2010-2011,MAR,PAPER,FP-POST,FP REVOKED,APR,APR-INITIAL,AFFIRMED,PRA,EDMONTON,FEDERAL,DETERMINATE,MALE,WHITE,CAUCASIAN,SCHEDULE 2
2010-2011,JUN,PAPER,FP-POST,FP REVOKED,APR,APR-INITIAL,AFFIRMED,PAC,NOT APPLICABLE,FEDERAL,DETERMINATE,MALE,WHITE,CAUCASIAN,NON SCHEDULE
2010-2011,AUG,PAPER,FP-POST,FP REVOKED,APR,APR-INITIAL,AFFIRMED,ONT,NOT APPLICABLE,FEDERAL,DETERMINATE,MALE,EAST INDIAN,OTHER/UNKNOWN,NON SCHEDULE
2010-2011,MAY,PAPER,FP-POST,FP REVOKED,APR,APR-INITIAL,AFFIRMED,ONT,NOT APPLICABLE,FEDERAL,DETERMINATE,FEMALE,SOUTH ASIAN,ASIAN,NON SCHEDULE
2010-2011,APR,PAPER,FP-POST,FP REVOKED,APR,APR-INITIAL,AFFIRMED,PAC,NOT APPLICABLE,FEDERAL,DETERMINATE,MALE,SOUTH ASIAN,ASIAN,NON SCHEDULE
2010-2011,OCT,PAPER,FP-POST,FP REVOKED,APR,APR-FINAL,PAN.HEAR.ORDER.,PAC,NOT APPLICABLE,FEDERAL,DETERMINATE,MALE,WHITE,CAUCASIAN,NON SCHEDULE
2010-2011,FEB,PAPER,DP-PRE,DP DENIED,REGULAR,,AFFIRMED,PRA,SASKATOON,PROVINCIAL,DETERMINATE,MALE,UNK,OTHER/UNKNOWN,SCHE 1 W/O SEX
2010-2011,JAN,PAPER,DP-PRE,DP DENIED,REGULAR,,AFFIRMED,PRA,EDMONTON,PROVINCIAL,DETERMINATE,MALE,UNK,OTHER/UNKNOWN,SCHE 1 W/O SEX
2010-2011,JUN,PAPER,DP-PRE,DP DENIED,REGULAR,,AFFIRMED,PAC,NOT APPLICABLE,PROVINCIAL,DETERMINATE,MALE,UNK,OTHER/UNKNOWN,SCHE 1 W/O SEX
2010-2011,SEP,PAPER,DP-PRE,DP DENIED,REGULAR,,AFFIRMED,PRA,EDMONTON,FEDERAL,DETERMINATE,MALE,ARAB/WEST ASIAN,OTHER/UNKNOWN,SCHE 1 W/O SEX
2010-2011,APR,PAPER,DP-PRE,DP DENIED,REGULAR,,AFFIRMED,ONT,NOT APPLICABLE,FEDERAL,DETERMINATE,MALE,BLACK,BLACK,SCHE 1 W/O SEX
2010-2011,JUN,PAPER,DP-PRE,DP DENIED,REGULAR,,AFFIRMED,ATL,NOT APPLICABLE,FEDERAL,DETERMINATE,MALE,BLACK,BLACK,SCHEDULE 2
2010-2011,NOV,PAPER,DP-PRE,DP DENIED,REGULAR,,AFFIRMED,PRA,SASKATOON,FEDERAL,DETERMINATE,MALE,BLACK,BLACK,SCHE 1 WITH SEX
2010-2011,MAR,PAPER,DP-PRE,DP DENIED,REGULAR,,AFFIRMED,ONT,NOT APPLICABLE,FEDERAL,DETERMINATE,MALE,BLACK,BLACK,SCHEDULE 2
2010-2011,JAN,PAPER,DP-PRE,DP DENIED,REGULAR,,AFFIRMED,QUE,NOT APPLICABLE,FEDERAL,DETERMINATE,MALE,BLACK,BLACK,SCHE 1 W/O SEX
2010-2011,JUN,PAPER,DP-PRE,DP DENIED,REGULAR,,AFFIRMED,PAC,NOT APPLICABLE,FEDERAL,DETERMINATE,MALE,WHITE,CAUCASIAN,SCHE 1 W/O SEX
2010-2011,AUG,PAPER,DP-PRE,DP DENIED,REGULAR,,AFFIRMED,QUE,NOT APPLICABLE,FEDERAL,DETERMINATE,MALE,WHITE,CAUCASIAN,SCHE 1 W/O SEX
2010-2011,OCT,PAPER,DP-PRE,DP DENIED,REGULAR,,AFFIRMED,QUE,NOT APPLICABLE,FEDERAL,DETERMINATE,MALE,WHITE,CAUCASIAN,SCHE 1 WITH SEX
2010-2011,NOV,PAPER,DP-PRE,DP DENIED,REGULAR,,AFFIRMED,ONT,NOT APPLICABLE,FEDERAL,DETERMINATE,MALE,WHITE,CAUCASIAN,NON SCHEDULE
2010-2011,JAN,PAPER,DP-PRE,DP DENIED,REGULAR,,AFFIRMED,QUE,NOT APPLICABLE,FEDERAL,DETERMINATE,MALE,WHITE,CAUCASIAN,SCHE 1 WITH SEX
2010-2011,MAY,PAPER,DP-PRE,DP DENIED,REGULAR,,AFFIRMED,ONT,NOT APPLICABLE,FEDERAL,DETERMINATE,MALE,WHITE,CAUCASIAN,SCHE 1 W/O SEX
2010-2011,NOV,PAPER,DP-PRE,DP DENIED,REGULAR,,AFFIRMED,ATL,NOT APPLICABLE,FEDERAL,DETERMINATE,MALE,WHITE,CAUCASIAN,SCHE 1 WITH SEX
2010-2011,OCT,PAPER,DP-PRE,DP DENIED,REGULAR,,AFFIRMED,ONT,NOT APPLICABLE,FEDERAL,DETERMINATE,MALE,WHITE,CAUCASIAN,SCHE 1 W/O SEX
2010-2011,MAR,PAPER,DP-PRE,DP DENIED,REGULAR,,AFFIRMED,ONT,NOT APPLICABLE,FEDERAL,DETERMINATE,MALE,WHITE,CAUCASIAN,SCHE 1 WITH SEX
2010-2011,JAN,PAPER,DP-PRE,DP DENIED,REGULAR,,AFFIRMED,ATL,NOT APPLICABLE,PROVINCIAL,DETERMINATE,MALE,WHITE,CAUCASIAN,SCHE 1 WITH SEX
2010-2011,APR,PAPER,DP-PRE,DP DENIED,REGULAR,,AFFIRMED,ATL,NOT APPLICABLE,PROVINCIAL,DETERMINATE,MALE,WHITE,CAUCASIAN,SCHE 1 WITH SEX
2010-2011,NOV,PAPER,DP-PRE,DP DENIED,REGULAR,,AFFIRMED,ATL,NOT APPLICABLE,FEDERAL,DETERMINATE,MALE,WHITE,CAUCASIAN,SCHE 1 W/O SEX
2010-2011,JUN,PAPER,DP-PRE,DP DENIED,REGULAR,,AFFIRMED,ATL,NOT APPLICABLE,PROVINCIAL,DETERMINATE,MALE,WHITE,CAUCASIAN,NON SCHEDULE
2010-2011,OCT,PAPER,DP-PRE,DP DENIED,REGULAR,,AFFIRMED,QUE,NOT APPLICABLE,FEDERAL,DETERMINATE,MALE,WHITE,CAUCASIAN,NON SCHEDULE
2010-2011,JAN,PAPER,DP-PRE,DP DENIED,REGULAR,,AFFIRMED,ATL,NOT APPLICABLE,FEDERAL,DETERMINATE,MALE,WHITE,CAUCASIAN,NON SCHEDULE
2010-2011,JAN,PAPER,DP-PRE,DP DENIED,REGULAR,,AFFIRMED,QUE,NOT APPLICABLE,FEDERAL,DETERMINATE,MALE,WHITE,CAUCASIAN,SCHE 1 W/O SEX
2010-2011,OCT,PAPER,DP-PRE,DP DENIED,REGULAR,,AFFIRMED,QUE,NOT APPLICABLE,FEDERAL,DETERMINATE,MALE,WHITE,CAUCASIAN,SCHE 1 W/O SEX
2010-2011,JUN,PAPER,DP-PRE,DP DENIED,REGULAR,,AFFIRMED,ONT,NOT APPLICABLE,FEDERAL,DETERMINATE,MALE,WHITE,CAUCASIAN,SCHE 1 W/O SEX
2010-2011,JAN,PAPER,DP-PRE,DP DENIED,REGULAR,,AFFIRMED,PAC,NOT APPLICABLE,PROVINCIAL,DETERMINATE,MALE,WHITE,CAUCASIAN,NON SCHEDULE
2010-2011,MAY,PAPER,DP-PRE,DP DENIED,REGULAR,,AFFIRMED,PAC,NOT APPLICABLE,PROVINCIAL,DETERMINATE,MALE,WHITE,CAUCASIAN,SCHEDULE 2
2010-2011,AUG,PAPER,DP-PRE,DP DENIED,REGULAR,,AFFIRMED,PRA,SASKATOON,FEDERAL,DETERMINATE,MALE,WHITE,CAUCASIAN,NON SCHEDULE
2010-2011,NOV,PAPER,DP-PRE,DP DENIED,REGULAR,,AFFIRMED,PRA,EDMONTON,FEDERAL,DETERMINATE,MALE,WHITE,CAUCASIAN,SCHE 1 WITH SEX
2010-2011,JAN,PAPER,DP-PRE,DP DENIED,REGULAR,,AFFIRMED,PRA,EDMONTON,FEDERAL,DETERMINATE,FEMALE,WHITE,CAUCASIAN,NON SCHEDULE
2010-2011,MAY,PAPER,DP-PRE,DP DENIED,REGULAR,,AFFIRMED,ATL,NOT APPLICABLE,FEDERAL,DETERMINATE,MALE,WHITE,CAUCASIAN,SCHE 1 W/O SEX
2010-2011,MAR,PAPER,DP-PRE,DP DENIED,REGULAR,,AFFIRMED,PRA,SASKATOON,FEDERAL,DETERMINATE,MALE,WHITE,CAUCASIAN,SCHE 1 W/O SEX
2010-2011,JAN,PAPER,DP-PRE,DP DENIED,REGULAR,,AFFIRMED,PRA,EDMONTON,FEDERAL,DETERMINATE,MALE,WHITE,CAUCASIAN,SCHE 1 W/O SEX
2010-2011,JUN,PAPER,DP-PRE,DP DENIED,REGULAR,,AFFIRMED,ONT,NOT APPLICABLE,FEDERAL,DETERMINATE,MALE,WHITE,CAUCASIAN,NON SCHEDULE
2010-2011,JUL,PAPER,DP-PRE,DP DENIED,REGULAR,,AFFIRMED,PRA,EDMONTON,FEDERAL,DETERMINATE,MALE,WHITE,CAUCASIAN,SCHE 1 W/O SEX
2010-2011,JAN,PAPER,DP-PRE,DP DENIED,REGULAR,,AFFIRMED,ONT,NOT APPLICABLE,FEDERAL,DETERMINATE,MALE,WHITE,CAUCASIAN,SCHE 1 W/O SEX
2010-2011,NOV,PAPER,DP-PRE,DP DENIED,REGULAR,,AFFIRMED,ATL,NOT APPLICABLE,PROVINCIAL,DETERMINATE,MALE,WHITE,CAUCASIAN,SCHEDULE 2
2010-2011,MAR,PAPER,DP-PRE,DP DENIED,REGULAR,,AFFIRMED,PRA,EDMONTON,FEDERAL,DETERMINATE,FEMALE,WHITE,CAUCASIAN,SCHE 1 WITH SEX
2010-2011,MAR,PAPER,DP-PRE,DP DENIED,REGULAR,,AFFIRMED,ONT,NOT APPLICABLE,FEDERAL,DETERMINATE,MALE,WHITE,CAUCASIAN,SCHEDULE 2
2010-2011,NOV,PAPER,DP-PRE,DP DENIED,REGULAR,,AFFIRMED,ONT,NOT APPLICABLE,FEDERAL,DETERMINATE,MALE,WHITE,CAUCASIAN,NON SCHEDULE
2010-2011,JUN,PAPER,DP-PRE,DP DENIED,REGULAR,,AFFIRMED,PRA,EDMONTON,FEDERAL,DETERMINATE,MALE,WHITE,CAUCASIAN,SCHE 1 W/O SEX
2010-2011,JUL,PAPER,DP-PRE,DP DENIED,REGULAR,,AFFIRMED,QUE,NOT APPLICABLE,FEDERAL,DETERMINATE,MALE,WHITE,CAUCASIAN,NON SCHEDULE
2010-2011,NOV,PAPER,DP-PRE,DP DENIED,REGULAR,,AFFIRMED,QUE,NOT APPLICABLE,FEDERAL,DETERMINATE,MALE,WHITE,CAUCASIAN,SCHEDULE 2
2010-2011,OCT,PAPER,DP-PRE,DP DENIED,REGULAR,,AFFIRMED,QUE,NOT APPLICABLE,FEDERAL,DETERMINATE,MALE,WHITE,CAUCASIAN,NON SCHEDULE
2010-2011,NOV,PAPER,DP-PRE,DP DENIED,REGULAR,,AFFIRMED,PAC,NOT APPLICABLE,FEDERAL,DETERMINATE,MALE,WHITE,CAUCASIAN,SCHE 1 W/O SEX
2010-2011,APR,PAPER,DP-PRE,DP DENIED,REGULAR,,AFFIRMED,ATL,NOT APPLICABLE,FEDERAL,DETERMINATE,MALE,WHITE,CAUCASIAN,SCHEDULE 2
2010-2011,MAY,PAPER,DP-PRE,DP DENIED,REGULAR,,AFFIRMED,QUE,NOT APPLICABLE,FEDERAL,DETERMINATE,MALE,WHITE,CAUCASIAN,SCHEDULE 2
2010-2011,MAY,PAPER,DP-PRE,DP DENIED,REGULAR,,AFFIRMED,PRA,EDMONTON,FEDERAL,DETERMINATE,MALE,WHITE,CAUCASIAN,SCHEDULE 2
2010-2011,MAY,PAPER,DP-PRE,DP DENIED,REGULAR,,AFFIRMED,PAC,NOT APPLICABLE,PROVINCIAL,DETERMINATE,MALE,WHITE,CAUCASIAN,SCHE 1 W/O SEX
2010-2011,APR,PAPER,DP-PRE,DP DENIED,REGULAR,,AFFIRMED,ONT,NOT APPLICABLE,FEDERAL,DETERMINATE,MALE,WHITE,CAUCASIAN,SCHE 1 W/O SEX
2010-2011,MAY,PAPER,DP-PRE,DP DENIED,REGULAR,,AFFIRMED,PRA,SASKATOON,PROVINCIAL,DETERMINATE,MALE,WHITE,CAUCASIAN,SCHEDULE 2
2010-2011,SEP,PAPER,DP-PRE,DP DENIED,REGULAR,,AFFIRMED,QUE,NOT APPLICABLE,FEDERAL,DETERMINATE,MALE,WHITE,CAUCASIAN,SCHE 1 W/O SEX
2010-2011,DEC,PAPER,DP-PRE,DP DENIED,REGULAR,,AFFIRMED,ONT,NOT APPLICABLE,FEDERAL,DETERMINATE,MALE,WHITE,CAUCASIAN,NON SCHEDULE
2010-2011,OCT,PAPER,DP-PRE,DP DENIED,REGULAR,,AFFIRMED,PRA,EDMONTON,FEDERAL,DETERMINATE,MALE,WHITE,CAUCASIAN,SCHE 1 W/O SEX
2010-2011,MAY,PAPER,DP-PRE,DP DENIED,REGULAR,,AFFIRMED,PRA,EDMONTON,FEDERAL,DETERMINATE,MALE,WHITE,CAUCASIAN,SCHE 1 W/O SEX
2010-2011,MAY,PAPER,DP-PRE,DP DENIED,REGULAR,,AFFIRMED,ONT,NOT APPLICABLE,FEDERAL,DETERMINATE,MALE,WHITE,CAUCASIAN,SCHE 1 WITH SEX
2010-2011,NOV,PAPER,DP-PRE,DP DENIED,REGULAR,,AFFIRMED,QUE,NOT APPLICABLE,FEDERAL,DETERMINATE,MALE,WHITE,CAUCASIAN,SCHEDULE 2
2010-2011,JUN,PAPER,DP-PRE,DP DENIED,REGULAR,,AFFIRMED,QUE,NOT APPLICABLE,FEDERAL,DETERMINATE,MALE,WHITE,CAUCASIAN,SCHE 1 W/O SEX
2010-2011,APR,PAPER,DP-PRE,DP DENIED,REGULAR,,AFFIRMED,QUE,NOT APPLICABLE,FEDERAL,DETERMINATE,MALE,WHITE,CAUCASIAN,SCHEDULE 2
2010-2011,MAY,PAPER,DP-PRE,DP DENIED,REGULAR,,AFFIRMED,ATL,NOT APPLICABLE,FEDERAL,DETERMINATE,MALE,WHITE,CAUCASIAN,SCHEDULE 2
2010-2011,JUL,PAPER,DP-PRE,DP DENIED,REGULAR,,AFFIRMED,ONT,NOT APPLICABLE,FEDERAL,DETERMINATE,MALE,WHITE,CAUCASIAN,NON SCHEDULE
2010-2011,DEC,PAPER,DP-PRE,DP DENIED,REGULAR,,AFFIRMED,QUE,NOT APPLICABLE,FEDERAL,DETERMINATE,MALE,WHITE,CAUCASIAN,SCHEDULE 2
2010-2011,APR,PAPER,DP-PRE,DP DENIED,REGULAR,,AFFIRMED,QUE,NOT APPLICABLE,FEDERAL,DETERMINATE,MALE,WHITE,CAUCASIAN,SCHE 1 W/O SEX
2010-2011,FEB,PAPER,DP-PRE,DP DENIED,REGULAR,,AFFIRMED,QUE,NOT APPLICABLE,FEDERAL,DETERMINATE,MALE,WHITE,CAUCASIAN,SCHE 1 W/O SEX
2010-2011,MAR,PAPER,DP-PRE,DP DENIED,REGULAR,,AFFIRMED,PAC,NOT APPLICABLE,PROVINCIAL,DETERMINATE,MALE,WHITE,CAUCASIAN,SCHEDULE 2
2010-2011,JUL,PAPER,DP-PRE,DP DENIED,REGULAR,,AFFIRMED,ATL,NOT APPLICABLE,FEDERAL,DETERMINATE,MALE,WHITE,CAUCASIAN,NON SCHEDULE
2010-2011,MAR,PAPER,DP-PRE,DP DENIED,REGULAR,,AFFIRMED,PAC,NOT APPLICABLE,FEDERAL,DETERMINATE,MALE,WHITE,CAUCASIAN,SCHE 1 W/O SEX
2010-2011,MAR,PAPER,DP-PRE,DP DENIED,REGULAR,,AFFIRMED,ONT,NOT APPLICABLE,FEDERAL,DETERMINATE,MALE,WHITE,CAUCASIAN,NON SCHEDULE
2010-2011,OCT,PAPER,DP-PRE,DP DENIED,REGULAR,,AFFIRMED,ONT,NOT APPLICABLE,FEDERAL,DETERMINATE,MALE,WHITE,CAUCASIAN,SCHE 1 WITH SEX
2010-2011,JUL,PAPER,DP-PRE,DP DENIED,REGULAR,,AFFIRMED,QUE,NOT APPLICABLE,FEDERAL,DETERMINATE,MALE,WHITE,CAUCASIAN,SCHE 1 W/O SEX
2010-2011,JUN,PAPER,DP-PRE,DP DENIED,REGULAR,,AFFIRMED,PRA,SASKATOON,FEDERAL,DETERMINATE,MALE,WHITE,CAUCASIAN,SCHE 1 W/O SEX
2010-2011,JUL,PAPER,DP-PRE,DP DENIED,REGULAR,,AFFIRMED,PAC,NOT APPLICABLE,PROVINCIAL,DETERMINATE,MALE,WHITE,CAUCASIAN,SCHEDULE 2
2010-2011,MAR,PAPER,DP-PRE,DP DENIED,REGULAR,,AFFIRMED,ONT,NOT APPLICABLE,FEDERAL,DETERMINATE,MALE,WHITE,CAUCASIAN,SCHE 1 W/O SEX
2010-2011,JUL,PAPER,DP-PRE,DP DENIED,REGULAR,,AFFIRMED,QUE,NOT APPLICABLE,FEDERAL,DETERMINATE,MALE,WHITE,CAUCASIAN,NON SCHEDULE
2010-2011,APR,PAPER,DP-PRE,DP DENIED,REGULAR,,AFFIRMED,QUE,NOT APPLICABLE,FEDERAL,DETERMINATE,MALE,WHITE,CAUCASIAN,SCHEDULE 2
2010-2011,MAY,PAPER,DP-PRE,DP DENIED,REGULAR,,AFFIRMED,PRA,SASKATOON,PROVINCIAL,DETERMINATE,MALE,WHITE,CAUCASIAN,SCHE 1 W/O SEX
2010-2011,SEP,PAPER,DP-PRE,DP DENIED,REGULAR,,AFFIRMED,QUE,NOT APPLICABLE,FEDERAL,DETERMINATE,MALE,WHITE,CAUCASIAN,SCHE 1 WITH SEX
2010-2011,FEB,PAPER,DP-PRE,DP DENIED,REGULAR,,AFFIRMED,PRA,EDMONTON,FEDERAL,INDETERMINATE,MALE,WHITE,CAUCASIAN,NON SCHEDULE
2010-2011,FEB,PAPER,DP-PRE,DP DENIED,REGULAR,,AFFIRMED,PAC,NOT APPLICABLE,FEDERAL,INDETERMINATE,MALE,WHITE,CAUCASIAN,NON SCHEDULE
2010-2011,DEC,PAPER,DP-PRE,DP DENIED,REGULAR,,AFFIRMED,ONT,NOT APPLICABLE,FEDERAL,INDETERMINATE,MALE,WHITE,CAUCASIAN,SCHE 1 WITH SEX
2010-2011,NOV,PAPER,DP-PRE,DP DENIED,REGULAR,,AFFIRMED,PAC,NOT APPLICABLE,FEDERAL,INDETERMINATE,MALE,WHITE,CAUCASIAN,SCHE 1 WITH SEX
2010-2011,OCT,PAPER,DP-PRE,DP DENIED,REGULAR,,AFFIRMED,ONT,NOT APPLICABLE,FEDERAL,INDETERMINATE,MALE,WHITE,CAUCASIAN,SCHE 1 WITH SEX
2010-2011,OCT,PAPER,DP-PRE,DP DENIED,REGULAR,,AFFIRMED,PRA,SASKATOON,FEDERAL,INDETERMINATE,MALE,WHITE,CAUCASIAN,SCHE 1 WITH SEX
2010-2011,JUN,PAPER,DP-PRE,DP DENIED,REGULAR,,AFFIRMED,PAC,NOT APPLICABLE,FEDERAL,INDETERMINATE,MALE,WHITE,CAUCASIAN,SCHE 1 WITH SEX
2010-2011,JAN,PAPER,DP-PRE,DP DENIED,REGULAR,,AFFIRMED,ONT,NOT APPLICABLE,FEDERAL,INDETERMINATE,MALE,WHITE,CAUCASIAN,SCHE 1 WITH SEX
2010-2011,JUN,PAPER,DP-PRE,DP DENIED,REGULAR,,AFFIRMED,PRA,EDMONTON,FEDERAL,INDETERMINATE,MALE,WHITE,CAUCASIAN,SCHE 1 WITH SEX
2010-2011,JAN,PAPER,DP-PRE,DP DENIED,REGULAR,,AFFIRMED,PAC,NOT APPLICABLE,FEDERAL,INDETERMINATE,MALE,WHITE,CAUCASIAN,MURDER 2
2010-2011,NOV,PAPER,DP-PRE,DP DENIED,REGULAR,,AFFIRMED,QUE,NOT APPLICABLE,FEDERAL,INDETERMINATE,MALE,WHITE,CAUCASIAN,MURDER 2
2010-2011,FEB,PAPER,DP-PRE,DP DENIED,REGULAR,,AFFIRMED,QUE,NOT APPLICABLE,FEDERAL,INDETERMINATE,MALE,WHITE,CAUCASIAN,MURDER 2
2010-2011,FEB,PAPER,DP-PRE,DP DENIED,REGULAR,,AFFIRMED,QUE,NOT APPLICABLE,FEDERAL,INDETERMINATE,MALE,WHITE,CAUCASIAN,MURDER 1
2010-2011,JUN,PAPER,DP-PRE,DP DENIED,REGULAR,,AFFIRMED,PAC,NOT APPLICABLE,FEDERAL,INDETERMINATE,MALE,WHITE,CAUCASIAN,MURDER 2
2010-2011,OCT,PAPER,DP-PRE,DP DENIED,REGULAR,,AFFIRMED,ONT,NOT APPLICABLE,FEDERAL,INDETERMINATE,MALE,WHITE,CAUCASIAN,MURDER 2
2010-2011,OCT,PAPER,DP-PRE,DP DENIED,REGULAR,,AFFIRMED,PAC,NOT APPLICABLE,FEDERAL,INDETERMINATE,MALE,WHITE,CAUCASIAN,MURDER 2
2010-2011,JUL,PAPER,DP-PRE,DP DENIED,REGULAR,,AFFIRMED,PAC,NOT APPLICABLE,FEDERAL,INDETERMINATE,MALE,WHITE,CAUCASIAN,MURDER 1
2010-2011,FEB,PAPER,DP-PRE,DP DENIED,REGULAR,,AFFIRMED,QUE,NOT APPLICABLE,FEDERAL,INDETERMINATE,MALE,WHITE,CAUCASIAN,MURDER 2
2010-2011,OCT,PAPER,DP-PRE,DP DENIED,REGULAR,,AFFIRMED,ONT,NOT APPLICABLE,FEDERAL,INDETERMINATE,MALE,WHITE,CAUCASIAN,MURDER 2
2010-2011,JAN,PAPER,DP-PRE,DP DENIED,REGULAR,,AFFIRMED,ONT,NOT APPLICABLE,FEDERAL,INDETERMINATE,MALE,WHITE,CAUCASIAN,MURDER 1
2010-2011,JUN,PAPER,DP-PRE,DP DENIED,REGULAR,,AFFIRMED,QUE,NOT APPLICABLE,FEDERAL,INDETERMINATE,MALE,WHITE,CAUCASIAN,MURDER 2
2010-2011,FEB,PAPER,DP-PRE,DP DENIED,REGULAR,,AFFIRMED,PAC,NOT APPLICABLE,FEDERAL,INDETERMINATE,MALE,WHITE,CAUCASIAN,MURDER 1
2010-2011,DEC,PAPER,DP-PRE,DP DENIED,REGULAR,,AFFIRMED,PAC,NOT APPLICABLE,FEDERAL,DETERMINATE,MALE,METIS,ABORIGINAL,SCHE 1 WITH SEX
2010-2011,SEP,PAPER,DP-PRE,DP DENIED,REGULAR,,AFFIRMED,QUE,NOT APPLICABLE,FEDERAL,DETERMINATE,MALE,METIS,ABORIGINAL,SCHE 1 WITH SEX
2010-2011,NOV,PAPER,DP-PRE,DP DENIED,REGULAR,,AFFIRMED,QUE,NOT APPLICABLE,FEDERAL,INDETERMINATE,MALE,METIS,ABORIGINAL,MURDER 2
2010-2011,JAN,PAPER,DP-PRE,DP DENIED,REGULAR,,AFFIRMED,ATL,NOT APPLICABLE,PROVINCIAL,DETERMINATE,MALE,NORTH AMERICAN,ABORIGINAL,NON SCHEDULE
2010-2011,JUN,PAPER,DP-PRE,DP DENIED,REGULAR,,AFFIRMED,ONT,NOT APPLICABLE,FEDERAL,DETERMINATE,MALE,NORTH AMERICAN,ABORIGINAL,SCHE 1 W/O SEX
2010-2011,JUL,PAPER,DP-PRE,DP DENIED,REGULAR,,AFFIRMED,PRA,SASKATOON,PROVINCIAL,DETERMINATE,MALE,NORTH AMERICAN,ABORIGINAL,SCHE 1 W/O SEX
2010-2011,JAN,PAPER,DP-PRE,DP DENIED,REGULAR,,AFFIRMED,PRA,SASKATOON,FEDERAL,DETERMINATE,MALE,NORTH AMERICAN,ABORIGINAL,SCHEDULE 2
2010-2011,JAN,PAPER,DP-PRE,DP DENIED,REGULAR,,AFFIRMED,PRA,SASKATOON,FEDERAL,DETERMINATE,MALE,NORTH AMERICAN,ABORIGINAL,NON SCHEDULE
2010-2011,NOV,PAPER,DP-PRE,DP DENIED,REGULAR,,AFFIRMED,PRA,SASKATOON,FEDERAL,DETERMINATE,MALE,NORTH AMERICAN,ABORIGINAL,SCHE 1 W/O SEX
2010-2011,DEC,PAPER,DP-PRE,DP DENIED,REGULAR,,AFFIRMED,PRA,EDMONTON,FEDERAL,DETERMINATE,MALE,NORTH AMERICAN,ABORIGINAL,SCHE 1 W/O SEX
2010-2011,MAR,PAPER,DP-PRE,DP DENIED,REGULAR,,AFFIRMED,PAC,NOT APPLICABLE,PROVINCIAL,DETERMINATE,MALE,NORTH AMERICAN,ABORIGINAL,SCHE 1 W/O SEX
2010-2011,JAN,PAPER,DP-PRE,DP DENIED,REGULAR,,AFFIRMED,PRA,SASKATOON,PROVINCIAL,DETERMINATE,MALE,NORTH AMERICAN,ABORIGINAL,SCHE 1 W/O SEX
2010-2011,APR,PAPER,DP-PRE,DP DENIED,REGULAR,,AFFIRMED,ONT,NOT APPLICABLE,FEDERAL,DETERMINATE,FEMALE,NORTH AMERICAN,ABORIGINAL,NON SCHEDULE
2010-2011,MAR,PAPER,DP-PRE,DP DENIED,REGULAR,,AFFIRMED,PRA,EDMONTON,FEDERAL,DETERMINATE,FEMALE,NORTH AMERICAN,ABORIGINAL,SCHE 1 W/O SEX
2010-2011,SEP,PAPER,DP-PRE,DP DENIED,REGULAR,,AFFIRMED,QUE,NOT APPLICABLE,FEDERAL,DETERMINATE,MALE,NORTH AMERICAN,ABORIGINAL,SCHE 1 W/O SEX
2010-2011,OCT,PAPER,DP-PRE,DP DENIED,REGULAR,,AFFIRMED,PAC,NOT APPLICABLE,FEDERAL,DETERMINATE,MALE,NORTH AMERICAN,ABORIGINAL,SCHE 1 WITH SEX
2010-2011,FEB,PAPER,DP-PRE,DP DENIED,REGULAR,,AFFIRMED,ONT,NOT APPLICABLE,FEDERAL,INDETERMINATE,MALE,NORTH AMERICAN,ABORIGINAL,MURDER 2
2010-2011,JAN,PAPER,DP-PRE,DP DENIED,REGULAR,,AFFIRMED,ONT,NOT APPLICABLE,FEDERAL,INDETERMINATE,MALE,NORTH AMERICAN,ABORIGINAL,MURDER 2
2010-2011,DEC,PAPER,DP-PRE,DP DENIED,REGULAR,,AFFIRMED,PRA,SASKATOON,FEDERAL,INDETERMINATE,MALE,NORTH AMERICAN,ABORIGINAL,MURDER 2
2010-2011,AUG,PAPER,DP-PRE,DP DENIED,REGULAR,,AFFIRMED,ONT,NOT APPLICABLE,FEDERAL,INDETERMINATE,MALE,NORTH AMERICAN,ABORIGINAL,MURDER 2
2010-2011,JUL,PAPER,DP-PRE,DP DENIED,REGULAR,,AFFIRMED,PRA,EDMONTON,FEDERAL,INDETERMINATE,MALE,CHINESE,ASIAN,MURDER 2
2010-2011,NOV,PAPER,DP-PRE,DP DENIED,REGULAR,,AFFIRMED,PAC,NOT APPLICABLE,FEDERAL,DETERMINATE,MALE,FILIPINO,OTHER/UNKNOWN,SCHEDULE 2
2010-2011,MAY,PAPER,DP-PRE,DP DENIED,REGULAR,,AFFIRMED,ATL,NOT APPLICABLE,FEDERAL,INDETERMINATE,MALE,KOREAN,ASIAN,SCHE 1 WITH SEX
2010-2011,MAR,PAPER,DP-PRE,DP DENIED,REGULAR,,AFFIRMED,PAC,NOT APPLICABLE,FEDERAL,DETERMINATE,MALE,LATIN AMERICAN,OTHER/UNKNOWN,SCHE 1 W/O SEX
2010-2011,APR,PAPER,DP-PRE,DP DENIED,REGULAR,,AFFIRMED,PAC,NOT APPLICABLE,PROVINCIAL,DETERMINATE,MALE,SOUTH ASIAN,ASIAN,SCHE 1 W/O SEX
2010-2011,JUN,PAPER,DP-PRE,DP DENIED,REGULAR,,AFFIRMED,PAC,NOT APPLICABLE,FEDERAL,DETERMINATE,MALE,SOUTH ASIAN,ASIAN,SCHE 1 W/O SEX
2010-2011,SEP,PAPER,DP-PRE,DP DENIED,REGULAR,,AFFIRMED,PAC,NOT APPLICABLE,FEDERAL,DETERMINATE,MALE,SOUTH ASIAN,ASIAN,SCHE 1 W/O SEX
2010-2011,OCT,PAPER,DP-PRE,DP DENIED,REGULAR,,AFFIRMED,ONT,NOT APPLICABLE,FEDERAL,DETERMINATE,FEMALE,SOUTH ASIAN,ASIAN,SCHEDULE 2
2010-2011,OCT,PAPER,DP-PRE,DP DENIED,REGULAR,,AFFIRMED,PAC,NOT APPLICABLE,PROVINCIAL,DETERMINATE,MALE,S. E. ASIAN,ASIAN,SCHEDULE 2
2010-2011,APR,PAPER,DP-PRE,DP DENIED,REGULAR,,AFFIRMED,QUE,NOT APPLICABLE,FEDERAL,DETERMINATE,MALE,S. E. ASIAN,ASIAN,SCHE 1 W/O SEX
2010-2011,SEP,PAPER,DP-PRE,DP DENIED,REGULAR,,AFFIRMED,PAC,NOT APPLICABLE,PROVINCIAL,DETERMINATE,MALE,S. E. ASIAN,ASIAN,SCHEDULE 2
2010-2011,JAN,PAPER,DP-PRE,DP DENIED,REGULAR,,AFFIRMED,ONT,NOT APPLICABLE,FEDERAL,DETERMINATE,MALE,S. E. ASIAN,ASIAN,SCHE 1 W/O SEX
2010-2011,DEC,PAPER,DP-PRE,DP DENIED,REGULAR,,PAN.HEAR.ORDER.,PRA,SASKATOON,PROVINCIAL,DETERMINATE,FEMALE,UNK,OTHER/UNKNOWN,NON SCHEDULE
2010-2011,NOV,PAPER,DP-PRE,DP DENIED,REGULAR,,PAN.HEAR.ORDER.,PAC,NOT APPLICABLE,FEDERAL,DETERMINATE,MALE,ARAB/WEST ASIAN,OTHER/UNKNOWN,SCHE 1 W/O SEX
2010-2011,AUG,PAPER,DP-PRE,DP DENIED,REGULAR,,PAN.HEAR.ORDER.,QUE,NOT APPLICABLE,FEDERAL,DETERMINATE,MALE,WHITE,CAUCASIAN,SCHE 1 W/O SEX
2010-2011,AUG,PAPER,DP-PRE,DP DENIED,REGULAR,,PAN.HEAR.ORDER.,PRA,SASKATOON,FEDERAL,DETERMINATE,MALE,FILIPINO,OTHER/UNKNOWN,SCHEDULE 2
2010-2011,JUL,PAPER,DP-PRE,DP DENIED,REGULAR,,PAN.HEAR.ORDER.,ONT,NOT APPLICABLE,FEDERAL,DETERMINATE,MALE,S. E. ASIAN,ASIAN,SCHE 1 WITH SEX
2010-2011,JUL,PAPER,DP-POST,DP REVOKED,REGULAR,,AFFIRMED,ONT,NOT APPLICABLE,FEDERAL,DETERMINATE,MALE,WHITE,CAUCASIAN,SCHE 1 W/O SEX
2010-2011,JUN,PAPER,DP-POST,DP REVOKED,REGULAR,,AFFIRMED,QUE,NOT APPLICABLE,FEDERAL,DETERMINATE,MALE,WHITE,CAUCASIAN,SCHE 1 WITH SEX
2010-2011,SEP,PAPER,DP-POST,DP REVOKED,REGULAR,,AFFIRMED,ONT,NOT APPLICABLE,FEDERAL,DETERMINATE,MALE,WHITE,CAUCASIAN,SCHEDULE 2
2010-2011,JUN,PAPER,DP-POST,DP REVOKED,REGULAR,,AFFIRMED,PAC,NOT APPLICABLE,FEDERAL,DETERMINATE,MALE,WHITE,CAUCASIAN,SCHEDULE 2
2010-2011,FEB,PAPER,DP-POST,DP REVOKED,REGULAR,,AFFIRMED,QUE,NOT APPLICABLE,FEDERAL,DETERMINATE,MALE,WHITE,CAUCASIAN,NON SCHEDULE
2010-2011,JUL,PAPER,DP-POST,DP REVOKED,REGULAR,,AFFIRMED,PRA,EDMONTON,FEDERAL,DETERMINATE,MALE,WHITE,CAUCASIAN,SCHE 1 WITH SEX
2010-2011,MAY,PAPER,DP-POST,DP REVOKED,REGULAR,,AFFIRMED,PRA,EDMONTON,FEDERAL,INDETERMINATE,MALE,WHITE,CAUCASIAN,MURDER 2
2010-2011,OCT,PAPER,DP-POST,DP REVOKED,REGULAR,,AFFIRMED,PAC,NOT APPLICABLE,FEDERAL,INDETERMINATE,MALE,WHITE,CAUCASIAN,MURDER 2
2010-2011,MAY,PAPER,DP-POST,DP REVOKED,REGULAR,,AFFIRMED,PRA,SASKATOON,FEDERAL,DETERMINATE,MALE,METIS,ABORIGINAL,SCHE 1 W/O SEX
2010-2011,SEP,PAPER,DP-POST,DP REVOKED,REGULAR,,AFFIRMED,PAC,NOT APPLICABLE,FEDERAL,INDETERMINATE,MALE,METIS,ABORIGINAL,MURDER 2
2010-2011,JAN,PAPER,DP-POST,DP REVOKED,REGULAR,,AFFIRMED,PAC,NOT APPLICABLE,FEDERAL,INDETERMINATE,MALE,NORTH AMERICAN,ABORIGINAL,MURDER 2
2010-2011,SEP,PAPER,DP-POST,DP REVOKED,REGULAR,,AFFIRMED,PAC,NOT APPLICABLE,FEDERAL,DETERMINATE,MALE,OTHER,OTHER/UNKNOWN,SCHE 1 W/O SEX
2010-2011,MAY,PAPER,DP-POST,DP REVOKED,REGULAR,,AFFIRMED,PRA,EDMONTON,PROVINCIAL,DETERMINATE,MALE,CHINESE,ASIAN,SCHEDULE 2
2010-2011,DEC,PAPER,DP-POST,DP REVOKED,REGULAR,,PAN.HEAR.ORDER.,ONT,NOT APPLICABLE,FEDERAL,INDETERMINATE,FEMALE,ASIAN-SOUTH,ASIAN,MURDER 1
2010-2011,NOV,PAPER,DP-POST,DP REVOKED,APR,APR-INITIAL,AFFIRMED,QUE,NOT APPLICABLE,FEDERAL,DETERMINATE,MALE,WHITE,CAUCASIAN,SCHEDULE 2
2010-2011,JUL,PAPER,DP-POST,DP REVOKED,APR,APR-INITIAL,AFFIRMED,QUE,NOT APPLICABLE,FEDERAL,DETERMINATE,MALE,WHITE,CAUCASIAN,SCHEDULE 2
2010-2011,AUG,PAPER,DP-POST,DP REVOKED,APR,APR-INITIAL,AFFIRMED,PRA,EDMONTON,FEDERAL,DETERMINATE,FEMALE,WHITE,CAUCASIAN,SCHEDULE 2
2010-2011,MAY,PAPER,DP-POST,DP REVOKED,APR,APR-INITIAL,AFFIRMED,ATL,NOT APPLICABLE,FEDERAL,DETERMINATE,MALE,WHITE,CAUCASIAN,NON SCHEDULE
2010-2011,JAN,PAPER,DP-POST,DP REVOKED,APR,APR-INITIAL,AFFIRMED,ATL,NOT APPLICABLE,FEDERAL,DETERMINATE,MALE,WHITE,CAUCASIAN,NON SCHEDULE
2010-2011,JUL,PAPER,DP-POST,DP REVOKED,APR,APR-INITIAL,AFFIRMED,PRA,SASKATOON,FEDERAL,DETERMINATE,MALE,WHITE,CAUCASIAN,SCHEDULE 2
2010-2011,MAR,PAPER,DP-POST,DP REVOKED,APR,APR-INITIAL,AFFIRMED,ONT,NOT APPLICABLE,FEDERAL,DETERMINATE,MALE,WHITE,CAUCASIAN,NON SCHEDULE
2010-2011,JUN,PAPER,DP-POST,DP REVOKED,APR,APR-FINAL,AFFIRMED,ONT,NOT APPLICABLE,FEDERAL,DETERMINATE,MALE,WHITE,CAUCASIAN,SCHEDULE 2
2010-2011,MAR,PAPER,DP-POST,DP REVOKED,APR,APR-FINAL,AFFIRMED,PRA,EDMONTON,FEDERAL,DETERMINATE,MALE,WHITE,CAUCASIAN,SCHEDULE 2
2010-2011,AUG,PAPER,DP-POST,DP REVOKED,APR,APR-FINAL,AFFIRMED,ATL,NOT APPLICABLE,FEDERAL,DETERMINATE,MALE,WHITE,CAUCASIAN,NON SCHEDULE
2010-2011,JUN,PAPER,DP-POST,DP REVOKED,APR,APR-FINAL,AFFIRMED,PRA,EDMONTON,FEDERAL,DETERMINATE,MALE,WHITE,CAUCASIAN,SCHEDULE 2
2010-2011,NOV,PAPER,DP-POST,DP REVOKED,APR,APR-FINAL,AFFIRMED,ONT,NOT APPLICABLE,FEDERAL,DETERMINATE,MALE,SOUTH ASIAN,ASIAN,SCHEDULE 2
2010-2011,DEC,PAPER,UTA-PRE,UTA NOT AUTHOR.,REGULAR,,AFFIRMED,ONT,NOT APPLICABLE,FEDERAL,INDETERMINATE,MALE,WHITE,CAUCASIAN,MURDER 2
2010-2011,AUG,PAPER,UTA-PRE,UTA NOT AUTHOR.,REGULAR,,AFFIRMED,ONT,NOT APPLICABLE,FEDERAL,INDETERMINATE,MALE,NORTH AMERICAN,ABORIGINAL,MURDER 2
2010-2011,APR,PAPER,UTA-PRE,UTA NOT AUTHOR.,REGULAR,,AFFIRMED,ONT,NOT APPLICABLE,FEDERAL,DETERMINATE,MALE,WHITE,CAUCASIAN,SCHE 1 W/O SEX
2010-2011,FEB,PAPER,UTA-PRE,UTA NOT AUTHOR.,REGULAR,,AFFIRMED,PAC,NOT APPLICABLE,FEDERAL,INDETERMINATE,MALE,WHITE,CAUCASIAN,MURDER 1
2010-2011,DEC,PAPER,UTA-PRE,UTA NOT AUTHOR.,REGULAR,,AFFIRMED,ONT,NOT APPLICABLE,FEDERAL,INDETERMINATE,MALE,WHITE,CAUCASIAN,MURDER 2
2010-2011,JUL,PAPER,UTA-PRE,UTA NOT AUTHOR.,REGULAR,,AFFIRMED,PAC,NOT APPLICABLE,FEDERAL,INDETERMINATE,MALE,WHITE,CAUCASIAN,MURDER 1
2010-2011,JUL,PAPER,UTA-PRE,UTA NOT AUTHOR.,REGULAR,,AFFIRMED,PAC,NOT APPLICABLE,FEDERAL,INDETERMINATE,MALE,WHITE,CAUCASIAN,MURDER 1
2010-2011,APR,PAPER,UTA-PRE,UTA NOT AUTHOR.,REGULAR,,AFFIRMED,PRA,SASKATOON,FEDERAL,INDETERMINATE,MALE,WHITE,CAUCASIAN,SCHE 1 WITH SEX
2010-2011,JUL,PAPER,UTA-PRE,UTA NOT AUTHOR.,REGULAR,,AFFIRMED,PAC,NOT APPLICABLE,FEDERAL,INDETERMINATE,MALE,WHITE,CAUCASIAN,MURDER 1
2010-2011,FEB,PAPER,UTA-PRE,UTA NOT AUTHOR.,REGULAR,,AFFIRMED,PAC,NOT APPLICABLE,FEDERAL,INDETERMINATE,MALE,WHITE,CAUCASIAN,MURDER 1
2010-2011,JAN,PAPER,UTA-PRE,UTA NOT AUTHOR.,REGULAR,,AFFIRMED,PRA,EDMONTON,FEDERAL,INDETERMINATE,MALE,METIS,ABORIGINAL,MURDER 1
2010-2011,FEB,PAPER,UTA-PRE,UTA NOT AUTHOR.,REGULAR,,PAN.HEAR.ORDER.,QUE,NOT APPLICABLE,FEDERAL,INDETERMINATE,MALE,WHITE,CAUCASIAN,SCHE 1 WITH SEX
2010-2011,APR,PAPER,UTA-POST,UTA AUTH.CAN.PT,REGULAR,,AFFIRMED,ONT,NOT APPLICABLE,FEDERAL,DETERMINATE,MALE,BLACK,BLACK,SCHE 1 W/O SEX
2010-2011,JUL,PAPER,SR-POST,SR REVOKED,REGULAR,,AFFIRMED,QUE,NOT APPLICABLE,FEDERAL,DETERMINATE,MALE,BLACK,BLACK,SCHEDULE 2
2010-2011,NOV,PAPER,SR-POST,SR REVOKED,REGULAR,,AFFIRMED,ATL,NOT APPLICABLE,FEDERAL,DETERMINATE,MALE,BLACK,BLACK,SCHE 1 W/O SEX
2010-2011,MAY,PAPER,SR-POST,SR REVOKED,REGULAR,,AFFIRMED,PRA,SASKATOON,FEDERAL,DETERMINATE,MALE,WHITE,CAUCASIAN,SCHE 1 W/O SEX
2010-2011,AUG,PAPER,SR-POST,SR REVOKED,REGULAR,,AFFIRMED,PRA,SASKATOON,FEDERAL,DETERMINATE,MALE,WHITE,CAUCASIAN,SCHE 1 W/O SEX
2010-2011,SEP,PAPER,SR-POST,SR REVOKED,REGULAR,,AFFIRMED,PRA,EDMONTON,FEDERAL,DETERMINATE,MALE,WHITE,CAUCASIAN,SCHE 1 W/O SEX
2010-2011,FEB,PAPER,SR-POST,SR REVOKED,REGULAR,,AFFIRMED,QUE,NOT APPLICABLE,FEDERAL,DETERMINATE,MALE,WHITE,CAUCASIAN,SCHE 1 W/O SEX
2010-2011,JUL,PAPER,SR-POST,SR REVOKED,REGULAR,,AFFIRMED,ONT,NOT APPLICABLE,FEDERAL,DETERMINATE,MALE,WHITE,CAUCASIAN,SCHE 1 W/O SEX
2010-2011,MAY,PAPER,SR-POST,SR REVOKED,REGULAR,,AFFIRMED,QUE,NOT APPLICABLE,FEDERAL,DETERMINATE,MALE,WHITE,CAUCASIAN,SCHE 1 WITH SEX
2010-2011,JAN,PAPER,SR-POST,SR REVOKED,REGULAR,,AFFIRMED,PAC,NOT APPLICABLE,FEDERAL,DETERMINATE,MALE,WHITE,CAUCASIAN,SCHE 1 W/O SEX
2010-2011,MAR,PAPER,SR-POST,SR REVOKED,REGULAR,,AFFIRMED,PAC,NOT APPLICABLE,FEDERAL,DETERMINATE,MALE,WHITE,CAUCASIAN,NON SCHEDULE
2010-2011,JUN,PAPER,SR-POST,SR REVOKED,REGULAR,,AFFIRMED,ONT,NOT APPLICABLE,FEDERAL,DETERMINATE,MALE,WHITE,CAUCASIAN,SCHE 1 W/O SEX
2010-2011,MAY,PAPER,SR-POST,SR REVOKED,REGULAR,,AFFIRMED,ONT,NOT APPLICABLE,FEDERAL,DETERMINATE,MALE,WHITE,CAUCASIAN,SCHE 1 W/O SEX
2010-2011,JAN,PAPER,SR-POST,SR REVOKED,REGULAR,,AFFIRMED,QUE,NOT APPLICABLE,FEDERAL,DETERMINATE,MALE,WHITE,CAUCASIAN,SCHE 1 W/O SEX
2010-2011,NOV,PAPER,SR-POST,SR REVOKED,REGULAR,,AFFIRMED,PRA,SASKATOON,FEDERAL,DETERMINATE,MALE,WHITE,CAUCASIAN,SCHE 1 W/O SEX
2010-2011,JUN,PAPER,SR-POST,SR REVOKED,REGULAR,,AFFIRMED,ATL,NOT APPLICABLE,FEDERAL,DETERMINATE,MALE,WHITE,CAUCASIAN,SCHE 1 W/O SEX
2010-2011,JAN,PAPER,SR-POST,SR REVOKED,REGULAR,,AFFIRMED,ATL,NOT APPLICABLE,FEDERAL,DETERMINATE,MALE,WHITE,CAUCASIAN,SCHE 1 W/O SEX
2010-2011,APR,PAPER,SR-POST,SR REVOKED,REGULAR,,AFFIRMED,QUE,NOT APPLICABLE,FEDERAL,DETERMINATE,MALE,WHITE,CAUCASIAN,SCHE 1 WITH SEX
2010-2011,JUN,PAPER,SR-POST,SR REVOKED,REGULAR,,AFFIRMED,PAC,NOT APPLICABLE,FEDERAL,DETERMINATE,MALE,WHITE,CAUCASIAN,SCHE 1 W/O SEX
2010-2011,NOV,PAPER,SR-POST,SR REVOKED,REGULAR,,AFFIRMED,ONT,NOT APPLICABLE,FEDERAL,DETERMINATE,MALE,WHITE,CAUCASIAN,SCHE 1 W/O SEX
2010-2011,DEC,PAPER,SR-POST,SR REVOKED,REGULAR,,AFFIRMED,ONT,NOT APPLICABLE,FEDERAL,DETERMINATE,MALE,WHITE,CAUCASIAN,NON SCHEDULE
2010-2011,FEB,PAPER,SR-POST,SR REVOKED,REGULAR,,AFFIRMED,QUE,NOT APPLICABLE,FEDERAL,DETERMINATE,MALE,WHITE,CAUCASIAN,SCHE 1 WITH SEX
2010-2011,FEB,PAPER,SR-POST,SR REVOKED,REGULAR,,AFFIRMED,QUE,NOT APPLICABLE,FEDERAL,DETERMINATE,MALE,METIS,ABORIGINAL,SCHE 1 W/O SEX
2010-2011,MAY,PAPER,SR-POST,SR REVOKED,REGULAR,,AFFIRMED,PAC,NOT APPLICABLE,FEDERAL,DETERMINATE,MALE,METIS,ABORIGINAL,SCHE 1 W/O SEX
2010-2011,MAY,PAPER,SR-POST,SR REVOKED,REGULAR,,AFFIRMED,ONT,NOT APPLICABLE,FEDERAL,DETERMINATE,MALE,NORTH AMERICAN,ABORIGINAL,SCHE 1 W/O SEX
2010-2011,JAN,PAPER,SR-POST,SR REVOKED,REGULAR,,AFFIRMED,ONT,NOT APPLICABLE,FEDERAL,DETERMINATE,MALE,NORTH AMERICAN,ABORIGINAL,SCHE 1 W/O SEX
2010-2011,SEP,PAPER,SR-POST,SR REVOKED,REGULAR,,AFFIRMED,ONT,NOT APPLICABLE,FEDERAL,DETERMINATE,MALE,OTHER,OTHER/UNKNOWN,SCHE 1 WITH SEX
2010-2011,JAN,PAPER,SR-POST,SR REVOKED,REGULAR,,PAN.HEAR.ORDER.,ONT,NOT APPLICABLE,FEDERAL,DETERMINATE,MALE,WHITE,CAUCASIAN,SCHE 1 WITH SEX
2010-2011,MAY,PAPER,SR-POST,ONE CH SR REVO.,REGULAR,,AFFIRMED,PAC,NOT APPLICABLE,FEDERAL,DETERMINATE,MALE,NORTH AMERICAN,ABORIGINAL,SCHE 1 WITH SEX
2010-2011,JAN,PAPER,SR-POST,ONE CH SR REVO.,REGULAR,,AFFIRMED,QUE,NOT APPLICABLE,FEDERAL,DETERMINATE,MALE,METIS,ABORIGINAL,SCHE 1 WITH SEX
2010-2011,OCT,PAPER,DETENTION,DETENT. ORDERED,REGULAR,,AFFIRMED,ATL,NOT APPLICABLE,FEDERAL,DETERMINATE,MALE,BLACK,BLACK,SCHE 1 W/O SEX
2010-2011,NOV,PAPER,DETENTION,DETENT. ORDERED,REGULAR,,AFFIRMED,PAC,NOT APPLICABLE,FEDERAL,DETERMINATE,MALE,WHITE,CAUCASIAN,SCHE 1 WITH SEX
2010-2011,OCT,PAPER,DETENTION,DETENT. ORDERED,REGULAR,,AFFIRMED,ONT,NOT APPLICABLE,FEDERAL,DETERMINATE,MALE,WHITE,CAUCASIAN,SCHE 1 WITH SEX
2010-2011,OCT,PAPER,DETENTION,DETENT. ORDERED,REGULAR,,AFFIRMED,ONT,NOT APPLICABLE,FEDERAL,DETERMINATE,MALE,WHITE,CAUCASIAN,SCHE 1 W/O SEX
2010-2011,SEP,PAPER,DETENTION,DETENT. ORDERED,REGULAR,,AFFIRMED,ATL,NOT APPLICABLE,FEDERAL,DETERMINATE,MALE,WHITE,CAUCASIAN,SCHE 1 W/O SEX
2010-2011,OCT,PAPER,DETENTION,DETENT. ORDERED,REGULAR,,AFFIRMED,ONT,NOT APPLICABLE,FEDERAL,DETERMINATE,MALE,WHITE,CAUCASIAN,SCHE 1 W/O SEX
2010-2011,SEP,PAPER,DETENTION,DETENT. ORDERED,REGULAR,,AFFIRMED,QUE,NOT APPLICABLE,FEDERAL,DETERMINATE,MALE,WHITE,CAUCASIAN,SCHE 1 W/O SEX
2010-2011,JUL,PAPER,DETENTION,DETENT. ORDERED,REGULAR,,AFFIRMED,ATL,NOT APPLICABLE,FEDERAL,DETERMINATE,MALE,WHITE,CAUCASIAN,SCHE 1 W/O SEX
2010-2011,APR,PAPER,DETENTION,DETENT. ORDERED,REGULAR,,AFFIRMED,QUE,NOT APPLICABLE,FEDERAL,DETERMINATE,MALE,WHITE,CAUCASIAN,SCHE 1 W/O SEX
2010-2011,MAY,PAPER,DETENTION,DETENT. ORDERED,REGULAR,,AFFIRMED,PAC,NOT APPLICABLE,FEDERAL,DETERMINATE,MALE,WHITE,CAUCASIAN,SCHE 1 WITH SEX
2010-2011,NOV,PAPER,DETENTION,DETENT. ORDERED,REGULAR,,AFFIRMED,PRA,SASKATOON,FEDERAL,DETERMINATE,MALE,METIS,ABORIGINAL,SCHE 1 W/O SEX
2010-2011,NOV,PAPER,DETENTION,DETENT. ORDERED,REGULAR,,AFFIRMED,PRA,EDMONTON,FEDERAL,DETERMINATE,MALE,METIS,ABORIGINAL,SCHE 1 W/O SEX
2010-2011,JAN,PAPER,DETENTION,DETENT. ORDERED,REGULAR,,AFFIRMED,PRA,SASKATOON,FEDERAL,DETERMINATE,MALE,NORTH AMERICAN,ABORIGINAL,SCHE 1 W/O SEX
2010-2011,SEP,PAPER,DETENTION,DETENT. ORDERED,REGULAR,,AFFIRMED,PAC,NOT APPLICABLE,FEDERAL,DETERMINATE,FEMALE,NORTH AMERICAN,ABORIGINAL,SCHE 1 W/O SEX
2010-2011,SEP,PAPER,DETENTION,DETENT. ORDERED,REGULAR,,AFFIRMED,PRA,EDMONTON,FEDERAL,DETERMINATE,MALE,NORTH AMERICAN,ABORIGINAL,SCHE 1 W/O SEX
2010-2011,OCT,PAPER,DETENTION,DETENT. ORDERED,REGULAR,,AFFIRMED,PRA,EDMONTON,FEDERAL,DETERMINATE,MALE,NORTH AMERICAN,ABORIGINAL,SCHE 1 W/O SEX
2010-2011,APR,PAPER,DETENTION,DETENT. ORDERED,REGULAR,,AFFIRMED,PAC,NOT APPLICABLE,FEDERAL,DETERMINATE,MALE,NORTH AMERICAN,ABORIGINAL,SCHE 1 W/O SEX
2010-2011,NOV,PAPER,DETENTION,DETENT. ORDERED,REGULAR,,AFFIRMED,PRA,SASKATOON,FEDERAL,DETERMINATE,MALE,NORTH AMERICAN,ABORIGINAL,SCHE 1 W/O SEX
2010-2011,SEP,PAPER,DETENTION,DETENT. ORDERED,REGULAR,,PAN.HEAR.ORDER.,PAC,NOT APPLICABLE,FEDERAL,DETERMINATE,MALE,NORTH AMERICAN,ABORIGINAL,SCHE 1 WITH SEX
2010-2011,JUN,PAPER,DETENTION,DET ORD.CONFIR.,REGULAR,,AFFIRMED,PRA,SASKATOON,FEDERAL,DETERMINATE,MALE,WHITE,CAUCASIAN,SCHE 1 WITH SEX
2010-2011,DEC,PAPER,DETENTION,DET ORD.CONFIR.,REGULAR,,AFFIRMED,QUE,NOT APPLICABLE,FEDERAL,DETERMINATE,MALE,WHITE,CAUCASIAN,SCHE 1 W/O SEX
2010-2011,JUL,PAPER,DETENTION,DET ORD.CONFIR.,REGULAR,,AFFIRMED,QUE,NOT APPLICABLE,FEDERAL,DETERMINATE,MALE,WHITE,CAUCASIAN,SCHE 1 W/O SEX
2010-2011,JUN,PAPER,DETENTION,DET ORD.CONFIR.,REGULAR,,AFFIRMED,ONT,NOT APPLICABLE,FEDERAL,DETERMINATE,MALE,WHITE,CAUCASIAN,SCHE 1 W/O SEX
2010-2011,APR,PAPER,DETENTION,DET ORD.CONFIR.,REGULAR,,AFFIRMED,QUE,NOT APPLICABLE,FEDERAL,DETERMINATE,MALE,WHITE,CAUCASIAN,SCHE 1 WITH SEX
2010-2011,JAN,PAPER,DETENTION,DET ORD.CONFIR.,REGULAR,,AFFIRMED,QUE,NOT APPLICABLE,FEDERAL,DETERMINATE,MALE,WHITE,CAUCASIAN,SCHE 1 W/O SEX
2010-2011,AUG,PAPER,DETENTION,DET ORD.CONFIR.,REGULAR,,AFFIRMED,ONT,NOT APPLICABLE,FEDERAL,DETERMINATE,MALE,WHITE,CAUCASIAN,SCHE 1 WITH SEX
2010-2011,SEP,PAPER,DETENTION,DET ORD.CONFIR.,REGULAR,,AFFIRMED,PAC,NOT APPLICABLE,FEDERAL,DETERMINATE,MALE,WHITE,CAUCASIAN,SCHE 1 WITH SEX
2010-2011,JAN,PAPER,ETA,ETA NOT APPR.,REGULAR,,REVIEW ORDERED,QUE,NOT APPLICABLE,FEDERAL,INDETERMINATE,MALE,WHITE,CAUCASIAN,MURDER 2
2010-2011,JAN,PAPER,ETA,ETA NOT APPR.,REGULAR,,REVIEW ORDERED,ONT,NOT APPLICABLE,FEDERAL,INDETERMINATE,MALE,WHITE,CAUCASIAN,MURDER 1
2010-2011,AUG,PAPER,ETA,ETA NOT APPR.,REGULAR,,AFFIRMED,PAC,NOT APPLICABLE,FEDERAL,INDETERMINATE,MALE,METIS,ABORIGINAL,MURDER 1
2010-2011,FEB,PAPER,ETA,ETA NOT APPR.,REGULAR,,AFFIRMED,ONT,NOT APPLICABLE,FEDERAL,INDETERMINATE,FEMALE,NORTH AMERICAN,ABORIGINAL,MURDER 2
2010-2011,JAN,PAPER,ETA,ETA NOT APPR.,REGULAR,,REVIEW ORDERED,ONT,NOT APPLICABLE,FEDERAL,INDETERMINATE,MALE,WHITE,CAUCASIAN,MURDER 1
2010-2011,MAR,PAPER,ETA,ETA NOT APPR.,REGULAR,,AFFIRMED,PRA,SASKATOON,FEDERAL,INDETERMINATE,MALE,WHITE,CAUCASIAN,MURDER 1
2010-2011,AUG,PAPER,ETA,ETA NOT APPR.,REGULAR,,AFFIRMED,ATL,NOT APPLICABLE,FEDERAL,INDETERMINATE,MALE,WHITE,CAUCASIAN,MURDER 2
2010-2011,MAR,PAPER,ETA,ETA NOT APPR.,REGULAR,,AFFIRMED,ONT,NOT APPLICABLE,FEDERAL,INDETERMINATE,MALE,WHITE,CAUCASIAN,MURDER 1
2010-2011,JUN,PAPER,ETA,ETA NOT APPR.,REGULAR,,AFFIRMED,QUE,NOT APPLICABLE,FEDERAL,INDETERMINATE,FEMALE,WHITE,CAUCASIAN,MURDER 1
2010-2011,JUN,PAPER,ETA,ETA NOT APPR.,REGULAR,,AFFIRMED,QUE,NOT APPLICABLE,FEDERAL,INDETERMINATE,FEMALE,WHITE,CAUCASIAN,MURDER 1
2010-2011,JAN,PAPER,ETA,ETA NOT APPR.,REGULAR,,REVIEW ORDERED,QUE,NOT APPLICABLE,FEDERAL,INDETERMINATE,MALE,WHITE,CAUCASIAN,MURDER 2
2010-2011,DEC,PAPER,DP-POST,DP REV R N RECR,REGULAR,,AFFIRMED,PAC,NOT APPLICABLE,PROVINCIAL,DETERMINATE,MALE,WHITE,CAUCASIAN,SCHEDULE 2
2010-2011,MAR,PAPER,DP-POST,DP REV R N RECR,REGULAR,,AFFIRMED,ATL,NOT APPLICABLE,PROVINCIAL,DETERMINATE,MALE,WHITE,CAUCASIAN,NON SCHEDULE
2010-2011,AUG,PAPER,DP-POST,DP REV R N RECR,REGULAR,,AFFIRMED,PRA,SASKATOON,PROVINCIAL,DETERMINATE,MALE,METIS,ABORIGINAL,SCHEDULE 2
2010-2011,JUN,PAPER,DP-PRE,DAY PAR NOT DIR,APR,APR-FINAL,AFFIRMED,PRA,EDMONTON,FEDERAL,DETERMINATE,MALE,BLACK,BLACK,SCHEDULE 2
2010-2011,JAN,PAPER,DP-PRE,DAY PAR NOT DIR,APR,APR-FINAL,AFFIRMED,ONT,NOT APPLICABLE,FEDERAL,DETERMINATE,MALE,BLACK,BLACK,SCHEDULE 2
2010-2011,SEP,PAPER,DP-PRE,DAY PAR NOT DIR,APR,APR-FINAL,AFFIRMED,ONT,NOT APPLICABLE,FEDERAL,DETERMINATE,MALE,BLACK,BLACK,SCHEDULE 2
2010-2011,MAY,PAPER,DP-PRE,DAY PAR NOT DIR,APR,APR-FINAL,AFFIRMED,QUE,NOT APPLICABLE,FEDERAL,DETERMINATE,MALE,WHITE,CAUCASIAN,NON SCHEDULE
2010-2011,OCT,PAPER,DP-PRE,DAY PAR NOT DIR,APR,APR-FINAL,AFFIRMED,ONT,NOT APPLICABLE,FEDERAL,DETERMINATE,MALE,WHITE,CAUCASIAN,NON SCHEDULE
2010-2011,JUN,PAPER,DP-PRE,DAY PAR NOT DIR,APR,APR-FINAL,AFFIRMED,PAC,NOT APPLICABLE,FEDERAL,DETERMINATE,MALE,WHITE,CAUCASIAN,SCHEDULE 2
2010-2011,JUL,PAPER,DP-PRE,DAY PAR NOT DIR,APR,APR-FINAL,AFFIRMED,QUE,NOT APPLICABLE,FEDERAL,DETERMINATE,MALE,WHITE,CAUCASIAN,NON SCHEDULE
2010-2011,JAN,PAPER,DP-PRE,DAY PAR NOT DIR,APR,APR-FINAL,AFFIRMED,QUE,NOT APPLICABLE,FEDERAL,DETERMINATE,MALE,WHITE,CAUCASIAN,NON SCHEDULE
2010-2011,APR,PAPER,DP-PRE,DAY PAR NOT DIR,APR,APR-FINAL,AFFIRMED,QUE,NOT APPLICABLE,FEDERAL,DETERMINATE,MALE,WHITE,CAUCASIAN,SCHE 1 W/O SEX
2010-2011,JAN,PAPER,DP-PRE,DAY PAR NOT DIR,APR,APR-FINAL,AFFIRMED,ONT,NOT APPLICABLE,FEDERAL,DETERMINATE,MALE,WHITE,CAUCASIAN,NON SCHEDULE
2010-2011,MAR,PAPER,DP-PRE,DAY PAR NOT DIR,APR,APR-FINAL,AFFIRMED,QUE,NOT APPLICABLE,FEDERAL,DETERMINATE,MALE,WHITE,CAUCASIAN,NON SCHEDULE
2010-2011,APR,PAPER,DP-PRE,DAY PAR NOT DIR,APR,APR-FINAL,AFFIRMED,ONT,NOT APPLICABLE,FEDERAL,DETERMINATE,MALE,WHITE,CAUCASIAN,NON SCHEDULE
2010-2011,SEP,PAPER,DP-PRE,DAY PAR NOT DIR,APR,APR-FINAL,AFFIRMED,QUE,NOT APPLICABLE,FEDERAL,DETERMINATE,MALE,WHITE,CAUCASIAN,SCHEDULE 2
2010-2011,JAN,PAPER,DP-PRE,DAY PAR NOT DIR,APR,APR-FINAL,AFFIRMED,PRA,SASKATOON,FEDERAL,DETERMINATE,MALE,WHITE,CAUCASIAN,NON SCHEDULE
2010-2011,JUL,PAPER,DP-PRE,DAY PAR NOT DIR,APR,APR-FINAL,AFFIRMED,ATL,NOT APPLICABLE,FEDERAL,DETERMINATE,MALE,WHITE,CAUCASIAN,NON SCHEDULE
2010-2011,MAY,PAPER,DP-PRE,DAY PAR NOT DIR,APR,APR-FINAL,AFFIRMED,ONT,NOT APPLICABLE,FEDERAL,DETERMINATE,MALE,WHITE,CAUCASIAN,NON SCHEDULE
2010-2011,AUG,PAPER,DP-PRE,DAY PAR NOT DIR,APR,APR-FINAL,AFFIRMED,ATL,NOT APPLICABLE,FEDERAL,DETERMINATE,MALE,WHITE,CAUCASIAN,SCHEDULE 2
2010-2011,AUG,PAPER,DP-PRE,DAY PAR NOT DIR,APR,APR-FINAL,AFFIRMED,QUE,NOT APPLICABLE,FEDERAL,DETERMINATE,MALE,WHITE,CAUCASIAN,NON SCHEDULE
2010-2011,MAR,PAPER,DP-PRE,DAY PAR NOT DIR,APR,APR-FINAL,AFFIRMED,PAC,NOT APPLICABLE,FEDERAL,DETERMINATE,MALE,WHITE,CAUCASIAN,NON SCHEDULE
2010-2011,MAY,PAPER,DP-PRE,DAY PAR NOT DIR,APR,APR-FINAL,AFFIRMED,QUE,NOT APPLICABLE,FEDERAL,DETERMINATE,MALE,WHITE,CAUCASIAN,SCHE 1 W/O SEX
2010-2011,MAY,PAPER,DP-PRE,DAY PAR NOT DIR,APR,APR-FINAL,AFFIRMED,ATL,NOT APPLICABLE,FEDERAL,DETERMINATE,MALE,WHITE,CAUCASIAN,SCHEDULE 2
2010-2011,JUN,PAPER,DP-PRE,DAY PAR NOT DIR,APR,APR-FINAL,AFFIRMED,ONT,NOT APPLICABLE,FEDERAL,DETERMINATE,MALE,WHITE,CAUCASIAN,NON SCHEDULE
2010-2011,JAN,PAPER,DP-PRE,DAY PAR NOT DIR,APR,APR-FINAL,AFFIRMED,ONT,NOT APPLICABLE,FEDERAL,DETERMINATE,MALE,WHITE,CAUCASIAN,NON SCHEDULE
2010-2011,OCT,PAPER,DP-PRE,DAY PAR NOT DIR,APR,APR-FINAL,AFFIRMED,ONT,NOT APPLICABLE,FEDERAL,DETERMINATE,MALE,WHITE,CAUCASIAN,NON SCHEDULE
2010-2011,OCT,PAPER,DP-PRE,DAY PAR NOT DIR,APR,APR-FINAL,AFFIRMED,ATL,NOT APPLICABLE,FEDERAL,DETERMINATE,MALE,WHITE,CAUCASIAN,NON SCHEDULE
2010-2011,AUG,PAPER,DP-PRE,DAY PAR NOT DIR,APR,APR-FINAL,AFFIRMED,QUE,NOT APPLICABLE,FEDERAL,DETERMINATE,MALE,WHITE,CAUCASIAN,NON SCHEDULE
2010-2011,SEP,PAPER,DP-PRE,DAY PAR NOT DIR,APR,APR-FINAL,AFFIRMED,QUE,NOT APPLICABLE,FEDERAL,DETERMINATE,MALE,WHITE,CAUCASIAN,SCHEDULE 2
2010-2011,SEP,PAPER,DP-PRE,DAY PAR NOT DIR,APR,APR-FINAL,AFFIRMED,ONT,NOT APPLICABLE,FEDERAL,DETERMINATE,MALE,WHITE,CAUCASIAN,NON SCHEDULE
2010-2011,FEB,PAPER,DP-PRE,DAY PAR NOT DIR,APR,APR-FINAL,AFFIRMED,PRA,EDMONTON,FEDERAL,DETERMINATE,MALE,WHITE,CAUCASIAN,SCHE 1 WITH SEX
2010-2011,MAR,PAPER,DP-PRE,DAY PAR NOT DIR,APR,APR-FINAL,AFFIRMED,PRA,EDMONTON,FEDERAL,DETERMINATE,MALE,WHITE,CAUCASIAN,SCHEDULE 2
2010-2011,MAR,PAPER,DP-PRE,DAY PAR NOT DIR,APR,APR-FINAL,AFFIRMED,ONT,NOT APPLICABLE,FEDERAL,DETERMINATE,MALE,WHITE,CAUCASIAN,SCHEDULE 2
2010-2011,MAR,PAPER,DP-PRE,DAY PAR NOT DIR,APR,APR-FINAL,AFFIRMED,PRA,SASKATOON,FEDERAL,DETERMINATE,MALE,WHITE,CAUCASIAN,SCHEDULE 2
2010-2011,APR,PAPER,DP-PRE,DAY PAR NOT DIR,APR,APR-FINAL,AFFIRMED,QUE,NOT APPLICABLE,FEDERAL,DETERMINATE,MALE,WHITE,CAUCASIAN,NON SCHEDULE
2010-2011,MAR,PAPER,DP-PRE,DAY PAR NOT DIR,APR,APR-FINAL,AFFIRMED,ONT,NOT APPLICABLE,FEDERAL,DETERMINATE,MALE,WHITE,CAUCASIAN,NON SCHEDULE
2010-2011,JUN,PAPER,DP-PRE,DAY PAR NOT DIR,APR,APR-FINAL,AFFIRMED,QUE,NOT APPLICABLE,FEDERAL,DETERMINATE,MALE,WHITE,CAUCASIAN,NON SCHEDULE
2010-2011,JUN,PAPER,DP-PRE,DAY PAR NOT DIR,APR,APR-FINAL,AFFIRMED,ONT,NOT APPLICABLE,FEDERAL,DETERMINATE,MALE,WHITE,CAUCASIAN,NON SCHEDULE
2010-2011,MAY,PAPER,DP-PRE,DAY PAR NOT DIR,APR,APR-FINAL,AFFIRMED,QUE,NOT APPLICABLE,FEDERAL,DETERMINATE,MALE,WHITE,CAUCASIAN,NON SCHEDULE
2010-2011,JUN,PAPER,DP-PRE,DAY PAR NOT DIR,APR,APR-FINAL,AFFIRMED,ONT,NOT APPLICABLE,FEDERAL,DETERMINATE,MALE,WHITE,CAUCASIAN,SCHEDULE 2
2010-2011,MAR,PAPER,DP-PRE,DAY PAR NOT DIR,APR,APR-FINAL,AFFIRMED,ATL,NOT APPLICABLE,FEDERAL,DETERMINATE,MALE,WHITE,CAUCASIAN,SCHEDULE 2
2010-2011,APR,PAPER,DP-PRE,DAY PAR NOT DIR,APR,APR-FINAL,AFFIRMED,ONT,NOT APPLICABLE,FEDERAL,DETERMINATE,MALE,WHITE,CAUCASIAN,NON SCHEDULE
2010-2011,MAR,PAPER,DP-PRE,DAY PAR NOT DIR,APR,APR-FINAL,AFFIRMED,PRA,EDMONTON,FEDERAL,DETERMINATE,MALE,WHITE,CAUCASIAN,SCHEDULE 2
2010-2011,MAR,PAPER,DP-PRE,DAY PAR NOT DIR,APR,APR-FINAL,AFFIRMED,PAC,NOT APPLICABLE,FEDERAL,DETERMINATE,MALE,METIS,ABORIGINAL,SCHE 1 W/O SEX
2010-2011,FEB,PAPER,DP-PRE,DAY PAR NOT DIR,APR,APR-FINAL,AFFIRMED,PRA,SASKATOON,FEDERAL,DETERMINATE,MALE,METIS,ABORIGINAL,SCHEDULE 2
2010-2011,MAR,PAPER,DP-PRE,DAY PAR NOT DIR,APR,APR-FINAL,AFFIRMED,ATL,NOT APPLICABLE,FEDERAL,DETERMINATE,MALE,NORTH AMERICAN,ABORIGINAL,NON SCHEDULE
2010-2011,JAN,PAPER,DP-PRE,DAY PAR NOT DIR,APR,APR-FINAL,AFFIRMED,ONT,NOT APPLICABLE,FEDERAL,DETERMINATE,MALE,NORTH AMERICAN,ABORIGINAL,SCHEDULE 2
2010-2011,JUN,PAPER,DP-PRE,DAY PAR NOT DIR,APR,APR-FINAL,AFFIRMED,PRA,SASKATOON,FEDERAL,DETERMINATE,MALE,NORTH AMERICAN,ABORIGINAL,NON SCHEDULE
2010-2011,JAN,PAPER,DP-PRE,DAY PAR NOT DIR,APR,APR-FINAL,AFFIRMED,ONT,NOT APPLICABLE,FEDERAL,DETERMINATE,MALE,NORTH AMERICAN,ABORIGINAL,NON SCHEDULE
2010-2011,MAR,PAPER,DP-PRE,DAY PAR NOT DIR,APR,APR-FINAL,AFFIRMED,PRA,EDMONTON,FEDERAL,DETERMINATE,MALE,NORTH AMERICAN,ABORIGINAL,NON SCHEDULE
2010-2011,JUL,PAPER,DP-PRE,DAY PAR NOT DIR,APR,APR-FINAL,AFFIRMED,PRA,SASKATOON,FEDERAL,DETERMINATE,MALE,OTHER,OTHER/UNKNOWN,NON SCHEDULE
2010-2011,JUL,PAPER,DP-PRE,DAY PAR NOT DIR,APR,APR-FINAL,AFFIRMED,PRA,SASKATOON,FEDERAL,DETERMINATE,MALE,FILIPINO,OTHER/UNKNOWN,SCHEDULE 2
2010-2011,SEP,PAPER,DP-PRE,DAY PAR NOT DIR,APR,APR-FINAL,AFFIRMED,PRA,SASKATOON,FEDERAL,DETERMINATE,MALE,ASI-E/SOUTHEAST,ASIAN,SCHEDULE 2
2010-2011,MAR,PAPER,DP-PRE,DAY PAR NOT DIR,APR,APR-FINAL,PAN.HEAR.ORDER.,ONT,NOT APPLICABLE,FEDERAL,DETERMINATE,MALE,WHITE,CAUCASIAN,SCHEDULE 2
2010-2011,DEC,PAPER,DP-PRE,DAY PAR NOT DIR,APR,APR-FINAL,PAN.HEAR.ORDER.,ONT,NOT APPLICABLE,FEDERAL,DETERMINATE,MALE,WHITE,CAUCASIAN,NON SCHEDULE
2010-2011,JUN,PAPER,DP-PRE,DAY PAR NOT DIR,APR,APR-FINAL,PAN.HEAR.ORDER.,PRA,SASKATOON,FEDERAL,DETERMINATE,MALE,LATIN AMERICAN,OTHER/UNKNOWN,SCHEDULE 2
2010-2011,JAN,PAPER,DP-PRE,DAY PAR NOT DIR,APR,APR-FINAL,PAN.HEAR.ORDER.,ONT,NOT APPLICABLE,FEDERAL,DETERMINATE,MALE,S. E. ASIAN,ASIAN,SCHEDULE 2
2010-2011,APR,PAPER,FP-PRE,FULL PAR. w/RES,APR,APR-INITIAL,AFFIRMED,QUE,NOT APPLICABLE,FEDERAL,DETERMINATE,MALE,LATIN AMERICAN,OTHER/UNKNOWN,NON SCHEDULE
2010-2011,JUN,PAPER,DP-PRE,DAY PAR. GRANT.,REGULAR,,AFFIRMED,PRA,EDMONTON,PROVINCIAL,DETERMINATE,MALE,BLACK,BLACK,SCHEDULE 2
2010-2011,MAY,PAPER,DP-PRE,DAY PAR. GRANT.,REGULAR,,AFFIRMED,ONT,NOT APPLICABLE,FEDERAL,INDETERMINATE,MALE,WHITE,CAUCASIAN,MURDER 2
2010-2011,JUL,PAPER,DP-PRE,DAY PAR. GRANT.,REGULAR,,AFFIRMED,PRA,SASKATOON,FEDERAL,DETERMINATE,MALE,METIS,ABORIGINAL,SCHE 1 W/O SEX
2010-2011,FEB,PAPER,DP-POST,DP DIR REV CONF,REGULAR,,AFFIRMED,ONT,NOT APPLICABLE,FEDERAL,DETERMINATE,MALE,NORTH AMERICAN,ABORIGINAL,SCHE 1 W/O SEX
2010-2011,MAY,PAPER,DP-PRE,DP DIRECTED,APR,APR-INITIAL,AFFIRMED,ONT,NOT APPLICABLE,FEDERAL,DETERMINATE,MALE,BLACK,BLACK,SCHEDULE 2
2010-2011,NOV,PAPER,DP-PRE,DP DIRECTED,APR,APR-INITIAL,AFFIRMED,QUE,NOT APPLICABLE,FEDERAL,DETERMINATE,MALE,WHITE,CAUCASIAN,NON SCHEDULE
2010-2011,JAN,PAPER,DP-PRE,DP DIRECTED,APR,APR-INITIAL,AFFIRMED,ATL,NOT APPLICABLE,FEDERAL,DETERMINATE,MALE,WHITE,CAUCASIAN,SCHEDULE 2
2010-2011,JAN,PAPER,FP-PRE,FP GRANTED,REGULAR,,AFFIRMED,ONT,NOT APPLICABLE,FEDERAL,DETERMINATE,MALE,WHITE,CAUCASIAN,SCHE 1 W/O SEX
2010-2011,JUN,PAPER,FP-PRE,FP GRANTED,REGULAR,,AFFIRMED,PRA,SASKATOON,FEDERAL,DETERMINATE,MALE,WHITE,CAUCASIAN,SCHE 1 W/O SEX
2010-2011,AUG,PAPER,FP-PRE,FP DIRECTED,APR,APR-INITIAL,AFFIRMED,QUE,NOT APPLICABLE,FEDERAL,DETERMINATE,MALE,BLACK,BLACK,NON SCHEDULE
2010-2011,MAY,PAPER,FP-PRE,FP DIRECTED,APR,APR-INITIAL,AFFIRMED,ONT,NOT APPLICABLE,FEDERAL,DETERMINATE,MALE,BLACK,BLACK,SCHEDULE 2
2010-2011,NOV,PAPER,FP-PRE,FP DIRECTED,APR,APR-INITIAL,AFFIRMED,QUE,NOT APPLICABLE,FEDERAL,DETERMINATE,MALE,WHITE,CAUCASIAN,NON SCHEDULE
2010-2011,MAR,PAPER,FP-PRE,FP DIRECTED,APR,APR-INITIAL,AFFIRMED,QUE,NOT APPLICABLE,FEDERAL,DETERMINATE,MALE,WHITE,CAUCASIAN,SCHEDULE 2
2010-2011,MAY,PAPER,FP-PRE,FP DIRECTED,APR,APR-INITIAL,AFFIRMED,QUE,NOT APPLICABLE,FEDERAL,DETERMINATE,MALE,WHITE,CAUCASIAN,NON SCHEDULE
2010-2011,JAN,PAPER,FP-PRE,FP DIRECTED,APR,APR-INITIAL,AFFIRMED,ATL,NOT APPLICABLE,FEDERAL,DETERMINATE,MALE,WHITE,CAUCASIAN,SCHEDULE 2
2010-2011,JAN,PAPER,FP-PRE,FP DIRECTED,APR,APR-INITIAL,AFFIRMED,ONT,NOT APPLICABLE,FEDERAL,DETERMINATE,MALE,S. E. ASIAN,ASIAN,NON SCHEDULE
2010-2011,APR,PAPER,FP-PRE,FP DIRECTED,APR,APR-INITIAL,REVIEW ORDERED,QUE,NOT APPLICABLE,FEDERAL,DETERMINATE,MALE,WHITE,CAUCASIAN,SCHEDULE 2
2010-2011,FEB,PAPER,FP-POST,FP NO ACT-POST,REGULAR,,AFFIRMED,ONT,NOT APPLICABLE,FEDERAL,INDETERMINATE,MALE,WHITE,CAUCASIAN,MURDER 2
2010-2011,JUL,PAPER,FP-POST,FP NO ACT-POST,APR,APR-INITIAL,AFFIRMED,ONT,NOT APPLICABLE,FEDERAL,DETERMINATE,FEMALE,BLACK,BLACK,SCHEDULE 2
2010-2011,JUL,PAPER,FP-POST,FP NO ACT-POST,APR,APR-INITIAL,AFFIRMED,ONT,NOT APPLICABLE,FEDERAL,DETERMINATE,MALE,WHITE,CAUCASIAN,SCHEDULE 2
2010-2011,DEC,PAPER,FP-POST,FP CHG.COND-PST,REGULAR,,AFFIRMED,ONT,NOT APPLICABLE,FEDERAL,INDETERMINATE,MALE,WHITE,CAUCASIAN,MURDER 2
2010-2011,NOV,PAPER,FP-POST,FP CHG.COND-PST,APR,APR-INITIAL,REVIEW ORDERED,PAC,NOT APPLICABLE,FEDERAL,DETERMINATE,MALE,S. E. ASIAN,ASIAN,NON SCHEDULE
2010-2011,JAN,PAPER,ETA,ETA APPROVED,REGULAR,,PAN.HEAR.ORDER.,QUE,NOT APPLICABLE,FEDERAL,INDETERMINATE,MALE,WHITE,CAUCASIAN,MURDER 2
2010-2011,DEC,PAPER,UTA-POST,UTA NO ACT-POST,REGULAR,,REVIEW ORDERED,QUE,NOT APPLICABLE,FEDERAL,INDETERMINATE,MALE,WHITE,CAUCASIAN,MURDER 2
2010-2011,OCT,PAPER,SR-PRE,SR NO ACT.-PRE,REGULAR,,REVIEW ORDERED,ATL,NOT APPLICABLE,FEDERAL,DETERMINATE,MALE,WHITE,CAUCASIAN,SCHE 1 W/O SEX
2010-2011,JUN,PAPER,SR-PRE,SR CHG.COND-PRE,REGULAR,,CHANGE CONDITI.,PRA,EDMONTON,FEDERAL,DETERMINATE,MALE,WHITE,CAUCASIAN,SCHEDULE 2
2010-2011,APR,PAPER,SR-PRE,SR CHG.COND-PRE,REGULAR,,CHANGE CONDITI.,ONT,NOT APPLICABLE,FEDERAL,DETERMINATE,MALE,WHITE,CAUCASIAN,SCHE 1 W/O SEX
2010-2011,APR,PAPER,SR-PRE,SR CHG.COND-PRE,REGULAR,,AFFIRMED,ONT,NOT APPLICABLE,FEDERAL,DETERMINATE,MALE,BLACK,BLACK,SCHE 1 W/O SEX
2010-2011,APR,PAPER,SR-PRE,SR CHG.COND-PRE,REGULAR,,AFFIRMED,ONT,NOT APPLICABLE,FEDERAL,DETERMINATE,MALE,BLACK,BLACK,SCHE 1 W/O SEX
2010-2011,JUL,PAPER,SR-PRE,SR CHG.COND-PRE,REGULAR,,AFFIRMED,QUE,NOT APPLICABLE,FEDERAL,DETERMINATE,MALE,BLACK,BLACK,SCHEDULE 2
2010-2011,JAN,PAPER,SR-PRE,SR CHG.COND-PRE,REGULAR,,AFFIRMED,ATL,NOT APPLICABLE,FEDERAL,DETERMINATE,MALE,BLACK,BLACK,SCHEDULE 2
2010-2011,SEP,PAPER,SR-PRE,SR CHG.COND-PRE,REGULAR,,AFFIRMED,QUE,NOT APPLICABLE,FEDERAL,DETERMINATE,MALE,BLACK,BLACK,SCHE 1 WITH SEX
2010-2011,JAN,PAPER,SR-PRE,SR CHG.COND-PRE,REGULAR,,AFFIRMED,PRA,EDMONTON,FEDERAL,DETERMINATE,MALE,BLACK,BLACK,SCHE 1 W/O SEX
2010-2011,JAN,PAPER,SR-PRE,SR CHG.COND-PRE,REGULAR,,AFFIRMED,ONT,NOT APPLICABLE,FEDERAL,DETERMINATE,MALE,BLACK,BLACK,SCHE 1 WITH SEX
2010-2011,JAN,PAPER,SR-PRE,SR CHG.COND-PRE,REGULAR,,AFFIRMED,ONT,NOT APPLICABLE,FEDERAL,DETERMINATE,MALE,BLACK,BLACK,SCHE 1 W/O SEX
2010-2011,AUG,PAPER,SR-PRE,SR CHG.COND-PRE,REGULAR,,AFFIRMED,QUE,NOT APPLICABLE,FEDERAL,DETERMINATE,MALE,WHITE,CAUCASIAN,SCHEDULE 2
2010-2011,JUL,PAPER,SR-PRE,SR CHG.COND-PRE,REGULAR,,AFFIRMED,QUE,NOT APPLICABLE,FEDERAL,DETERMINATE,MALE,WHITE,CAUCASIAN,SCHE 1 W/O SEX
2010-2011,NOV,PAPER,SR-PRE,SR CHG.COND-PRE,REGULAR,,AFFIRMED,QUE,NOT APPLICABLE,FEDERAL,DETERMINATE,MALE,WHITE,CAUCASIAN,SCHE 1 WITH SEX
2010-2011,APR,PAPER,SR-PRE,SR CHG.COND-PRE,REGULAR,,AFFIRMED,PRA,SASKATOON,FEDERAL,DETERMINATE,MALE,WHITE,CAUCASIAN,NON SCHEDULE
2010-2011,JAN,PAPER,SR-PRE,SR CHG.COND-PRE,REGULAR,,AFFIRMED,PAC,NOT APPLICABLE,FEDERAL,DETERMINATE,MALE,WHITE,CAUCASIAN,SCHE 1 W/O SEX
2010-2011,JAN,PAPER,SR-PRE,SR CHG.COND-PRE,REGULAR,,AFFIRMED,ONT,NOT APPLICABLE,FEDERAL,DETERMINATE,MALE,WHITE,CAUCASIAN,SCHE 1 W/O SEX
2010-2011,NOV,PAPER,SR-PRE,SR CHG.COND-PRE,REGULAR,,AFFIRMED,ONT,NOT APPLICABLE,FEDERAL,DETERMINATE,MALE,WHITE,CAUCASIAN,SCHE 1 W/O SEX
2010-2011,MAY,PAPER,SR-PRE,SR CHG.COND-PRE,REGULAR,,AFFIRMED,QUE,NOT APPLICABLE,FEDERAL,DETERMINATE,MALE,WHITE,CAUCASIAN,SCHE 1 W/O SEX
2010-2011,OCT,PAPER,SR-PRE,SR CHG.COND-PRE,REGULAR,,AFFIRMED,ONT,NOT APPLICABLE,FEDERAL,DETERMINATE,MALE,WHITE,CAUCASIAN,SCHE 1 W/O SEX
2010-2011,JUL,PAPER,SR-PRE,SR CHG.COND-PRE,REGULAR,,AFFIRMED,QUE,NOT APPLICABLE,FEDERAL,DETERMINATE,MALE,WHITE,CAUCASIAN,SCHE 1 W/O SEX
2010-2011,JAN,PAPER,SR-PRE,SR CHG.COND-PRE,REGULAR,,AFFIRMED,PRA,EDMONTON,FEDERAL,DETERMINATE,MALE,WHITE,CAUCASIAN,NON SCHEDULE
2010-2011,OCT,PAPER,SR-PRE,SR CHG.COND-PRE,REGULAR,,AFFIRMED,QUE,NOT APPLICABLE,FEDERAL,DETERMINATE,MALE,WHITE,CAUCASIAN,SCHE 1 WITH SEX
2010-2011,APR,PAPER,SR-PRE,SR CHG.COND-PRE,REGULAR,,AFFIRMED,PAC,NOT APPLICABLE,FEDERAL,DETERMINATE,MALE,WHITE,CAUCASIAN,NON SCHEDULE
2010-2011,APR,PAPER,SR-PRE,SR CHG.COND-PRE,REGULAR,,AFFIRMED,PRA,EDMONTON,FEDERAL,DETERMINATE,FEMALE,WHITE,CAUCASIAN,SCHE 1 W/O SEX
2010-2011,JAN,PAPER,SR-PRE,SR CHG.COND-PRE,REGULAR,,AFFIRMED,ATL,NOT APPLICABLE,FEDERAL,DETERMINATE,MALE,WHITE,CAUCASIAN,SCHE 1 W/O SEX
2010-2011,JAN,PAPER,SR-PRE,SR CHG.COND-PRE,REGULAR,,AFFIRMED,ONT,NOT APPLICABLE,FEDERAL,DETERMINATE,MALE,WHITE,CAUCASIAN,SCHEDULE 2
2010-2011,MAR,PAPER,SR-PRE,SR CHG.COND-PRE,REGULAR,,AFFIRMED,QUE,NOT APPLICABLE,FEDERAL,DETERMINATE,MALE,WHITE,CAUCASIAN,SCHE 1 W/O SEX
2010-2011,JUN,PAPER,SR-PRE,SR CHG.COND-PRE,REGULAR,,AFFIRMED,PAC,NOT APPLICABLE,FEDERAL,DETERMINATE,MALE,WHITE,CAUCASIAN,SCHE 1 W/O SEX
2010-2011,AUG,PAPER,SR-PRE,SR CHG.COND-PRE,REGULAR,,AFFIRMED,QUE,NOT APPLICABLE,FEDERAL,DETERMINATE,MALE,WHITE,CAUCASIAN,SCHE 1 WITH SEX
2010-2011,APR,PAPER,SR-PRE,SR CHG.COND-PRE,REGULAR,,AFFIRMED,PAC,NOT APPLICABLE,FEDERAL,DETERMINATE,MALE,WHITE,CAUCASIAN,NON SCHEDULE
2010-2011,DEC,PAPER,SR-PRE,SR CHG.COND-PRE,REGULAR,,AFFIRMED,PRA,SASKATOON,FEDERAL,DETERMINATE,MALE,WHITE,CAUCASIAN,SCHE 1 W/O SEX
2010-2011,APR,PAPER,SR-PRE,SR CHG.COND-PRE,REGULAR,,AFFIRMED,QUE,NOT APPLICABLE,FEDERAL,DETERMINATE,MALE,WHITE,CAUCASIAN,SCHE 1 WITH SEX
2010-2011,AUG,PAPER,SR-PRE,SR CHG.COND-PRE,REGULAR,,AFFIRMED,PRA,EDMONTON,FEDERAL,DETERMINATE,MALE,WHITE,CAUCASIAN,SCHE 1 W/O SEX
2010-2011,JUL,PAPER,SR-PRE,SR CHG.COND-PRE,REGULAR,,AFFIRMED,ONT,NOT APPLICABLE,FEDERAL,DETERMINATE,MALE,WHITE,CAUCASIAN,SCHE 1 W/O SEX
2010-2011,NOV,PAPER,SR-PRE,SR CHG.COND-PRE,REGULAR,,AFFIRMED,PRA,EDMONTON,FEDERAL,DETERMINATE,MALE,WHITE,CAUCASIAN,NON SCHEDULE
2010-2011,JAN,PAPER,SR-PRE,SR CHG.COND-PRE,REGULAR,,AFFIRMED,ONT,NOT APPLICABLE,FEDERAL,DETERMINATE,MALE,WHITE,CAUCASIAN,NON SCHEDULE
2010-2011,NOV,PAPER,SR-PRE,SR CHG.COND-PRE,REGULAR,,AFFIRMED,ONT,NOT APPLICABLE,FEDERAL,DETERMINATE,FEMALE,WHITE,CAUCASIAN,MURDER 1
2010-2011,OCT,PAPER,SR-PRE,SR CHG.COND-PRE,REGULAR,,AFFIRMED,ATL,NOT APPLICABLE,FEDERAL,DETERMINATE,MALE,WHITE,CAUCASIAN,SCHE 1 W/O SEX
2010-2011,APR,PAPER,SR-PRE,SR CHG.COND-PRE,REGULAR,,AFFIRMED,ONT,NOT APPLICABLE,FEDERAL,DETERMINATE,MALE,WHITE,CAUCASIAN,SCHEDULE 2
2010-2011,JUN,PAPER,SR-PRE,SR CHG.COND-PRE,REGULAR,,AFFIRMED,QUE,NOT APPLICABLE,FEDERAL,DETERMINATE,MALE,WHITE,CAUCASIAN,SCHE 1 W/O SEX
2010-2011,JUL,PAPER,SR-PRE,SR CHG.COND-PRE,REGULAR,,AFFIRMED,PRA,EDMONTON,FEDERAL,DETERMINATE,MALE,METIS,ABORIGINAL,SCHE 1 W/O SEX
2010-2011,MAY,PAPER,SR-PRE,SR CHG.COND-PRE,REGULAR,,AFFIRMED,PAC,NOT APPLICABLE,FEDERAL,DETERMINATE,MALE,METIS,ABORIGINAL,SCHE 1 W/O SEX
2010-2011,DEC,PAPER,SR-PRE,SR CHG.COND-PRE,REGULAR,,AFFIRMED,PRA,SASKATOON,FEDERAL,DETERMINATE,MALE,METIS,ABORIGINAL,SCHE 1 W/O SEX
2010-2011,JUL,PAPER,SR-PRE,SR CHG.COND-PRE,REGULAR,,AFFIRMED,ATL,NOT APPLICABLE,FEDERAL,DETERMINATE,MALE,NORTH AMERICAN,ABORIGINAL,SCHE 1 W/O SEX
2010-2011,JUN,PAPER,SR-PRE,SR CHG.COND-PRE,REGULAR,,AFFIRMED,PRA,SASKATOON,FEDERAL,DETERMINATE,MALE,NORTH AMERICAN,ABORIGINAL,SCHE 1 W/O SEX
2010-2011,APR,PAPER,SR-PRE,SR CHG.COND-PRE,REGULAR,,AFFIRMED,PAC,NOT APPLICABLE,FEDERAL,DETERMINATE,MALE,NORTH AMERICAN,ABORIGINAL,SCHE 1 W/O SEX
2010-2011,MAY,PAPER,SR-PRE,SR CHG.COND-PRE,REGULAR,,AFFIRMED,PAC,NOT APPLICABLE,FEDERAL,DETERMINATE,MALE,NORTH AMERICAN,ABORIGINAL,NON SCHEDULE
2010-2011,OCT,PAPER,SR-PRE,SR CHG.COND-PRE,REGULAR,,AFFIRMED,PAC,NOT APPLICABLE,FEDERAL,DETERMINATE,MALE,NORTH AMERICAN,ABORIGINAL,SCHE 1 WITH SEX
2010-2011,SEP,PAPER,SR-PRE,SR CHG.COND-PRE,REGULAR,,AFFIRMED,ONT,NOT APPLICABLE,FEDERAL,DETERMINATE,MALE,OTHER,OTHER/UNKNOWN,SCHE 1 WITH SEX
2010-2011,MAR,PAPER,SR-PRE,SR CHG.COND-PRE,REGULAR,,AFFIRMED,PAC,NOT APPLICABLE,FEDERAL,DETERMINATE,MALE,CHINESE,ASIAN,SCHEDULE 2
2010-2011,JUL,PAPER,SR-PRE,SR CHG.COND-PRE,REGULAR,,REVIEW ORDERED,ONT,NOT APPLICABLE,FEDERAL,DETERMINATE,MALE,WHITE,CAUCASIAN,SCHEDULE 2
2010-2011,JAN,PAPER,SR-PRE,SR CHG.COND-PRE,REGULAR,,REVIEW ORDERED,ONT,NOT APPLICABLE,FEDERAL,DETERMINATE,MALE,WHITE,CAUCASIAN,SCHE 1 W/O SEX
2010-2011,SEP,PAPER,SR-POST,SR CHG.COND-PST,REGULAR,,AFFIRMED,QUE,NOT APPLICABLE,FEDERAL,DETERMINATE,MALE,WHITE,CAUCASIAN,SCHE 1 WITH SEX
2011-2012,SEP,PAPER,FP-PRE,FP DENIED,REGULAR,,AFFIRMED,PRA,EDMONTON,PROVINCIAL,DETERMINATE,MALE,UNK,OTHER/UNKNOWN,SCHEDULE 2
2011-2012,JAN,PAPER,FP-PRE,FP DENIED,REGULAR,,AFFIRMED,PAC,NOT APPLICABLE,PROVINCIAL,DETERMINATE,MALE,UNK,OTHER/UNKNOWN,SCHEDULE 2
2011-2012,AUG,PAPER,FP-PRE,FP DENIED,REGULAR,,AFFIRMED,PRA,SASKATOON,PROVINCIAL,DETERMINATE,MALE,UNK,OTHER/UNKNOWN,SCHE 1 W/O SEX
2011-2012,JUN,PAPER,FP-PRE,FP DENIED,REGULAR,,AFFIRMED,PAC,NOT APPLICABLE,PROVINCIAL,DETERMINATE,MALE,UNK,OTHER/UNKNOWN,NON SCHEDULE
2011-2012,APR,PAPER,FP-PRE,FP DENIED,REGULAR,,AFFIRMED,PRA,EDMONTON,PROVINCIAL,DETERMINATE,MALE,UNK,OTHER/UNKNOWN,SCHE 1 W/O SEX
2011-2012,JUN,PAPER,FP-PRE,FP DENIED,REGULAR,,AFFIRMED,ONT,NOT APPLICABLE,FEDERAL,DETERMINATE,MALE,ARAB/WEST ASIAN,OTHER/UNKNOWN,NON SCHEDULE
2011-2012,DEC,PAPER,FP-PRE,FP DENIED,REGULAR,,AFFIRMED,ONT,NOT APPLICABLE,FEDERAL,DETERMINATE,MALE,ARAB/WEST ASIAN,OTHER/UNKNOWN,SCHEDULE 2
2011-2012,JAN,PAPER,FP-PRE,FP DENIED,REGULAR,,AFFIRMED,PRA,EDMONTON,FEDERAL,DETERMINATE,MALE,ARAB/WEST ASIAN,OTHER/UNKNOWN,SCHE 1 WITH SEX
2011-2012,SEP,PAPER,FP-PRE,FP DENIED,REGULAR,,AFFIRMED,QUE,NOT APPLICABLE,FEDERAL,DETERMINATE,MALE,ARAB/WEST ASIAN,OTHER/UNKNOWN,SCHEDULE 2
2011-2012,JUN,PAPER,FP-PRE,FP DENIED,REGULAR,,AFFIRMED,ONT,NOT APPLICABLE,FEDERAL,DETERMINATE,MALE,ASIATIC,ASIAN,SCHEDULE 2
2011-2012,MAR,PAPER,FP-PRE,FP DENIED,REGULAR,,AFFIRMED,ONT,NOT APPLICABLE,FEDERAL,DETERMINATE,MALE,BLACK,BLACK,SCHE 1 W/O SEX
2011-2012,OCT,PAPER,FP-PRE,FP DENIED,REGULAR,,AFFIRMED,ONT,NOT APPLICABLE,FEDERAL,INDETERMINATE,MALE,BLACK,BLACK,MURDER 2
2011-2012,SEP,PAPER,FP-PRE,FP DENIED,REGULAR,,AFFIRMED,QUE,NOT APPLICABLE,FEDERAL,INDETERMINATE,MALE,BLACK,BLACK,MURDER 2
2011-2012,MAY,PAPER,FP-PRE,FP DENIED,REGULAR,,AFFIRMED,ONT,NOT APPLICABLE,FEDERAL,INDETERMINATE,MALE,BLACK,BLACK,MURDER 1
2011-2012,MAR,PAPER,FP-PRE,FP DENIED,REGULAR,,AFFIRMED,ONT,NOT APPLICABLE,FEDERAL,INDETERMINATE,MALE,BLACK,BLACK,MURDER 2
2011-2012,FEB,PAPER,FP-PRE,FP DENIED,REGULAR,,AFFIRMED,PRA,SASKATOON,FEDERAL,INDETERMINATE,MALE,BLACK,BLACK,MURDER 1
2011-2012,OCT,PAPER,FP-PRE,FP DENIED,REGULAR,,AFFIRMED,ONT,NOT APPLICABLE,FEDERAL,DETERMINATE,MALE,WHITE,CAUCASIAN,SCHE 1 W/O SEX
2011-2012,MAR,PAPER,FP-PRE,FP DENIED,REGULAR,,AFFIRMED,QUE,NOT APPLICABLE,FEDERAL,DETERMINATE,MALE,WHITE,CAUCASIAN,SCHEDULE 2
2011-2012,JAN,PAPER,FP-PRE,FP DENIED,REGULAR,,AFFIRMED,ATL,NOT APPLICABLE,PROVINCIAL,DETERMINATE,FEMALE,WHITE,CAUCASIAN,NON SCHEDULE
2011-2012,JAN,PAPER,FP-PRE,FP DENIED,REGULAR,,AFFIRMED,QUE,NOT APPLICABLE,FEDERAL,DETERMINATE,MALE,WHITE,CAUCASIAN,SCHEDULE 2
2011-2012,JUN,PAPER,FP-PRE,FP DENIED,REGULAR,,AFFIRMED,QUE,NOT APPLICABLE,FEDERAL,DETERMINATE,MALE,WHITE,CAUCASIAN,NON SCHEDULE
2011-2012,MAY,PAPER,FP-PRE,FP DENIED,REGULAR,,AFFIRMED,PAC,NOT APPLICABLE,PROVINCIAL,DETERMINATE,MALE,WHITE,CAUCASIAN,NON SCHEDULE
2011-2012,JAN,PAPER,FP-PRE,FP DENIED,REGULAR,,AFFIRMED,PAC,NOT APPLICABLE,FEDERAL,DETERMINATE,MALE,WHITE,CAUCASIAN,SCHE 1 W/O SEX
2011-2012,MAY,PAPER,FP-PRE,FP DENIED,REGULAR,,AFFIRMED,PAC,NOT APPLICABLE,FEDERAL,DETERMINATE,MALE,WHITE,CAUCASIAN,NON SCHEDULE
2011-2012,FEB,PAPER,FP-PRE,FP DENIED,REGULAR,,AFFIRMED,QUE,NOT APPLICABLE,FEDERAL,DETERMINATE,MALE,WHITE,CAUCASIAN,SCHEDULE 2
2011-2012,AUG,PAPER,FP-PRE,FP DENIED,REGULAR,,AFFIRMED,QUE,NOT APPLICABLE,FEDERAL,DETERMINATE,MALE,WHITE,CAUCASIAN,SCHEDULE 2
2011-2012,SEP,PAPER,FP-PRE,FP DENIED,REGULAR,,AFFIRMED,QUE,NOT APPLICABLE,FEDERAL,DETERMINATE,MALE,WHITE,CAUCASIAN,SCHE 1 W/O SEX
2011-2012,JUN,PAPER,FP-PRE,FP DENIED,REGULAR,,AFFIRMED,PRA,EDMONTON,FEDERAL,DETERMINATE,MALE,WHITE,CAUCASIAN,SCHE 1 W/O SEX
2011-2012,FEB,PAPER,FP-PRE,FP DENIED,REGULAR,,AFFIRMED,PAC,NOT APPLICABLE,FEDERAL,DETERMINATE,MALE,WHITE,CAUCASIAN,NON SCHEDULE
2011-2012,FEB,PAPER,FP-PRE,FP DENIED,REGULAR,,AFFIRMED,ATL,NOT APPLICABLE,PROVINCIAL,DETERMINATE,MALE,WHITE,CAUCASIAN,SCHE 1 W/O SEX
2011-2012,AUG,PAPER,FP-PRE,FP DENIED,REGULAR,,AFFIRMED,QUE,NOT APPLICABLE,FEDERAL,DETERMINATE,MALE,WHITE,CAUCASIAN,SCHEDULE 2
2011-2012,MAR,PAPER,FP-PRE,FP DENIED,REGULAR,,AFFIRMED,QUE,NOT APPLICABLE,FEDERAL,DETERMINATE,MALE,WHITE,CAUCASIAN,SCHE 1 W/O SEX
2011-2012,JUL,PAPER,FP-PRE,FP DENIED,REGULAR,,AFFIRMED,ATL,NOT APPLICABLE,FEDERAL,DETERMINATE,MALE,WHITE,CAUCASIAN,SCHE 1 W/O SEX
2011-2012,NOV,PAPER,FP-PRE,FP DENIED,REGULAR,,AFFIRMED,ONT,NOT APPLICABLE,FEDERAL,DETERMINATE,MALE,WHITE,CAUCASIAN,SCHE 1 W/O SEX
2011-2012,JUN,PAPER,FP-PRE,FP DENIED,REGULAR,,AFFIRMED,ONT,NOT APPLICABLE,FEDERAL,DETERMINATE,MALE,WHITE,CAUCASIAN,SCHEDULE 2
2011-2012,JUN,PAPER,FP-PRE,FP DENIED,REGULAR,,AFFIRMED,PAC,NOT APPLICABLE,FEDERAL,DETERMINATE,MALE,WHITE,CAUCASIAN,SCHE 1 W/O SEX
2011-2012,FEB,PAPER,FP-PRE,FP DENIED,REGULAR,,AFFIRMED,QUE,NOT APPLICABLE,FEDERAL,DETERMINATE,MALE,WHITE,CAUCASIAN,NON SCHEDULE
2011-2012,APR,PAPER,FP-PRE,FP DENIED,REGULAR,,AFFIRMED,PRA,SASKATOON,FEDERAL,DETERMINATE,MALE,WHITE,CAUCASIAN,SCHE 1 WITH SEX
2011-2012,DEC,PAPER,FP-PRE,FP DENIED,REGULAR,,AFFIRMED,PRA,EDMONTON,FEDERAL,DETERMINATE,MALE,WHITE,CAUCASIAN,SCHE 1 W/O SEX
2011-2012,JUL,PAPER,FP-PRE,FP DENIED,REGULAR,,AFFIRMED,PRA,EDMONTON,FEDERAL,DETERMINATE,MALE,WHITE,CAUCASIAN,SCHEDULE 2
2011-2012,DEC,PAPER,FP-PRE,FP DENIED,REGULAR,,AFFIRMED,QUE,NOT APPLICABLE,FEDERAL,DETERMINATE,MALE,WHITE,CAUCASIAN,SCHE 1 W/O SEX
2011-2012,APR,PAPER,FP-PRE,FP DENIED,REGULAR,,AFFIRMED,QUE,NOT APPLICABLE,FEDERAL,DETERMINATE,MALE,WHITE,CAUCASIAN,NON SCHEDULE
2011-2012,AUG,PAPER,FP-PRE,FP DENIED,REGULAR,,AFFIRMED,ATL,NOT APPLICABLE,PROVINCIAL,DETERMINATE,MALE,WHITE,CAUCASIAN,SCHE 1 W/O SEX
2011-2012,JUL,PAPER,FP-PRE,FP DENIED,REGULAR,,AFFIRMED,QUE,NOT APPLICABLE,FEDERAL,DETERMINATE,MALE,WHITE,CAUCASIAN,SCHEDULE 2
2011-2012,AUG,PAPER,FP-PRE,FP DENIED,REGULAR,,AFFIRMED,ONT,NOT APPLICABLE,FEDERAL,DETERMINATE,MALE,WHITE,CAUCASIAN,NON SCHEDULE
2011-2012,SEP,PAPER,FP-PRE,FP DENIED,REGULAR,,AFFIRMED,ONT,NOT APPLICABLE,FEDERAL,DETERMINATE,MALE,WHITE,CAUCASIAN,SCHE 1 W/O SEX
2011-2012,OCT,PAPER,FP-PRE,FP DENIED,REGULAR,,AFFIRMED,QUE,NOT APPLICABLE,FEDERAL,DETERMINATE,MALE,WHITE,CAUCASIAN,SCHE 1 WITH SEX
2011-2012,NOV,PAPER,FP-PRE,FP DENIED,REGULAR,,AFFIRMED,PAC,NOT APPLICABLE,FEDERAL,DETERMINATE,MALE,WHITE,CAUCASIAN,NON SCHEDULE
2011-2012,SEP,PAPER,FP-PRE,FP DENIED,REGULAR,,AFFIRMED,QUE,NOT APPLICABLE,FEDERAL,DETERMINATE,MALE,WHITE,CAUCASIAN,SCHE 1 WITH SEX
2011-2012,OCT,PAPER,FP-PRE,FP DENIED,REGULAR,,AFFIRMED,ATL,NOT APPLICABLE,PROVINCIAL,DETERMINATE,MALE,WHITE,CAUCASIAN,SCHE 1 W/O SEX
2011-2012,FEB,PAPER,FP-PRE,FP DENIED,REGULAR,,AFFIRMED,ONT,NOT APPLICABLE,FEDERAL,DETERMINATE,MALE,WHITE,CAUCASIAN,SCHEDULE 2
2011-2012,MAY,PAPER,FP-PRE,FP DENIED,REGULAR,,AFFIRMED,PRA,EDMONTON,PROVINCIAL,DETERMINATE,MALE,WHITE,CAUCASIAN,SCHE 1 W/O SEX
2011-2012,OCT,PAPER,FP-PRE,FP DENIED,REGULAR,,AFFIRMED,ATL,NOT APPLICABLE,FEDERAL,DETERMINATE,MALE,WHITE,CAUCASIAN,SCHEDULE 2
2011-2012,APR,PAPER,FP-PRE,FP DENIED,REGULAR,,AFFIRMED,PRA,EDMONTON,PROVINCIAL,DETERMINATE,MALE,WHITE,CAUCASIAN,SCHE 1 W/O SEX
2011-2012,MAR,PAPER,FP-PRE,FP DENIED,REGULAR,,AFFIRMED,ONT,NOT APPLICABLE,FEDERAL,DETERMINATE,MALE,WHITE,CAUCASIAN,NON SCHEDULE
2011-2012,MAY,PAPER,FP-PRE,FP DENIED,REGULAR,,AFFIRMED,ATL,NOT APPLICABLE,PROVINCIAL,DETERMINATE,MALE,WHITE,CAUCASIAN,NON SCHEDULE
2011-2012,MAR,PAPER,FP-PRE,FP DENIED,REGULAR,,AFFIRMED,ONT,NOT APPLICABLE,FEDERAL,DETERMINATE,MALE,WHITE,CAUCASIAN,SCHE 1 WITH SEX
2011-2012,MAY,PAPER,FP-PRE,FP DENIED,REGULAR,,AFFIRMED,QUE,NOT APPLICABLE,FEDERAL,DETERMINATE,MALE,WHITE,CAUCASIAN,SCHE 1 W/O SEX
2011-2012,AUG,PAPER,FP-PRE,FP DENIED,REGULAR,,AFFIRMED,ONT,NOT APPLICABLE,FEDERAL,DETERMINATE,MALE,WHITE,CAUCASIAN,NON SCHEDULE
2011-2012,APR,PAPER,FP-PRE,FP DENIED,REGULAR,,AFFIRMED,PRA,EDMONTON,PROVINCIAL,DETERMINATE,MALE,WHITE,CAUCASIAN,SCHE 1 W/O SEX
2011-2012,AUG,PAPER,FP-PRE,FP DENIED,REGULAR,,AFFIRMED,PAC,NOT APPLICABLE,FEDERAL,DETERMINATE,MALE,WHITE,CAUCASIAN,NON SCHEDULE
2011-2012,SEP,PAPER,FP-PRE,FP DENIED,REGULAR,,AFFIRMED,PRA,SASKATOON,FEDERAL,DETERMINATE,MALE,WHITE,CAUCASIAN,SCHE 1 WITH SEX
2011-2012,SEP,PAPER,FP-PRE,FP DENIED,REGULAR,,AFFIRMED,ONT,NOT APPLICABLE,FEDERAL,DETERMINATE,MALE,WHITE,CAUCASIAN,SCHE 1 W/O SEX
2011-2012,DEC,PAPER,FP-PRE,FP DENIED,REGULAR,,AFFIRMED,PRA,SASKATOON,FEDERAL,DETERMINATE,MALE,WHITE,CAUCASIAN,SCHEDULE 2
2011-2012,NOV,PAPER,FP-PRE,FP DENIED,REGULAR,,AFFIRMED,QUE,NOT APPLICABLE,FEDERAL,DETERMINATE,MALE,WHITE,CAUCASIAN,SCHE 1 W/O SEX
2011-2012,OCT,PAPER,FP-PRE,FP DENIED,REGULAR,,AFFIRMED,PRA,SASKATOON,FEDERAL,DETERMINATE,MALE,WHITE,CAUCASIAN,SCHE 1 WITH SEX
2011-2012,JUN,PAPER,FP-PRE,FP DENIED,REGULAR,,AFFIRMED,QUE,NOT APPLICABLE,FEDERAL,DETERMINATE,FEMALE,WHITE,CAUCASIAN,SCHE 1 W/O SEX
2011-2012,AUG,PAPER,FP-PRE,FP DENIED,REGULAR,,AFFIRMED,QUE,NOT APPLICABLE,FEDERAL,DETERMINATE,MALE,WHITE,CAUCASIAN,SCHE 1 W/O SEX
2011-2012,SEP,PAPER,FP-PRE,FP DENIED,REGULAR,,AFFIRMED,ATL,NOT APPLICABLE,PROVINCIAL,DETERMINATE,MALE,WHITE,CAUCASIAN,NON SCHEDULE
2011-2012,NOV,PAPER,FP-PRE,FP DENIED,REGULAR,,AFFIRMED,QUE,NOT APPLICABLE,FEDERAL,DETERMINATE,MALE,WHITE,CAUCASIAN,NON SCHEDULE
2011-2012,NOV,PAPER,FP-PRE,FP DENIED,REGULAR,,AFFIRMED,PRA,SASKATOON,FEDERAL,DETERMINATE,MALE,WHITE,CAUCASIAN,SCHEDULE 2
2011-2012,MAY,PAPER,FP-PRE,FP DENIED,REGULAR,,AFFIRMED,PRA,EDMONTON,PROVINCIAL,DETERMINATE,MALE,WHITE,CAUCASIAN,SCHE 1 W/O SEX
2011-2012,NOV,PAPER,FP-PRE,FP DENIED,REGULAR,,AFFIRMED,PAC,NOT APPLICABLE,FEDERAL,DETERMINATE,MALE,WHITE,CAUCASIAN,NON SCHEDULE
2011-2012,MAY,PAPER,FP-PRE,FP DENIED,REGULAR,,AFFIRMED,ATL,NOT APPLICABLE,PROVINCIAL,DETERMINATE,MALE,WHITE,CAUCASIAN,SCHE 1 WITH SEX
2011-2012,SEP,PAPER,FP-PRE,FP DENIED,REGULAR,,AFFIRMED,QUE,NOT APPLICABLE,FEDERAL,DETERMINATE,MALE,WHITE,CAUCASIAN,NON SCHEDULE
2011-2012,JAN,PAPER,FP-PRE,FP DENIED,REGULAR,,AFFIRMED,PRA,EDMONTON,FEDERAL,DETERMINATE,MALE,WHITE,CAUCASIAN,SCHEDULE 2
2011-2012,FEB,PAPER,FP-PRE,FP DENIED,REGULAR,,AFFIRMED,QUE,NOT APPLICABLE,FEDERAL,DETERMINATE,MALE,WHITE,CAUCASIAN,SCHE 1 W/O SEX
2011-2012,APR,PAPER,FP-PRE,FP DENIED,REGULAR,,AFFIRMED,ATL,NOT APPLICABLE,PROVINCIAL,DETERMINATE,MALE,WHITE,CAUCASIAN,NON SCHEDULE
2011-2012,MAR,PAPER,FP-PRE,FP DENIED,REGULAR,,AFFIRMED,ONT,NOT APPLICABLE,FEDERAL,DETERMINATE,MALE,WHITE,CAUCASIAN,SCHEDULE 2
2011-2012,APR,PAPER,FP-PRE,FP DENIED,REGULAR,,AFFIRMED,QUE,NOT APPLICABLE,FEDERAL,INDETERMINATE,MALE,WHITE,CAUCASIAN,SCHE 1 WITH SEX
2011-2012,APR,PAPER,FP-PRE,FP DENIED,REGULAR,,AFFIRMED,PAC,NOT APPLICABLE,FEDERAL,INDETERMINATE,MALE,WHITE,CAUCASIAN,SCHE 1 WITH SEX
2011-2012,JUL,PAPER,FP-PRE,FP DENIED,REGULAR,,AFFIRMED,PAC,NOT APPLICABLE,FEDERAL,INDETERMINATE,MALE,WHITE,CAUCASIAN,NON SCHEDULE
2011-2012,MAY,PAPER,FP-PRE,FP DENIED,REGULAR,,AFFIRMED,PAC,NOT APPLICABLE,FEDERAL,INDETERMINATE,MALE,WHITE,CAUCASIAN,NON SCHEDULE
2011-2012,NOV,PAPER,FP-PRE,FP DENIED,REGULAR,,AFFIRMED,PAC,NOT APPLICABLE,FEDERAL,INDETERMINATE,MALE,WHITE,CAUCASIAN,MURDER 2
2011-2012,MAY,PAPER,FP-PRE,FP DENIED,REGULAR,,AFFIRMED,PAC,NOT APPLICABLE,FEDERAL,INDETERMINATE,MALE,WHITE,CAUCASIAN,MURDER 2
2011-2012,JAN,PAPER,FP-PRE,FP DENIED,REGULAR,,AFFIRMED,ONT,NOT APPLICABLE,FEDERAL,INDETERMINATE,MALE,WHITE,CAUCASIAN,MURDER 1
2011-2012,JUN,PAPER,FP-PRE,FP DENIED,REGULAR,,AFFIRMED,QUE,NOT APPLICABLE,FEDERAL,INDETERMINATE,MALE,WHITE,CAUCASIAN,MURDER 1
2011-2012,DEC,PAPER,FP-PRE,FP DENIED,REGULAR,,AFFIRMED,QUE,NOT APPLICABLE,FEDERAL,INDETERMINATE,MALE,WHITE,CAUCASIAN,MURDER 2
2011-2012,AUG,PAPER,FP-PRE,FP DENIED,REGULAR,,AFFIRMED,QUE,NOT APPLICABLE,FEDERAL,INDETERMINATE,MALE,WHITE,CAUCASIAN,MURDER 2
2011-2012,DEC,PAPER,FP-PRE,FP DENIED,REGULAR,,AFFIRMED,QUE,NOT APPLICABLE,FEDERAL,INDETERMINATE,MALE,WHITE,CAUCASIAN,MURDER 2
2011-2012,MAY,PAPER,FP-PRE,FP DENIED,REGULAR,,AFFIRMED,QUE,NOT APPLICABLE,FEDERAL,INDETERMINATE,MALE,WHITE,CAUCASIAN,MURDER 1
2011-2012,APR,PAPER,FP-PRE,FP DENIED,REGULAR,,AFFIRMED,ONT,NOT APPLICABLE,FEDERAL,INDETERMINATE,MALE,WHITE,CAUCASIAN,MURDER 2
2011-2012,NOV,PAPER,FP-PRE,FP DENIED,REGULAR,,AFFIRMED,ONT,NOT APPLICABLE,FEDERAL,INDETERMINATE,MALE,WHITE,CAUCASIAN,MURDER 2
2011-2012,AUG,PAPER,FP-PRE,FP DENIED,REGULAR,,AFFIRMED,QUE,NOT APPLICABLE,FEDERAL,INDETERMINATE,MALE,WHITE,CAUCASIAN,MURDER 2
2011-2012,DEC,PAPER,FP-PRE,FP DENIED,REGULAR,,AFFIRMED,QUE,NOT APPLICABLE,FEDERAL,INDETERMINATE,MALE,WHITE,CAUCASIAN,MURDER 2
2011-2012,MAY,PAPER,FP-PRE,FP DENIED,REGULAR,,AFFIRMED,ONT,NOT APPLICABLE,FEDERAL,INDETERMINATE,MALE,WHITE,CAUCASIAN,MURDER 2
2011-2012,DEC,PAPER,FP-PRE,FP DENIED,REGULAR,,AFFIRMED,QUE,NOT APPLICABLE,FEDERAL,DETERMINATE,MALE,INUIT,ABORIGINAL,SCHE 1 W/O SEX
2011-2012,APR,PAPER,FP-PRE,FP DENIED,REGULAR,,AFFIRMED,PRA,EDMONTON,FEDERAL,DETERMINATE,MALE,METIS,ABORIGINAL,SCHE 1 WITH SEX
2011-2012,MAR,PAPER,FP-PRE,FP DENIED,REGULAR,,AFFIRMED,PRA,EDMONTON,FEDERAL,DETERMINATE,MALE,METIS,ABORIGINAL,SCHE 1 W/O SEX
2011-2012,MAR,PAPER,FP-PRE,FP DENIED,REGULAR,,AFFIRMED,QUE,NOT APPLICABLE,FEDERAL,DETERMINATE,MALE,METIS,ABORIGINAL,SCHEDULE 2
2011-2012,JUN,PAPER,FP-PRE,FP DENIED,REGULAR,,AFFIRMED,PRA,SASKATOON,FEDERAL,DETERMINATE,MALE,METIS,ABORIGINAL,SCHEDULE 2
2011-2012,AUG,PAPER,FP-PRE,FP DENIED,REGULAR,,AFFIRMED,QUE,NOT APPLICABLE,FEDERAL,DETERMINATE,MALE,METIS,ABORIGINAL,SCHEDULE 2
2011-2012,JAN,PAPER,FP-PRE,FP DENIED,REGULAR,,AFFIRMED,PRA,SASKATOON,PROVINCIAL,DETERMINATE,MALE,METIS,ABORIGINAL,SCHE 1 W/O SEX
2011-2012,OCT,PAPER,FP-PRE,FP DENIED,REGULAR,,AFFIRMED,QUE,NOT APPLICABLE,FEDERAL,DETERMINATE,MALE,METIS,ABORIGINAL,SCHE 1 W/O SEX
2011-2012,SEP,PAPER,FP-PRE,FP DENIED,REGULAR,,AFFIRMED,ONT,NOT APPLICABLE,FEDERAL,INDETERMINATE,MALE,METIS,ABORIGINAL,MURDER 1
2011-2012,APR,PAPER,FP-PRE,FP DENIED,REGULAR,,AFFIRMED,PRA,EDMONTON,FEDERAL,INDETERMINATE,MALE,METIS,ABORIGINAL,MURDER 1
2011-2012,JUL,PAPER,FP-PRE,FP DENIED,REGULAR,,AFFIRMED,PRA,EDMONTON,PROVINCIAL,DETERMINATE,MALE,NORTH AMERICAN,ABORIGINAL,SCHE 1 W/O SEX
2011-2012,AUG,PAPER,FP-PRE,FP DENIED,REGULAR,,AFFIRMED,PRA,EDMONTON,FEDERAL,DETERMINATE,MALE,NORTH AMERICAN,ABORIGINAL,SCHE 1 W/O SEX
2011-2012,OCT,PAPER,FP-PRE,FP DENIED,REGULAR,,AFFIRMED,PRA,SASKATOON,FEDERAL,DETERMINATE,MALE,NORTH AMERICAN,ABORIGINAL,NON SCHEDULE
2011-2012,MAY,PAPER,FP-PRE,FP DENIED,REGULAR,,AFFIRMED,PRA,SASKATOON,FEDERAL,DETERMINATE,MALE,NORTH AMERICAN,ABORIGINAL,SCHE 1 WITH SEX
2011-2012,JAN,PAPER,FP-PRE,FP DENIED,REGULAR,,AFFIRMED,ONT,NOT APPLICABLE,FEDERAL,DETERMINATE,MALE,NORTH AMERICAN,ABORIGINAL,SCHE 1 WITH SEX
2011-2012,OCT,PAPER,FP-PRE,FP DENIED,REGULAR,,AFFIRMED,PAC,NOT APPLICABLE,FEDERAL,DETERMINATE,MALE,NORTH AMERICAN,ABORIGINAL,SCHE 1 WITH SEX
2011-2012,SEP,PAPER,FP-PRE,FP DENIED,REGULAR,,AFFIRMED,ONT,NOT APPLICABLE,FEDERAL,DETERMINATE,MALE,NORTH AMERICAN,ABORIGINAL,SCHE 1 W/O SEX
2011-2012,MAY,PAPER,FP-PRE,FP DENIED,REGULAR,,AFFIRMED,PAC,NOT APPLICABLE,FEDERAL,DETERMINATE,MALE,NORTH AMERICAN,ABORIGINAL,SCHE 1 WITH SEX
2011-2012,NOV,PAPER,FP-PRE,FP DENIED,REGULAR,,AFFIRMED,ONT,NOT APPLICABLE,FEDERAL,INDETERMINATE,MALE,NORTH AMERICAN,ABORIGINAL,SCHE 1 WITH SEX
2011-2012,SEP,PAPER,FP-PRE,FP DENIED,REGULAR,,AFFIRMED,ONT,NOT APPLICABLE,FEDERAL,INDETERMINATE,MALE,NORTH AMERICAN,ABORIGINAL,SCHE 1 W/O SEX
2011-2012,JAN,PAPER,FP-PRE,FP DENIED,REGULAR,,AFFIRMED,PRA,EDMONTON,FEDERAL,INDETERMINATE,MALE,NORTH AMERICAN,ABORIGINAL,MURDER 2
2011-2012,JAN,PAPER,FP-PRE,FP DENIED,REGULAR,,AFFIRMED,PAC,NOT APPLICABLE,FEDERAL,INDETERMINATE,MALE,NORTH AMERICAN,ABORIGINAL,MURDER 2
2011-2012,SEP,PAPER,FP-PRE,FP DENIED,REGULAR,,AFFIRMED,QUE,NOT APPLICABLE,FEDERAL,INDETERMINATE,MALE,NORTH AMERICAN,ABORIGINAL,MURDER 1
2011-2012,FEB,PAPER,FP-PRE,FP DENIED,REGULAR,,AFFIRMED,ONT,NOT APPLICABLE,FEDERAL,DETERMINATE,MALE,CHINESE,ASIAN,SCHE 1 W/O SEX
2011-2012,AUG,PAPER,FP-PRE,FP DENIED,REGULAR,,AFFIRMED,PRA,EDMONTON,FEDERAL,DETERMINATE,MALE,FILIPINO,OTHER/UNKNOWN,SCHE 1 WITH SEX
2011-2012,OCT,PAPER,FP-PRE,FP DENIED,REGULAR,,AFFIRMED,PAC,NOT APPLICABLE,FEDERAL,DETERMINATE,MALE,FILIPINO,OTHER/UNKNOWN,SCHEDULE 2
2011-2012,MAY,PAPER,FP-PRE,FP DENIED,REGULAR,,AFFIRMED,PRA,EDMONTON,FEDERAL,DETERMINATE,MALE,LATIN AMERICAN,OTHER/UNKNOWN,SCHE 1 W/O SEX
2011-2012,MAY,PAPER,FP-PRE,FP DENIED,REGULAR,,AFFIRMED,PRA,EDMONTON,FEDERAL,DETERMINATE,MALE,SOUTH ASIAN,ASIAN,NON SCHEDULE
2011-2012,SEP,PAPER,FP-PRE,FP DENIED,REGULAR,,AFFIRMED,PAC,NOT APPLICABLE,FEDERAL,DETERMINATE,MALE,SOUTH ASIAN,ASIAN,SCHE 1 W/O SEX
2011-2012,MAR,PAPER,FP-PRE,FP DENIED,REGULAR,,AFFIRMED,PRA,EDMONTON,FEDERAL,DETERMINATE,MALE,SOUTH ASIAN,ASIAN,NON SCHEDULE
2011-2012,FEB,PAPER,FP-PRE,FP DENIED,REGULAR,,AFFIRMED,QUE,NOT APPLICABLE,FEDERAL,DETERMINATE,MALE,S. E. ASIAN,ASIAN,SCHEDULE 2
2011-2012,JUN,PAPER,FP-PRE,FP DENIED,REGULAR,,AFFIRMED,ONT,NOT APPLICABLE,FEDERAL,DETERMINATE,MALE,S. E. ASIAN,ASIAN,SCHE 1 WITH SEX
2011-2012,SEP,PAPER,FP-PRE,FP DENIED,REGULAR,,AFFIRMED,QUE,NOT APPLICABLE,FEDERAL,DETERMINATE,MALE,S. E. ASIAN,ASIAN,SCHE 1 W/O SEX
2011-2012,JUN,PAPER,FP-PRE,FP DENIED,REGULAR,,AFFIRMED,ONT,NOT APPLICABLE,FEDERAL,INDETERMINATE,MALE,S. E. ASIAN,ASIAN,MURDER 2
2011-2012,JAN,PAPER,FP-PRE,FP DENIED,REGULAR,,PAN.HEAR.ORDER.,ONT,NOT APPLICABLE,FEDERAL,DETERMINATE,MALE,BLACK,BLACK,SCHEDULE 2
2011-2012,APR,PAPER,FP-PRE,FP DENIED,REGULAR,,PAN.HEAR.ORDER.,ONT,NOT APPLICABLE,FEDERAL,INDETERMINATE,MALE,BLACK,BLACK,SCHE 1 W/O SEX
2011-2012,JUN,PAPER,FP-PRE,FP DENIED,REGULAR,,PAN.HEAR.ORDER.,ATL,NOT APPLICABLE,FEDERAL,DETERMINATE,MALE,WHITE,CAUCASIAN,SCHEDULE 2
2011-2012,NOV,PAPER,FP-PRE,FP DENIED,REGULAR,,PAN.HEAR.ORDER.,PAC,NOT APPLICABLE,FEDERAL,INDETERMINATE,MALE,METIS,ABORIGINAL,MURDER 1
2011-2012,APR,PAPER,FP-PRE,FP DENIED,REGULAR,,PAN.HEAR.ORDER.,QUE,NOT APPLICABLE,FEDERAL,DETERMINATE,MALE,NORTH AMERICAN,ABORIGINAL,SCHEDULE 2
2011-2012,JAN,PAPER,FP-PRE,FP DENIED,REGULAR,,REVIEW ORDERED,PRA,SASKATOON,PROVINCIAL,DETERMINATE,MALE,WHITE,CAUCASIAN,NON SCHEDULE
2011-2012,DEC,PAPER,FP-PRE,FP GRANT CANC.,REGULAR,,AFFIRMED,ATL,NOT APPLICABLE,FEDERAL,DETERMINATE,MALE,WHITE,CAUCASIAN,SCHEDULE 2
2011-2012,JUN,PAPER,FP-PRE,FP NO ACTION,REGULAR,,AFFIRMED,ONT,NOT APPLICABLE,FEDERAL,DETERMINATE,MALE,WHITE,CAUCASIAN,SCHEDULE 2
2011-2012,FEB,PAPER,FP-PRE,FP NO ACTION,BY EXCEPTION,,AFFIRMED,ONT,NOT APPLICABLE,FEDERAL,DETERMINATE,MALE,WHITE,CAUCASIAN,SCHEDULE 2
2011-2012,JAN,PAPER,FP-POST,FP REVOKED,REGULAR,,AFFIRMED,PAC,NOT APPLICABLE,FEDERAL,DETERMINATE,MALE,WHITE,CAUCASIAN,SCHEDULE 2
2011-2012,DEC,PAPER,FP-POST,FP REVOKED,REGULAR,,AFFIRMED,ONT,NOT APPLICABLE,FEDERAL,DETERMINATE,MALE,WHITE,CAUCASIAN,SCHE 1 W/O SEX
2011-2012,JUN,PAPER,FP-POST,FP REVOKED,REGULAR,,AFFIRMED,ATL,NOT APPLICABLE,FEDERAL,DETERMINATE,MALE,WHITE,CAUCASIAN,SCHE 1 W/O SEX
2011-2012,SEP,PAPER,FP-POST,FP REVOKED,REGULAR,,AFFIRMED,PAC,NOT APPLICABLE,FEDERAL,INDETERMINATE,MALE,WHITE,CAUCASIAN,MURDER 2
2011-2012,JUN,PAPER,FP-POST,FP REVOKED,REGULAR,,AFFIRMED,ATL,NOT APPLICABLE,FEDERAL,INDETERMINATE,MALE,WHITE,CAUCASIAN,MURDER 2
2011-2012,AUG,PAPER,FP-POST,FP REVOKED,REGULAR,,AFFIRMED,QUE,NOT APPLICABLE,FEDERAL,INDETERMINATE,FEMALE,WHITE,CAUCASIAN,MURDER 2
2011-2012,FEB,PAPER,FP-POST,FP REVOKED,REGULAR,,AFFIRMED,PRA,EDMONTON,FEDERAL,INDETERMINATE,MALE,WHITE,CAUCASIAN,MURDER 2
2011-2012,MAY,PAPER,FP-POST,FP REVOKED,REGULAR,,AFFIRMED,ONT,NOT APPLICABLE,FEDERAL,INDETERMINATE,MALE,WHITE,CAUCASIAN,MURDER 2
2011-2012,MAY,PAPER,FP-POST,FP REVOKED,REGULAR,,AFFIRMED,ONT,NOT APPLICABLE,FEDERAL,INDETERMINATE,MALE,WHITE,CAUCASIAN,MURDER 2
2011-2012,JUN,PAPER,FP-POST,FP REVOKED,REGULAR,,PAN.HEAR.ORDER.,ONT,NOT APPLICABLE,FEDERAL,DETERMINATE,MALE,LATIN AMERICAN,OTHER/UNKNOWN,SCHE 1 W/O SEX
2011-2012,APR,PAPER,FP-POST,FP REVOKED,APR,APR-INITIAL,AFFIRMED,ONT,NOT APPLICABLE,FEDERAL,DETERMINATE,MALE,BLACK,BLACK,NON SCHEDULE
2011-2012,DEC,PAPER,FP-POST,FP REVOKED,APR,APR-INITIAL,AFFIRMED,PRA,EDMONTON,FEDERAL,DETERMINATE,MALE,BLACK,BLACK,NON SCHEDULE
2011-2012,OCT,PAPER,FP-POST,FP REVOKED,APR,APR-INITIAL,AFFIRMED,QUE,NOT APPLICABLE,FEDERAL,DETERMINATE,MALE,BLACK,BLACK,NON SCHEDULE
2011-2012,MAR,PAPER,FP-POST,FP REVOKED,APR,APR-INITIAL,AFFIRMED,QUE,NOT APPLICABLE,FEDERAL,DETERMINATE,MALE,WHITE,CAUCASIAN,NON SCHEDULE
2011-2012,OCT,PAPER,FP-POST,FP REVOKED,APR,APR-INITIAL,AFFIRMED,PAC,NOT APPLICABLE,FEDERAL,DETERMINATE,MALE,WHITE,CAUCASIAN,SCHEDULE 2
2011-2012,AUG,PAPER,FP-POST,FP REVOKED,APR,APR-INITIAL,AFFIRMED,QUE,NOT APPLICABLE,FEDERAL,DETERMINATE,MALE,WHITE,CAUCASIAN,NON SCHEDULE
2011-2012,AUG,PAPER,FP-POST,FP REVOKED,APR,APR-INITIAL,AFFIRMED,QUE,NOT APPLICABLE,FEDERAL,DETERMINATE,MALE,WHITE,CAUCASIAN,SCHEDULE 2
2011-2012,NOV,PAPER,FP-POST,FP REVOKED,APR,APR-INITIAL,AFFIRMED,QUE,NOT APPLICABLE,FEDERAL,DETERMINATE,MALE,WHITE,CAUCASIAN,SCHEDULE 2
2011-2012,APR,PAPER,FP-POST,FP REVOKED,APR,APR-INITIAL,AFFIRMED,ATL,NOT APPLICABLE,FEDERAL,DETERMINATE,MALE,WHITE,CAUCASIAN,NON SCHEDULE
2011-2012,NOV,PAPER,FP-POST,FP REVOKED,APR,APR-INITIAL,AFFIRMED,QUE,NOT APPLICABLE,FEDERAL,DETERMINATE,MALE,METIS,ABORIGINAL,NON SCHEDULE
2011-2012,AUG,PAPER,FP-POST,FP REVOKED,APR,APR-INITIAL,AFFIRMED,QUE,NOT APPLICABLE,FEDERAL,DETERMINATE,MALE,NORTH AMERICAN,ABORIGINAL,NON SCHEDULE
2011-2012,JAN,PAPER,FP-POST,FP REVOKED,APR,APR-INITIAL,AFFIRMED,PRA,EDMONTON,FEDERAL,DETERMINATE,MALE,OTHER,OTHER/UNKNOWN,SCHEDULE 2
2011-2012,SEP,PAPER,DP-PRE,DP DENIED,REGULAR,,AFFIRMED,PRA,EDMONTON,PROVINCIAL,DETERMINATE,MALE,UNK,OTHER/UNKNOWN,SCHEDULE 2
2011-2012,JAN,PAPER,DP-PRE,DP DENIED,REGULAR,,AFFIRMED,PRA,EDMONTON,FEDERAL,DETERMINATE,MALE,ARAB/WEST ASIAN,OTHER/UNKNOWN,SCHE 1 WITH SEX
2011-2012,DEC,PAPER,DP-PRE,DP DENIED,REGULAR,,AFFIRMED,ONT,NOT APPLICABLE,FEDERAL,DETERMINATE,MALE,ARAB/WEST ASIAN,OTHER/UNKNOWN,SCHEDULE 2
2011-2012,SEP,PAPER,DP-PRE,DP DENIED,REGULAR,,AFFIRMED,QUE,NOT APPLICABLE,FEDERAL,DETERMINATE,MALE,ARAB/WEST ASIAN,OTHER/UNKNOWN,SCHEDULE 2
2011-2012,MAR,PAPER,DP-PRE,DP DENIED,REGULAR,,AFFIRMED,QUE,NOT APPLICABLE,FEDERAL,INDETERMINATE,MALE,ARAB/WEST ASIAN,OTHER/UNKNOWN,MURDER 2
2011-2012,JUN,PAPER,DP-PRE,DP DENIED,REGULAR,,AFFIRMED,ONT,NOT APPLICABLE,FEDERAL,DETERMINATE,MALE,ASIATIC,ASIAN,SCHEDULE 2
2011-2012,FEB,PAPER,DP-PRE,DP DENIED,REGULAR,,AFFIRMED,ONT,NOT APPLICABLE,FEDERAL,DETERMINATE,MALE,BLACK,BLACK,SCHEDULE 2
2011-2012,APR,PAPER,DP-PRE,DP DENIED,REGULAR,,AFFIRMED,ONT,NOT APPLICABLE,FEDERAL,DETERMINATE,MALE,BLACK,BLACK,NON SCHEDULE
2011-2012,NOV,PAPER,DP-PRE,DP DENIED,REGULAR,,AFFIRMED,ATL,NOT APPLICABLE,FEDERAL,DETERMINATE,MALE,BLACK,BLACK,SCHE 1 W/O SEX
2011-2012,APR,PAPER,DP-PRE,DP DENIED,REGULAR,,AFFIRMED,ONT,NOT APPLICABLE,FEDERAL,DETERMINATE,MALE,BLACK,BLACK,SCHE 1 W/O SEX
2011-2012,DEC,PAPER,DP-PRE,DP DENIED,REGULAR,,AFFIRMED,ATL,NOT APPLICABLE,FEDERAL,DETERMINATE,MALE,BLACK,BLACK,SCHEDULE 2
2011-2012,FEB,PAPER,DP-PRE,DP DENIED,REGULAR,,AFFIRMED,ONT,NOT APPLICABLE,FEDERAL,DETERMINATE,FEMALE,BLACK,BLACK,NON SCHEDULE
2011-2012,AUG,PAPER,DP-PRE,DP DENIED,REGULAR,,AFFIRMED,ONT,NOT APPLICABLE,FEDERAL,INDETERMINATE,MALE,BLACK,BLACK,SCHE 1 WITH SEX
2011-2012,SEP,PAPER,DP-PRE,DP DENIED,REGULAR,,AFFIRMED,QUE,NOT APPLICABLE,FEDERAL,INDETERMINATE,MALE,BLACK,BLACK,MURDER 2
2011-2012,NOV,PAPER,DP-PRE,DP DENIED,REGULAR,,AFFIRMED,PAC,NOT APPLICABLE,PROVINCIAL,DETERMINATE,MALE,WHITE,CAUCASIAN,SCHE 1 W/O SEX
2011-2012,JAN,PAPER,DP-PRE,DP DENIED,REGULAR,,AFFIRMED,ATL,NOT APPLICABLE,PROVINCIAL,DETERMINATE,FEMALE,WHITE,CAUCASIAN,NON SCHEDULE
2011-2012,SEP,PAPER,DP-PRE,DP DENIED,REGULAR,,AFFIRMED,PAC,NOT APPLICABLE,PROVINCIAL,DETERMINATE,MALE,WHITE,CAUCASIAN,SCHE 1 W/O SEX
2011-2012,MAY,PAPER,DP-PRE,DP DENIED,REGULAR,,AFFIRMED,PAC,NOT APPLICABLE,FEDERAL,DETERMINATE,MALE,WHITE,CAUCASIAN,NON SCHEDULE
2011-2012,JUN,PAPER,DP-PRE,DP DENIED,REGULAR,,AFFIRMED,QUE,NOT APPLICABLE,FEDERAL,DETERMINATE,MALE,WHITE,CAUCASIAN,NON SCHEDULE
2011-2012,JAN,PAPER,DP-PRE,DP DENIED,REGULAR,,AFFIRMED,PAC,NOT APPLICABLE,PROVINCIAL,DETERMINATE,MALE,WHITE,CAUCASIAN,NON SCHEDULE
2011-2012,DEC,PAPER,DP-PRE,DP DENIED,REGULAR,,AFFIRMED,PRA,EDMONTON,FEDERAL,DETERMINATE,MALE,WHITE,CAUCASIAN,SCHE 1 W/O SEX
2011-2012,MAY,PAPER,DP-PRE,DP DENIED,REGULAR,,AFFIRMED,ATL,NOT APPLICABLE,PROVINCIAL,DETERMINATE,MALE,WHITE,CAUCASIAN,NON SCHEDULE
2011-2012,JUN,PAPER,DP-PRE,DP DENIED,REGULAR,,AFFIRMED,PRA,EDMONTON,FEDERAL,DETERMINATE,MALE,WHITE,CAUCASIAN,SCHE 1 W/O SEX
2011-2012,SEP,PAPER,DP-PRE,DP DENIED,REGULAR,,AFFIRMED,QUE,NOT APPLICABLE,FEDERAL,DETERMINATE,MALE,WHITE,CAUCASIAN,SCHE 1 W/O SEX
2011-2012,NOV,PAPER,DP-PRE,DP DENIED,REGULAR,,AFFIRMED,QUE,NOT APPLICABLE,FEDERAL,DETERMINATE,MALE,WHITE,CAUCASIAN,NON SCHEDULE
2011-2012,DEC,PAPER,DP-PRE,DP DENIED,REGULAR,,AFFIRMED,QUE,NOT APPLICABLE,FEDERAL,DETERMINATE,MALE,WHITE,CAUCASIAN,SCHE 1 W/O SEX
2011-2012,AUG,PAPER,DP-PRE,DP DENIED,REGULAR,,AFFIRMED,ONT,NOT APPLICABLE,FEDERAL,DETERMINATE,MALE,WHITE,CAUCASIAN,NON SCHEDULE
2011-2012,NOV,PAPER,DP-PRE,DP DENIED,REGULAR,,AFFIRMED,ONT,NOT APPLICABLE,FEDERAL,DETERMINATE,FEMALE,WHITE,CAUCASIAN,SCHE 1 W/O SEX
2011-2012,APR,PAPER,DP-PRE,DP DENIED,REGULAR,,AFFIRMED,PRA,EDMONTON,PROVINCIAL,DETERMINATE,MALE,WHITE,CAUCASIAN,SCHE 1 W/O SEX
2011-2012,MAY,PAPER,DP-PRE,DP DENIED,REGULAR,,AFFIRMED,ATL,NOT APPLICABLE,PROVINCIAL,DETERMINATE,MALE,WHITE,CAUCASIAN,SCHE 1 WITH SEX
2011-2012,OCT,PAPER,DP-PRE,DP DENIED,REGULAR,,AFFIRMED,QUE,NOT APPLICABLE,FEDERAL,DETERMINATE,MALE,WHITE,CAUCASIAN,SCHE 1 WITH SEX
2011-2012,SEP,PAPER,DP-PRE,DP DENIED,REGULAR,,AFFIRMED,QUE,NOT APPLICABLE,FEDERAL,DETERMINATE,MALE,WHITE,CAUCASIAN,SCHE 1 WITH SEX
2011-2012,OCT,PAPER,DP-PRE,DP DENIED,REGULAR,,AFFIRMED,ATL,NOT APPLICABLE,PROVINCIAL,DETERMINATE,MALE,WHITE,CAUCASIAN,SCHE 1 W/O SEX
2011-2012,APR,PAPER,DP-PRE,DP DENIED,REGULAR,,AFFIRMED,ATL,NOT APPLICABLE,PROVINCIAL,DETERMINATE,MALE,WHITE,CAUCASIAN,NON SCHEDULE
2011-2012,OCT,PAPER,DP-PRE,DP DENIED,REGULAR,,AFFIRMED,ATL,NOT APPLICABLE,FEDERAL,DETERMINATE,MALE,WHITE,CAUCASIAN,SCHEDULE 2
2011-2012,NOV,PAPER,DP-PRE,DP DENIED,REGULAR,,AFFIRMED,QUE,NOT APPLICABLE,FEDERAL,DETERMINATE,MALE,WHITE,CAUCASIAN,SCHEDULE 2
2011-2012,MAY,PAPER,DP-PRE,DP DENIED,REGULAR,,AFFIRMED,PRA,EDMONTON,PROVINCIAL,DETERMINATE,MALE,WHITE,CAUCASIAN,SCHE 1 W/O SEX
2011-2012,JUL,PAPER,DP-PRE,DP DENIED,REGULAR,,AFFIRMED,PAC,NOT APPLICABLE,PROVINCIAL,DETERMINATE,MALE,WHITE,CAUCASIAN,SCHE 1 W/O SEX
2011-2012,NOV,PAPER,DP-PRE,DP DENIED,REGULAR,,AFFIRMED,QUE,NOT APPLICABLE,FEDERAL,DETERMINATE,MALE,WHITE,CAUCASIAN,SCHE 1 W/O SEX
2011-2012,MAR,PAPER,DP-PRE,DP DENIED,REGULAR,,AFFIRMED,QUE,NOT APPLICABLE,FEDERAL,DETERMINATE,MALE,WHITE,CAUCASIAN,SCHEDULE 2
2011-2012,OCT,PAPER,DP-PRE,DP DENIED,REGULAR,,AFFIRMED,PAC,NOT APPLICABLE,FEDERAL,DETERMINATE,MALE,WHITE,CAUCASIAN,NON SCHEDULE
2011-2012,AUG,PAPER,DP-PRE,DP DENIED,REGULAR,,AFFIRMED,QUE,NOT APPLICABLE,FEDERAL,DETERMINATE,MALE,WHITE,CAUCASIAN,SCHE 1 W/O SEX
2011-2012,DEC,PAPER,DP-PRE,DP DENIED,REGULAR,,AFFIRMED,PAC,NOT APPLICABLE,PROVINCIAL,DETERMINATE,MALE,WHITE,CAUCASIAN,NON SCHEDULE
2011-2012,JUN,PAPER,DP-PRE,DP DENIED,REGULAR,,AFFIRMED,QUE,NOT APPLICABLE,FEDERAL,DETERMINATE,FEMALE,WHITE,CAUCASIAN,SCHE 1 W/O SEX
2011-2012,JUN,PAPER,DP-PRE,DP DENIED,REGULAR,,AFFIRMED,PRA,EDMONTON,FEDERAL,DETERMINATE,MALE,WHITE,CAUCASIAN,SCHE 1 W/O SEX
2011-2012,OCT,PAPER,DP-PRE,DP DENIED,REGULAR,,AFFIRMED,PRA,SASKATOON,FEDERAL,DETERMINATE,MALE,WHITE,CAUCASIAN,SCHE 1 WITH SEX
2011-2012,APR,PAPER,DP-PRE,DP DENIED,REGULAR,,AFFIRMED,QUE,NOT APPLICABLE,FEDERAL,DETERMINATE,MALE,WHITE,CAUCASIAN,SCHEDULE 2
2011-2012,SEP,PAPER,DP-PRE,DP DENIED,REGULAR,,AFFIRMED,ONT,NOT APPLICABLE,FEDERAL,DETERMINATE,MALE,WHITE,CAUCASIAN,NON SCHEDULE
2011-2012,JUL,PAPER,DP-PRE,DP DENIED,REGULAR,,AFFIRMED,PRA,SASKATOON,FEDERAL,DETERMINATE,MALE,WHITE,CAUCASIAN,SCHE 1 W/O SEX
2011-2012,OCT,PAPER,DP-PRE,DP DENIED,REGULAR,,AFFIRMED,PRA,EDMONTON,FEDERAL,DETERMINATE,MALE,WHITE,CAUCASIAN,SCHE 1 W/O SEX
2011-2012,MAR,PAPER,DP-PRE,DP DENIED,REGULAR,,AFFIRMED,ONT,NOT APPLICABLE,FEDERAL,DETERMINATE,MALE,WHITE,CAUCASIAN,NON SCHEDULE
2011-2012,APR,PAPER,DP-PRE,DP DENIED,REGULAR,,AFFIRMED,PAC,NOT APPLICABLE,PROVINCIAL,DETERMINATE,MALE,WHITE,CAUCASIAN,NON SCHEDULE
2011-2012,JUL,PAPER,DP-PRE,DP DENIED,REGULAR,,AFFIRMED,PRA,EDMONTON,FEDERAL,DETERMINATE,MALE,WHITE,CAUCASIAN,SCHEDULE 2
2011-2012,SEP,PAPER,DP-PRE,DP DENIED,REGULAR,,AFFIRMED,PRA,EDMONTON,FEDERAL,DETERMINATE,MALE,WHITE,CAUCASIAN,SCHEDULE 2
2011-2012,DEC,PAPER,DP-PRE,DP DENIED,REGULAR,,AFFIRMED,QUE,NOT APPLICABLE,FEDERAL,DETERMINATE,MALE,WHITE,CAUCASIAN,NON SCHEDULE
2011-2012,MAR,PAPER,DP-PRE,DP DENIED,REGULAR,,AFFIRMED,ONT,NOT APPLICABLE,FEDERAL,DETERMINATE,MALE,WHITE,CAUCASIAN,SCHE 1 WITH SEX
2011-2012,JUL,PAPER,DP-PRE,DP DENIED,REGULAR,,AFFIRMED,QUE,NOT APPLICABLE,FEDERAL,DETERMINATE,MALE,WHITE,CAUCASIAN,SCHEDULE 2
2011-2012,NOV,PAPER,DP-PRE,DP DENIED,REGULAR,,AFFIRMED,PAC,NOT APPLICABLE,FEDERAL,DETERMINATE,MALE,WHITE,CAUCASIAN,NON SCHEDULE
2011-2012,JAN,PAPER,DP-PRE,DP DENIED,REGULAR,,AFFIRMED,ONT,NOT APPLICABLE,FEDERAL,DETERMINATE,MALE,WHITE,CAUCASIAN,NON SCHEDULE
2011-2012,FEB,PAPER,DP-PRE,DP DENIED,REGULAR,,AFFIRMED,PAC,NOT APPLICABLE,FEDERAL,DETERMINATE,MALE,WHITE,CAUCASIAN,NON SCHEDULE
2011-2012,SEP,PAPER,DP-PRE,DP DENIED,REGULAR,,AFFIRMED,PRA,SASKATOON,FEDERAL,DETERMINATE,MALE,WHITE,CAUCASIAN,SCHE 1 WITH SEX
2011-2012,JAN,PAPER,DP-PRE,DP DENIED,REGULAR,,AFFIRMED,ATL,NOT APPLICABLE,FEDERAL,DETERMINATE,MALE,WHITE,CAUCASIAN,SCHE 1 W/O SEX
2011-2012,JUL,PAPER,DP-PRE,DP DENIED,REGULAR,,AFFIRMED,PAC,NOT APPLICABLE,PROVINCIAL,DETERMINATE,MALE,WHITE,CAUCASIAN,NON SCHEDULE
2011-2012,AUG,PAPER,DP-PRE,DP DENIED,REGULAR,,AFFIRMED,QUE,NOT APPLICABLE,FEDERAL,DETERMINATE,MALE,WHITE,CAUCASIAN,SCHEDULE 2
2011-2012,JAN,PAPER,DP-PRE,DP DENIED,REGULAR,,AFFIRMED,PRA,EDMONTON,FEDERAL,DETERMINATE,MALE,WHITE,CAUCASIAN,SCHEDULE 2
2011-2012,FEB,PAPER,DP-PRE,DP DENIED,REGULAR,,AFFIRMED,ONT,NOT APPLICABLE,FEDERAL,DETERMINATE,MALE,WHITE,CAUCASIAN,SCHEDULE 2
2011-2012,APR,PAPER,DP-PRE,DP DENIED,REGULAR,,AFFIRMED,ONT,NOT APPLICABLE,FEDERAL,DETERMINATE,MALE,WHITE,CAUCASIAN,SCHE 1 WITH SEX
2011-2012,AUG,PAPER,DP-PRE,DP DENIED,REGULAR,,AFFIRMED,ONT,NOT APPLICABLE,FEDERAL,DETERMINATE,MALE,WHITE,CAUCASIAN,SCHE 1 W/O SEX
2011-2012,FEB,PAPER,DP-PRE,DP DENIED,REGULAR,,AFFIRMED,QUE,NOT APPLICABLE,FEDERAL,DETERMINATE,MALE,WHITE,CAUCASIAN,SCHE 1 W/O SEX
2011-2012,SEP,PAPER,DP-PRE,DP DENIED,REGULAR,,AFFIRMED,PAC,NOT APPLICABLE,PROVINCIAL,DETERMINATE,MALE,WHITE,CAUCASIAN,SCHE 1 WITH SEX
2011-2012,APR,PAPER,DP-PRE,DP DENIED,REGULAR,,AFFIRMED,ONT,NOT APPLICABLE,FEDERAL,DETERMINATE,MALE,WHITE,CAUCASIAN,SCHE 1 W/O SEX
2011-2012,JUL,PAPER,DP-PRE,DP DENIED,REGULAR,,AFFIRMED,ATL,NOT APPLICABLE,FEDERAL,DETERMINATE,MALE,WHITE,CAUCASIAN,SCHE 1 W/O SEX
2011-2012,FEB,PAPER,DP-PRE,DP DENIED,REGULAR,,AFFIRMED,ONT,NOT APPLICABLE,FEDERAL,DETERMINATE,MALE,WHITE,CAUCASIAN,SCHE 1 W/O SEX
2011-2012,JUN,PAPER,DP-PRE,DP DENIED,REGULAR,,AFFIRMED,ONT,NOT APPLICABLE,FEDERAL,DETERMINATE,MALE,WHITE,CAUCASIAN,SCHE 1 W/O SEX
2011-2012,SEP,PAPER,DP-PRE,DP DENIED,REGULAR,,AFFIRMED,PRA,SASKATOON,PROVINCIAL,DETERMINATE,MALE,WHITE,CAUCASIAN,NON SCHEDULE
2011-2012,FEB,PAPER,DP-PRE,DP DENIED,REGULAR,,AFFIRMED,QUE,NOT APPLICABLE,FEDERAL,DETERMINATE,MALE,WHITE,CAUCASIAN,SCHEDULE 2
2011-2012,JAN,PAPER,DP-PRE,DP DENIED,REGULAR,,AFFIRMED,PAC,NOT APPLICABLE,FEDERAL,DETERMINATE,MALE,WHITE,CAUCASIAN,SCHE 1 W/O SEX
2011-2012,APR,PAPER,DP-PRE,DP DENIED,REGULAR,,AFFIRMED,QUE,NOT APPLICABLE,FEDERAL,DETERMINATE,MALE,WHITE,CAUCASIAN,NON SCHEDULE
2011-2012,AUG,PAPER,DP-PRE,DP DENIED,REGULAR,,AFFIRMED,ATL,NOT APPLICABLE,PROVINCIAL,DETERMINATE,MALE,WHITE,CAUCASIAN,SCHE 1 W/O SEX
2011-2012,NOV,PAPER,DP-PRE,DP DENIED,REGULAR,,AFFIRMED,PRA,SASKATOON,FEDERAL,DETERMINATE,MALE,WHITE,CAUCASIAN,SCHEDULE 2
2011-2012,MAY,PAPER,DP-PRE,DP DENIED,REGULAR,,AFFIRMED,PRA,EDMONTON,PROVINCIAL,DETERMINATE,MALE,WHITE,CAUCASIAN,SCHE 1 W/O SEX
2011-2012,AUG,PAPER,DP-PRE,DP DENIED,REGULAR,,AFFIRMED,PAC,NOT APPLICABLE,PROVINCIAL,DETERMINATE,MALE,WHITE,CAUCASIAN,SCHE 1 W/O SEX
2011-2012,FEB,PAPER,DP-PRE,DP DENIED,REGULAR,,AFFIRMED,PRA,EDMONTON,FEDERAL,DETERMINATE,MALE,WHITE,CAUCASIAN,SCHE 1 WITH SEX
2011-2012,MAY,PAPER,DP-PRE,DP DENIED,REGULAR,,AFFIRMED,QUE,NOT APPLICABLE,FEDERAL,DETERMINATE,MALE,WHITE,CAUCASIAN,SCHE 1 W/O SEX
2011-2012,JUN,PAPER,DP-PRE,DP DENIED,REGULAR,,AFFIRMED,ONT,NOT APPLICABLE,FEDERAL,DETERMINATE,MALE,WHITE,CAUCASIAN,NON SCHEDULE
2011-2012,SEP,PAPER,DP-PRE,DP DENIED,REGULAR,,AFFIRMED,ONT,NOT APPLICABLE,FEDERAL,DETERMINATE,MALE,WHITE,CAUCASIAN,SCHE 1 W/O SEX
2011-2012,JAN,PAPER,DP-PRE,DP DENIED,REGULAR,,AFFIRMED,ATL,NOT APPLICABLE,FEDERAL,DETERMINATE,MALE,WHITE,CAUCASIAN,SCHE 1 W/O SEX
2011-2012,DEC,PAPER,DP-PRE,DP DENIED,REGULAR,,AFFIRMED,PAC,NOT APPLICABLE,PROVINCIAL,DETERMINATE,MALE,WHITE,CAUCASIAN,SCHE 1 WITH SEX
2011-2012,SEP,PAPER,DP-PRE,DP DENIED,REGULAR,,AFFIRMED,QUE,NOT APPLICABLE,FEDERAL,DETERMINATE,MALE,WHITE,CAUCASIAN,NON SCHEDULE
2011-2012,DEC,PAPER,DP-PRE,DP DENIED,REGULAR,,AFFIRMED,PRA,SASKATOON,FEDERAL,DETERMINATE,MALE,WHITE,CAUCASIAN,SCHEDULE 2
2011-2012,JAN,PAPER,DP-PRE,DP DENIED,REGULAR,,AFFIRMED,QUE,NOT APPLICABLE,FEDERAL,DETERMINATE,MALE,WHITE,CAUCASIAN,SCHE 1 W/O SEX
2011-2012,AUG,PAPER,DP-PRE,DP DENIED,REGULAR,,AFFIRMED,ONT,NOT APPLICABLE,FEDERAL,DETERMINATE,MALE,WHITE,CAUCASIAN,SCHE 1 W/O SEX
2011-2012,NOV,PAPER,DP-PRE,DP DENIED,REGULAR,,AFFIRMED,ONT,NOT APPLICABLE,FEDERAL,DETERMINATE,MALE,WHITE,CAUCASIAN,SCHE 1 W/O SEX
2011-2012,JAN,PAPER,DP-PRE,DP DENIED,REGULAR,,AFFIRMED,ATL,NOT APPLICABLE,FEDERAL,DETERMINATE,MALE,WHITE,CAUCASIAN,SCHE 1 W/O SEX
2011-2012,MAY,PAPER,DP-PRE,DP DENIED,REGULAR,,AFFIRMED,ONT,NOT APPLICABLE,FEDERAL,DETERMINATE,MALE,WHITE,CAUCASIAN,SCHE 1 W/O SEX
2011-2012,APR,PAPER,DP-PRE,DP DENIED,REGULAR,,AFFIRMED,PRA,EDMONTON,PROVINCIAL,DETERMINATE,MALE,WHITE,CAUCASIAN,SCHE 1 W/O SEX
2011-2012,FEB,PAPER,DP-PRE,DP DENIED,REGULAR,,AFFIRMED,QUE,NOT APPLICABLE,FEDERAL,DETERMINATE,MALE,WHITE,CAUCASIAN,NON SCHEDULE
2011-2012,JUL,PAPER,DP-PRE,DP DENIED,REGULAR,,AFFIRMED,PAC,NOT APPLICABLE,FEDERAL,DETERMINATE,MALE,WHITE,CAUCASIAN,SCHE 1 WITH SEX
2011-2012,JAN,PAPER,DP-PRE,DP DENIED,REGULAR,,AFFIRMED,QUE,NOT APPLICABLE,FEDERAL,DETERMINATE,MALE,WHITE,CAUCASIAN,SCHEDULE 2
2011-2012,JUL,PAPER,DP-PRE,DP DENIED,REGULAR,,AFFIRMED,PAC,NOT APPLICABLE,PROVINCIAL,DETERMINATE,MALE,WHITE,CAUCASIAN,NON SCHEDULE
2011-2012,AUG,PAPER,DP-PRE,DP DENIED,REGULAR,,AFFIRMED,ONT,NOT APPLICABLE,FEDERAL,DETERMINATE,MALE,WHITE,CAUCASIAN,SCHE 1 W/O SEX
2011-2012,DEC,PAPER,DP-PRE,DP DENIED,REGULAR,,AFFIRMED,ONT,NOT APPLICABLE,FEDERAL,DETERMINATE,MALE,WHITE,CAUCASIAN,SCHEDULE 2
2011-2012,SEP,PAPER,DP-PRE,DP DENIED,REGULAR,,AFFIRMED,ONT,NOT APPLICABLE,FEDERAL,DETERMINATE,MALE,WHITE,CAUCASIAN,SCHE 1 WITH SEX
2011-2012,NOV,PAPER,DP-PRE,DP DENIED,REGULAR,,AFFIRMED,PRA,EDMONTON,FEDERAL,DETERMINATE,MALE,WHITE,CAUCASIAN,SCHE 1 WITH SEX
2011-2012,FEB,PAPER,DP-PRE,DP DENIED,REGULAR,,AFFIRMED,ATL,NOT APPLICABLE,PROVINCIAL,DETERMINATE,MALE,WHITE,CAUCASIAN,SCHE 1 W/O SEX
2011-2012,AUG,PAPER,DP-PRE,DP DENIED,REGULAR,,AFFIRMED,PAC,NOT APPLICABLE,FEDERAL,DETERMINATE,MALE,WHITE,CAUCASIAN,NON SCHEDULE
2011-2012,MAR,PAPER,DP-PRE,DP DENIED,REGULAR,,AFFIRMED,QUE,NOT APPLICABLE,FEDERAL,DETERMINATE,MALE,WHITE,CAUCASIAN,SCHE 1 W/O SEX
2011-2012,FEB,PAPER,DP-PRE,DP DENIED,REGULAR,,AFFIRMED,PAC,NOT APPLICABLE,FEDERAL,INDETERMINATE,MALE,WHITE,CAUCASIAN,NON SCHEDULE
2011-2012,APR,PAPER,DP-PRE,DP DENIED,REGULAR,,AFFIRMED,PAC,NOT APPLICABLE,FEDERAL,INDETERMINATE,MALE,WHITE,CAUCASIAN,SCHE 1 WITH SEX
2011-2012,APR,PAPER,DP-PRE,DP DENIED,REGULAR,,AFFIRMED,QUE,NOT APPLICABLE,FEDERAL,INDETERMINATE,MALE,WHITE,CAUCASIAN,SCHE 1 WITH SEX
2011-2012,JUL,PAPER,DP-PRE,DP DENIED,REGULAR,,AFFIRMED,PAC,NOT APPLICABLE,FEDERAL,INDETERMINATE,MALE,WHITE,CAUCASIAN,NON SCHEDULE
2011-2012,MAY,PAPER,DP-PRE,DP DENIED,REGULAR,,AFFIRMED,PAC,NOT APPLICABLE,FEDERAL,INDETERMINATE,MALE,WHITE,CAUCASIAN,NON SCHEDULE
2011-2012,AUG,PAPER,DP-PRE,DP DENIED,REGULAR,,AFFIRMED,QUE,NOT APPLICABLE,FEDERAL,INDETERMINATE,MALE,WHITE,CAUCASIAN,MURDER 2
2011-2012,DEC,PAPER,DP-PRE,DP DENIED,REGULAR,,AFFIRMED,QUE,NOT APPLICABLE,FEDERAL,INDETERMINATE,MALE,WHITE,CAUCASIAN,MURDER 2
2011-2012,JUN,PAPER,DP-PRE,DP DENIED,REGULAR,,AFFIRMED,QUE,NOT APPLICABLE,FEDERAL,INDETERMINATE,MALE,WHITE,CAUCASIAN,MURDER 1
2011-2012,AUG,PAPER,DP-PRE,DP DENIED,REGULAR,,AFFIRMED,PRA,EDMONTON,FEDERAL,INDETERMINATE,MALE,WHITE,CAUCASIAN,MURDER 2
2011-2012,DEC,PAPER,DP-PRE,DP DENIED,REGULAR,,AFFIRMED,QUE,NOT APPLICABLE,FEDERAL,INDETERMINATE,MALE,WHITE,CAUCASIAN,MURDER 2
2011-2012,NOV,PAPER,DP-PRE,DP DENIED,REGULAR,,AFFIRMED,ONT,NOT APPLICABLE,FEDERAL,INDETERMINATE,MALE,WHITE,CAUCASIAN,MURDER 1
2011-2012,APR,PAPER,DP-PRE,DP DENIED,REGULAR,,AFFIRMED,PAC,NOT APPLICABLE,FEDERAL,INDETERMINATE,MALE,WHITE,CAUCASIAN,MURDER 2
2011-2012,MAY,PAPER,DP-PRE,DP DENIED,REGULAR,,AFFIRMED,QUE,NOT APPLICABLE,FEDERAL,INDETERMINATE,MALE,WHITE,CAUCASIAN,MURDER 1
2011-2012,NOV,PAPER,DP-PRE,DP DENIED,REGULAR,,AFFIRMED,ONT,NOT APPLICABLE,FEDERAL,INDETERMINATE,MALE,WHITE,CAUCASIAN,MURDER 2
2011-2012,SEP,PAPER,DP-PRE,DP DENIED,REGULAR,,AFFIRMED,ATL,NOT APPLICABLE,FEDERAL,INDETERMINATE,MALE,WHITE,CAUCASIAN,MURDER 2
2011-2012,AUG,PAPER,DP-PRE,DP DENIED,REGULAR,,AFFIRMED,QUE,NOT APPLICABLE,FEDERAL,INDETERMINATE,MALE,WHITE,CAUCASIAN,MURDER 2
2011-2012,OCT,PAPER,DP-PRE,DP DENIED,REGULAR,,AFFIRMED,PAC,NOT APPLICABLE,FEDERAL,INDETERMINATE,MALE,WHITE,CAUCASIAN,MURDER 2
2011-2012,NOV,PAPER,DP-PRE,DP DENIED,REGULAR,,AFFIRMED,PAC,NOT APPLICABLE,FEDERAL,INDETERMINATE,MALE,WHITE,CAUCASIAN,MURDER 2
2011-2012,DEC,PAPER,DP-PRE,DP DENIED,REGULAR,,AFFIRMED,QUE,NOT APPLICABLE,FEDERAL,INDETERMINATE,MALE,WHITE,CAUCASIAN,MURDER 2
2011-2012,MAY,PAPER,DP-PRE,DP DENIED,REGULAR,,AFFIRMED,PAC,NOT APPLICABLE,FEDERAL,INDETERMINATE,MALE,WHITE,CAUCASIAN,MURDER 2
2011-2012,JUL,PAPER,DP-PRE,DP DENIED,REGULAR,,AFFIRMED,PAC,NOT APPLICABLE,FEDERAL,INDETERMINATE,MALE,WHITE,CAUCASIAN,MURDER 2
2011-2012,DEC,PAPER,DP-PRE,DP DENIED,REGULAR,,AFFIRMED,QUE,NOT APPLICABLE,FEDERAL,DETERMINATE,MALE,INUIT,ABORIGINAL,SCHE 1 W/O SEX
2011-2012,APR,PAPER,DP-PRE,DP DENIED,REGULAR,,AFFIRMED,PRA,EDMONTON,FEDERAL,INDETERMINATE,MALE,INUIT,ABORIGINAL,MURDER 2
2011-2012,MAY,PAPER,DP-PRE,DP DENIED,REGULAR,,AFFIRMED,PRA,EDMONTON,FEDERAL,DETERMINATE,MALE,METIS,ABORIGINAL,SCHEDULE 2
2011-2012,MAR,PAPER,DP-PRE,DP DENIED,REGULAR,,AFFIRMED,QUE,NOT APPLICABLE,FEDERAL,DETERMINATE,MALE,METIS,ABORIGINAL,SCHEDULE 2
2011-2012,JUN,PAPER,DP-PRE,DP DENIED,REGULAR,,AFFIRMED,PRA,SASKATOON,FEDERAL,DETERMINATE,MALE,METIS,ABORIGINAL,SCHEDULE 2
2011-2012,AUG,PAPER,DP-PRE,DP DENIED,REGULAR,,AFFIRMED,QUE,NOT APPLICABLE,FEDERAL,DETERMINATE,MALE,METIS,ABORIGINAL,SCHEDULE 2
2011-2012,OCT,PAPER,DP-PRE,DP DENIED,REGULAR,,AFFIRMED,QUE,NOT APPLICABLE,FEDERAL,DETERMINATE,MALE,METIS,ABORIGINAL,SCHE 1 W/O SEX
2011-2012,NOV,PAPER,DP-PRE,DP DENIED,REGULAR,,AFFIRMED,PRA,EDMONTON,PROVINCIAL,DETERMINATE,MALE,METIS,ABORIGINAL,NON SCHEDULE
2011-2012,MAR,PAPER,DP-PRE,DP DENIED,REGULAR,,AFFIRMED,PRA,EDMONTON,FEDERAL,DETERMINATE,MALE,METIS,ABORIGINAL,SCHE 1 W/O SEX
2011-2012,OCT,PAPER,DP-PRE,DP DENIED,REGULAR,,AFFIRMED,QUE,NOT APPLICABLE,FEDERAL,INDETERMINATE,MALE,METIS,ABORIGINAL,SCHE 1 WITH SEX
2011-2012,SEP,PAPER,DP-PRE,DP DENIED,REGULAR,,AFFIRMED,ONT,NOT APPLICABLE,FEDERAL,INDETERMINATE,MALE,METIS,ABORIGINAL,MURDER 1
2011-2012,DEC,PAPER,DP-PRE,DP DENIED,REGULAR,,AFFIRMED,PAC,NOT APPLICABLE,PROVINCIAL,DETERMINATE,MALE,NORTH AMERICAN,ABORIGINAL,SCHE 1 W/O SEX
2011-2012,MAY,PAPER,DP-PRE,DP DENIED,REGULAR,,AFFIRMED,PRA,EDMONTON,FEDERAL,DETERMINATE,FEMALE,NORTH AMERICAN,ABORIGINAL,SCHE 1 W/O SEX
2011-2012,AUG,PAPER,DP-PRE,DP DENIED,REGULAR,,AFFIRMED,PRA,EDMONTON,FEDERAL,DETERMINATE,MALE,NORTH AMERICAN,ABORIGINAL,SCHE 1 W/O SEX
2011-2012,JUL,PAPER,DP-PRE,DP DENIED,REGULAR,,AFFIRMED,PRA,EDMONTON,PROVINCIAL,DETERMINATE,MALE,NORTH AMERICAN,ABORIGINAL,SCHE 1 W/O SEX
2011-2012,JAN,PAPER,DP-PRE,DP DENIED,REGULAR,,AFFIRMED,PRA,SASKATOON,PROVINCIAL,DETERMINATE,FEMALE,NORTH AMERICAN,ABORIGINAL,SCHEDULE 2
2011-2012,APR,PAPER,DP-PRE,DP DENIED,REGULAR,,AFFIRMED,PRA,EDMONTON,PROVINCIAL,DETERMINATE,MALE,NORTH AMERICAN,ABORIGINAL,SCHE 1 W/O SEX
2011-2012,OCT,PAPER,DP-PRE,DP DENIED,REGULAR,,AFFIRMED,PRA,SASKATOON,FEDERAL,DETERMINATE,MALE,NORTH AMERICAN,ABORIGINAL,NON SCHEDULE
2011-2012,SEP,PAPER,DP-PRE,DP DENIED,REGULAR,,AFFIRMED,ONT,NOT APPLICABLE,FEDERAL,DETERMINATE,MALE,NORTH AMERICAN,ABORIGINAL,SCHE 1 W/O SEX
2011-2012,AUG,PAPER,DP-PRE,DP DENIED,REGULAR,,AFFIRMED,PRA,SASKATOON,FEDERAL,DETERMINATE,FEMALE,NORTH AMERICAN,ABORIGINAL,SCHE 1 W/O SEX
2011-2012,SEP,PAPER,DP-PRE,DP DENIED,REGULAR,,AFFIRMED,ONT,NOT APPLICABLE,FEDERAL,DETERMINATE,FEMALE,NORTH AMERICAN,ABORIGINAL,SCHE 1 W/O SEX
2011-2012,OCT,PAPER,DP-PRE,DP DENIED,REGULAR,,AFFIRMED,PRA,SASKATOON,PROVINCIAL,DETERMINATE,FEMALE,NORTH AMERICAN,ABORIGINAL,SCHE 1 W/O SEX
2011-2012,JAN,PAPER,DP-PRE,DP DENIED,REGULAR,,AFFIRMED,ONT,NOT APPLICABLE,FEDERAL,DETERMINATE,MALE,NORTH AMERICAN,ABORIGINAL,SCHE 1 WITH SEX
2011-2012,OCT,PAPER,DP-PRE,DP DENIED,REGULAR,,AFFIRMED,PAC,NOT APPLICABLE,FEDERAL,DETERMINATE,MALE,NORTH AMERICAN,ABORIGINAL,SCHE 1 WITH SEX
2011-2012,SEP,PAPER,DP-PRE,DP DENIED,REGULAR,,AFFIRMED,ONT,NOT APPLICABLE,FEDERAL,INDETERMINATE,MALE,NORTH AMERICAN,ABORIGINAL,SCHE 1 W/O SEX
2011-2012,NOV,PAPER,DP-PRE,DP DENIED,REGULAR,,AFFIRMED,ONT,NOT APPLICABLE,FEDERAL,INDETERMINATE,MALE,NORTH AMERICAN,ABORIGINAL,SCHE 1 WITH SEX
2011-2012,OCT,PAPER,DP-PRE,DP DENIED,REGULAR,,AFFIRMED,PRA,EDMONTON,FEDERAL,INDETERMINATE,MALE,NORTH AMERICAN,ABORIGINAL,MURDER 2
2011-2012,FEB,PAPER,DP-PRE,DP DENIED,REGULAR,,AFFIRMED,PRA,EDMONTON,FEDERAL,INDETERMINATE,MALE,NORTH AMERICAN,ABORIGINAL,MURDER 2
2011-2012,JUN,PAPER,DP-PRE,DP DENIED,REGULAR,,AFFIRMED,ATL,NOT APPLICABLE,FEDERAL,INDETERMINATE,MALE,NORTH AMERICAN,ABORIGINAL,MURDER 2
2011-2012,SEP,PAPER,DP-PRE,DP DENIED,REGULAR,,AFFIRMED,PRA,EDMONTON,FEDERAL,INDETERMINATE,MALE,NORTH AMERICAN,ABORIGINAL,MURDER 2
2011-2012,JAN,PAPER,DP-PRE,DP DENIED,REGULAR,,AFFIRMED,PRA,EDMONTON,FEDERAL,INDETERMINATE,MALE,NORTH AMERICAN,ABORIGINAL,MURDER 2
2011-2012,SEP,PAPER,DP-PRE,DP DENIED,REGULAR,,AFFIRMED,QUE,NOT APPLICABLE,FEDERAL,INDETERMINATE,MALE,NORTH AMERICAN,ABORIGINAL,MURDER 1
2011-2012,DEC,PAPER,DP-PRE,DP DENIED,REGULAR,,AFFIRMED,ONT,NOT APPLICABLE,FEDERAL,DETERMINATE,MALE,CHINESE,ASIAN,SCHEDULE 2
2011-2012,OCT,PAPER,DP-PRE,DP DENIED,REGULAR,,AFFIRMED,PAC,NOT APPLICABLE,FEDERAL,DETERMINATE,MALE,FILIPINO,OTHER/UNKNOWN,SCHEDULE 2
2011-2012,AUG,PAPER,DP-PRE,DP DENIED,REGULAR,,AFFIRMED,PRA,EDMONTON,FEDERAL,DETERMINATE,MALE,FILIPINO,OTHER/UNKNOWN,SCHE 1 WITH SEX
2011-2012,MAR,PAPER,DP-PRE,DP DENIED,REGULAR,,AFFIRMED,PRA,EDMONTON,FEDERAL,DETERMINATE,MALE,LATIN AMERICAN,OTHER/UNKNOWN,SCHEDULE 2
2011-2012,MAY,PAPER,DP-PRE,DP DENIED,REGULAR,,AFFIRMED,PRA,EDMONTON,FEDERAL,DETERMINATE,MALE,LATIN AMERICAN,OTHER/UNKNOWN,SCHE 1 W/O SEX
2011-2012,SEP,PAPER,DP-PRE,DP DENIED,REGULAR,,AFFIRMED,PAC,NOT APPLICABLE,FEDERAL,DETERMINATE,MALE,SOUTH ASIAN,ASIAN,SCHE 1 W/O SEX
2011-2012,MAR,PAPER,DP-PRE,DP DENIED,REGULAR,,AFFIRMED,PRA,EDMONTON,FEDERAL,DETERMINATE,MALE,SOUTH ASIAN,ASIAN,NON SCHEDULE
2011-2012,SEP,PAPER,DP-PRE,DP DENIED,REGULAR,,AFFIRMED,QUE,NOT APPLICABLE,FEDERAL,DETERMINATE,MALE,S. E. ASIAN,ASIAN,SCHE 1 W/O SEX
2011-2012,JUN,PAPER,DP-PRE,DP DENIED,REGULAR,,AFFIRMED,ONT,NOT APPLICABLE,FEDERAL,DETERMINATE,MALE,S. E. ASIAN,ASIAN,SCHE 1 WITH SEX
2011-2012,FEB,PAPER,DP-PRE,DP DENIED,REGULAR,,AFFIRMED,QUE,NOT APPLICABLE,FEDERAL,DETERMINATE,MALE,S. E. ASIAN,ASIAN,SCHEDULE 2
2011-2012,SEP,PAPER,DP-PRE,DP DENIED,REGULAR,,AFFIRMED,ONT,NOT APPLICABLE,FEDERAL,DETERMINATE,MALE,S. E. ASIAN,ASIAN,SCHE 1 W/O SEX
2011-2012,FEB,PAPER,DP-PRE,DP DENIED,REGULAR,,PAN.HEAR.ORDER.,ONT,NOT APPLICABLE,FEDERAL,DETERMINATE,MALE,ARAB/WEST ASIAN,OTHER/UNKNOWN,NON SCHEDULE
2011-2012,JUL,PAPER,DP-PRE,DP DENIED,REGULAR,,PAN.HEAR.ORDER.,PRA,EDMONTON,FEDERAL,DETERMINATE,MALE,WHITE,CAUCASIAN,SCHE 1 W/O SEX
2011-2012,SEP,PAPER,DP-PRE,DP DENIED,REGULAR,,PAN.HEAR.ORDER.,PRA,EDMONTON,FEDERAL,DETERMINATE,MALE,WHITE,CAUCASIAN,NON SCHEDULE
2011-2012,JUL,PAPER,DP-PRE,DP DENIED,REGULAR,,PAN.HEAR.ORDER.,ONT,NOT APPLICABLE,FEDERAL,DETERMINATE,MALE,WHITE,CAUCASIAN,SCHEDULE 2
2011-2012,JUN,PAPER,DP-PRE,DP DENIED,REGULAR,,PAN.HEAR.ORDER.,ATL,NOT APPLICABLE,FEDERAL,DETERMINATE,MALE,WHITE,CAUCASIAN,SCHEDULE 2
2011-2012,OCT,PAPER,DP-PRE,DP DENIED,REGULAR,,PAN.HEAR.ORDER.,PRA,EDMONTON,FEDERAL,INDETERMINATE,MALE,WHITE,CAUCASIAN,SCHE 1 W/O SEX
2011-2012,DEC,PAPER,DP-PRE,DP DENIED,REGULAR,,PAN.HEAR.ORDER.,ONT,NOT APPLICABLE,FEDERAL,INDETERMINATE,MALE,WHITE,CAUCASIAN,MURDER 2
2011-2012,NOV,PAPER,DP-PRE,DP DENIED,REGULAR,,PAN.HEAR.ORDER.,PAC,NOT APPLICABLE,FEDERAL,INDETERMINATE,MALE,METIS,ABORIGINAL,MURDER 1
2011-2012,APR,PAPER,DP-PRE,DP DENIED,REGULAR,,PAN.HEAR.ORDER.,QUE,NOT APPLICABLE,FEDERAL,DETERMINATE,MALE,NORTH AMERICAN,ABORIGINAL,SCHEDULE 2
2011-2012,MAY,PAPER,DP-PRE,DP DENIED,REGULAR,,PAN.HEAR.ORDER.,PAC,NOT APPLICABLE,FEDERAL,DETERMINATE,MALE,SOUTH ASIAN,ASIAN,SCHE 1 W/O SEX
2011-2012,NOV,PAPER,DP-PRE,DP DENIED,REGULAR,,PAN.HEAR.ORDER.,ONT,NOT APPLICABLE,FEDERAL,INDETERMINATE,MALE,S. E. ASIAN,ASIAN,MURDER 2
2011-2012,APR,PAPER,DP-PRE,DP DENIED,REGULAR,,REVIEW ORDERED,ONT,NOT APPLICABLE,FEDERAL,INDETERMINATE,MALE,WHITE,CAUCASIAN,SCHE 1 W/O SEX
2011-2012,FEB,PAPER,DP-PRE,DP DENIED,REGULAR,,REVIEW ORDERED,PRA,SASKATOON,PROVINCIAL,DETERMINATE,MALE,NORTH AMERICAN,ABORIGINAL,SCHE 1 W/O SEX
2011-2012,MAY,PAPER,DP-PRE,DP GRANT CANC.,REGULAR,,AFFIRMED,PAC,NOT APPLICABLE,FEDERAL,DETERMINATE,MALE,BLACK,BLACK,SCHE 1 W/O SEX
2011-2012,JUN,PAPER,DP-POST,DP REVOKED,REGULAR,,AFFIRMED,ONT,NOT APPLICABLE,FEDERAL,DETERMINATE,MALE,BLACK,BLACK,SCHE 1 W/O SEX
2011-2012,NOV,PAPER,DP-POST,DP REVOKED,REGULAR,,AFFIRMED,QUE,NOT APPLICABLE,FEDERAL,DETERMINATE,MALE,BLACK,BLACK,SCHEDULE 2
2011-2012,JUL,PAPER,DP-POST,DP REVOKED,REGULAR,,AFFIRMED,PRA,SASKATOON,FEDERAL,DETERMINATE,MALE,WHITE,CAUCASIAN,NON SCHEDULE
2011-2012,DEC,PAPER,DP-POST,DP REVOKED,REGULAR,,AFFIRMED,ATL,NOT APPLICABLE,FEDERAL,DETERMINATE,MALE,WHITE,CAUCASIAN,SCHEDULE 2
2011-2012,JUL,PAPER,DP-POST,DP REVOKED,REGULAR,,AFFIRMED,QUE,NOT APPLICABLE,FEDERAL,DETERMINATE,MALE,WHITE,CAUCASIAN,SCHEDULE 2
2011-2012,SEP,PAPER,DP-POST,DP REVOKED,REGULAR,,AFFIRMED,PAC,NOT APPLICABLE,FEDERAL,DETERMINATE,MALE,WHITE,CAUCASIAN,SCHEDULE 2
2011-2012,DEC,PAPER,DP-POST,DP REVOKED,REGULAR,,AFFIRMED,QUE,NOT APPLICABLE,FEDERAL,DETERMINATE,MALE,WHITE,CAUCASIAN,NON SCHEDULE
2011-2012,JUN,PAPER,DP-POST,DP REVOKED,REGULAR,,AFFIRMED,PAC,NOT APPLICABLE,FEDERAL,DETERMINATE,MALE,WHITE,CAUCASIAN,SCHE 1 W/O SEX
2011-2012,JAN,PAPER,DP-POST,DP REVOKED,REGULAR,,AFFIRMED,QUE,NOT APPLICABLE,FEDERAL,DETERMINATE,MALE,WHITE,CAUCASIAN,NON SCHEDULE
2011-2012,APR,PAPER,DP-POST,DP REVOKED,REGULAR,,AFFIRMED,PAC,NOT APPLICABLE,FEDERAL,DETERMINATE,MALE,WHITE,CAUCASIAN,SCHE 1 W/O SEX
2011-2012,JUN,PAPER,DP-POST,DP REVOKED,REGULAR,,AFFIRMED,PRA,EDMONTON,FEDERAL,DETERMINATE,MALE,WHITE,CAUCASIAN,SCHE 1 W/O SEX
2011-2012,MAR,PAPER,DP-POST,DP REVOKED,REGULAR,,AFFIRMED,PAC,NOT APPLICABLE,FEDERAL,DETERMINATE,MALE,WHITE,CAUCASIAN,SCHE 1 W/O SEX
2011-2012,JUN,PAPER,DP-POST,DP REVOKED,REGULAR,,AFFIRMED,ATL,NOT APPLICABLE,FEDERAL,DETERMINATE,MALE,WHITE,CAUCASIAN,SCHE 1 W/O SEX
2011-2012,JUN,PAPER,DP-POST,DP REVOKED,REGULAR,,AFFIRMED,ONT,NOT APPLICABLE,FEDERAL,DETERMINATE,MALE,WHITE,CAUCASIAN,SCHEDULE 2
2011-2012,MAY,PAPER,DP-POST,DP REVOKED,REGULAR,,AFFIRMED,ATL,NOT APPLICABLE,FEDERAL,DETERMINATE,MALE,WHITE,CAUCASIAN,SCHE 1 W/O SEX
2011-2012,MAY,PAPER,DP-POST,DP REVOKED,REGULAR,,AFFIRMED,PRA,SASKATOON,FEDERAL,DETERMINATE,MALE,WHITE,CAUCASIAN,NON SCHEDULE
2011-2012,AUG,PAPER,DP-POST,DP REVOKED,REGULAR,,AFFIRMED,ONT,NOT APPLICABLE,FEDERAL,DETERMINATE,MALE,WHITE,CAUCASIAN,NON SCHEDULE
2011-2012,APR,PAPER,DP-POST,DP REVOKED,REGULAR,,AFFIRMED,PRA,SASKATOON,FEDERAL,DETERMINATE,MALE,WHITE,CAUCASIAN,SCHE 1 W/O SEX
2011-2012,JAN,PAPER,DP-POST,DP REVOKED,REGULAR,,AFFIRMED,PAC,NOT APPLICABLE,FEDERAL,DETERMINATE,MALE,WHITE,CAUCASIAN,SCHE 1 W/O SEX
2011-2012,JUL,PAPER,DP-POST,DP REVOKED,REGULAR,,AFFIRMED,PAC,NOT APPLICABLE,FEDERAL,DETERMINATE,MALE,WHITE,CAUCASIAN,SCHE 1 W/O SEX
2011-2012,APR,PAPER,DP-POST,DP REVOKED,REGULAR,,AFFIRMED,QUE,NOT APPLICABLE,FEDERAL,INDETERMINATE,MALE,WHITE,CAUCASIAN,MURDER 2
2011-2012,SEP,PAPER,DP-POST,DP REVOKED,REGULAR,,AFFIRMED,ONT,NOT APPLICABLE,FEDERAL,INDETERMINATE,MALE,INUIT,ABORIGINAL,MURDER 2
2011-2012,APR,PAPER,DP-POST,DP REVOKED,REGULAR,,AFFIRMED,QUE,NOT APPLICABLE,FEDERAL,DETERMINATE,MALE,METIS,ABORIGINAL,SCHE 1 W/O SEX
2011-2012,JAN,PAPER,DP-POST,DP REVOKED,REGULAR,,AFFIRMED,PAC,NOT APPLICABLE,FEDERAL,INDETERMINATE,MALE,METIS,ABORIGINAL,MURDER 2
2011-2012,JAN,PAPER,DP-POST,DP REVOKED,REGULAR,,AFFIRMED,PAC,NOT APPLICABLE,FEDERAL,DETERMINATE,MALE,NORTH AMERICAN,ABORIGINAL,NON SCHEDULE
2011-2012,JUN,PAPER,DP-POST,DP REVOKED,REGULAR,,AFFIRMED,PRA,EDMONTON,FEDERAL,INDETERMINATE,MALE,NORTH AMERICAN,ABORIGINAL,MURDER 2
2011-2012,JUN,PAPER,DP-POST,DP REVOKED,REGULAR,,AFFIRMED,PAC,NOT APPLICABLE,FEDERAL,INDETERMINATE,MALE,SOUTH ASIAN,ASIAN,MURDER 2
2011-2012,FEB,PAPER,DP-POST,DP REVOKED,APR,APR-INITIAL,AFFIRMED,PRA,SASKATOON,FEDERAL,DETERMINATE,MALE,BLACK,BLACK,SCHEDULE 2
2011-2012,MAR,PAPER,DP-POST,DP REVOKED,APR,APR-INITIAL,AFFIRMED,PAC,NOT APPLICABLE,FEDERAL,DETERMINATE,MALE,WHITE,CAUCASIAN,NON SCHEDULE
2011-2012,JUL,PAPER,DP-POST,DP REVOKED,APR,APR-INITIAL,AFFIRMED,ATL,NOT APPLICABLE,FEDERAL,DETERMINATE,MALE,WHITE,CAUCASIAN,NON SCHEDULE
2011-2012,SEP,PAPER,DP-POST,DP REVOKED,APR,APR-INITIAL,PAN.HEAR.ORDER.,ONT,NOT APPLICABLE,FEDERAL,DETERMINATE,MALE,ARAB/WEST ASIAN,OTHER/UNKNOWN,SCHEDULE 2
2011-2012,FEB,PAPER,DP-POST,DP REVOKED,APR,APR-FINAL,AFFIRMED,QUE,NOT APPLICABLE,FEDERAL,DETERMINATE,MALE,METIS,ABORIGINAL,SCHEDULE 2
2011-2012,SEP,PAPER,DP-POST,DP REVOKED,APR,APR-FINAL,AFFIRMED,PRA,EDMONTON,FEDERAL,DETERMINATE,FEMALE,NORTH AMERICAN,ABORIGINAL,NON SCHEDULE
2011-2012,AUG,PAPER,DP-POST,DP REVOKED,APR,APR-FINAL,AFFIRMED,PAC,NOT APPLICABLE,FEDERAL,DETERMINATE,MALE,SOUTH ASIAN,ASIAN,SCHEDULE 2
2011-2012,OCT,PAPER,UTA-PRE,UTA NOT AUTHOR.,REGULAR,,AFFIRMED,ATL,NOT APPLICABLE,FEDERAL,DETERMINATE,MALE,WHITE,CAUCASIAN,SCHE 1 W/O SEX
2011-2012,SEP,PAPER,UTA-PRE,UTA NOT AUTHOR.,REGULAR,,AFFIRMED,ONT,NOT APPLICABLE,FEDERAL,INDETERMINATE,MALE,WHITE,CAUCASIAN,MURDER 2
2011-2012,SEP,PAPER,UTA-PRE,UTA NOT AUTHOR.,REGULAR,,AFFIRMED,PRA,EDMONTON,FEDERAL,INDETERMINATE,MALE,NORTH AMERICAN,ABORIGINAL,MURDER 2
2011-2012,SEP,PAPER,UTA-PRE,UTA NOT AUTHOR.,REGULAR,,AFFIRMED,PRA,EDMONTON,FEDERAL,INDETERMINATE,MALE,NORTH AMERICAN,ABORIGINAL,MURDER 2
2011-2012,SEP,PAPER,UTA-PRE,UTA NOT AUTHOR.,REGULAR,,AFFIRMED,PRA,EDMONTON,FEDERAL,INDETERMINATE,MALE,NORTH AMERICAN,ABORIGINAL,MURDER 2
2011-2012,SEP,PAPER,UTA-PRE,UTA NOT AUTHOR.,REGULAR,,AFFIRMED,PRA,EDMONTON,FEDERAL,INDETERMINATE,MALE,NORTH AMERICAN,ABORIGINAL,MURDER 2
2011-2012,SEP,PAPER,UTA-PRE,UTA NOT AUTHOR.,REGULAR,,AFFIRMED,PRA,EDMONTON,FEDERAL,INDETERMINATE,MALE,NORTH AMERICAN,ABORIGINAL,MURDER 2
2011-2012,JUN,PAPER,UTA-PRE,UTA NOT AUTHOR.,REGULAR,,PAN.HEAR.ORDER.,ONT,NOT APPLICABLE,FEDERAL,INDETERMINATE,MALE,WHITE,CAUCASIAN,MURDER 2
2011-2012,OCT,PAPER,UTA-PRE,UTA NOT AUTHOR.,REGULAR,,PAN.HEAR.ORDER.,ONT,NOT APPLICABLE,FEDERAL,INDETERMINATE,MALE,WHITE,CAUCASIAN,MURDER 2
2011-2012,SEP,PAPER,UTA-PRE,UTA NOT AUTHOR.,REGULAR,,AFFIRMED,PRA,EDMONTON,FEDERAL,INDETERMINATE,FEMALE,ASIATIC,ASIAN,MURDER 1
2011-2012,OCT,PAPER,UTA-PRE,UTA NOT AUTHOR.,REGULAR,,AFFIRMED,PRA,EDMONTON,FEDERAL,DETERMINATE,MALE,WHITE,CAUCASIAN,SCHE 1 W/O SEX
2011-2012,OCT,PAPER,UTA-PRE,UTA NOT AUTHOR.,REGULAR,,AFFIRMED,ATL,NOT APPLICABLE,FEDERAL,DETERMINATE,MALE,WHITE,CAUCASIAN,SCHE 1 W/O SEX
2011-2012,AUG,PAPER,UTA-PRE,UTA NOT AUTHOR.,REGULAR,,AFFIRMED,QUE,NOT APPLICABLE,FEDERAL,INDETERMINATE,MALE,WHITE,CAUCASIAN,MURDER 2
2011-2012,APR,PAPER,UTA-PRE,UTA NOT AUTHOR.,REGULAR,,AFFIRMED,PRA,SASKATOON,FEDERAL,INDETERMINATE,MALE,METIS,ABORIGINAL,MURDER 2
2011-2012,JAN,PAPER,UTA-PRE,UTA NOT AUTHOR.,REGULAR,,AFFIRMED,PRA,EDMONTON,FEDERAL,INDETERMINATE,MALE,NORTH AMERICAN,ABORIGINAL,MURDER 2
2011-2012,MAY,PAPER,UTA-PRE,UTA NOT AUTHOR.,REGULAR,,AFFIRMED,ONT,NOT APPLICABLE,FEDERAL,INDETERMINATE,MALE,WHITE,CAUCASIAN,MURDER 2
2011-2012,JAN,PAPER,UTA-PRE,UTA NOT AUTHOR.,REGULAR,,AFFIRMED,ONT,NOT APPLICABLE,FEDERAL,INDETERMINATE,MALE,WHITE,CAUCASIAN,MURDER 2
2011-2012,SEP,PAPER,UTA-PRE,UTA NOT AUTHOR.,REGULAR,,AFFIRMED,ONT,NOT APPLICABLE,FEDERAL,INDETERMINATE,MALE,WHITE,CAUCASIAN,MURDER 2
2011-2012,JAN,PAPER,UTA-PRE,UTA NOT AUTHOR.,REGULAR,,AFFIRMED,PRA,EDMONTON,FEDERAL,INDETERMINATE,MALE,NORTH AMERICAN,ABORIGINAL,MURDER 2
2011-2012,SEP,PAPER,UTA-PRE,UTA NOT AUTHOR.,REGULAR,,AFFIRMED,PRA,EDMONTON,FEDERAL,INDETERMINATE,FEMALE,ASIATIC,ASIAN,MURDER 1
2011-2012,MAY,PAPER,UTA-PRE,UTA NOT AUTHOR.,REGULAR,,AFFIRMED,ONT,NOT APPLICABLE,FEDERAL,INDETERMINATE,MALE,WHITE,CAUCASIAN,MURDER 1
2011-2012,SEP,PAPER,UTA-PRE,UTA NOT AUTHOR.,REGULAR,,AFFIRMED,ATL,NOT APPLICABLE,FEDERAL,INDETERMINATE,MALE,WHITE,CAUCASIAN,MURDER 2
2011-2012,APR,PAPER,UTA-PRE,UTA NOT AUTHOR.,REGULAR,,AFFIRMED,PRA,SASKATOON,FEDERAL,INDETERMINATE,MALE,METIS,ABORIGINAL,MURDER 2
2011-2012,SEP,PAPER,UTA-PRE,UTA NOT AUTHOR.,REGULAR,,AFFIRMED,PRA,EDMONTON,FEDERAL,INDETERMINATE,MALE,NORTH AMERICAN,ABORIGINAL,MURDER 2
2011-2012,SEP,PAPER,UTA-PRE,UTA NOT AUTHOR.,REGULAR,,AFFIRMED,PRA,EDMONTON,FEDERAL,INDETERMINATE,MALE,NORTH AMERICAN,ABORIGINAL,MURDER 2
2011-2012,NOV,PAPER,UTA-PRE,UTA NOT AUTHOR.,REGULAR,,PAN.HEAR.ORDER.,ONT,NOT APPLICABLE,FEDERAL,INDETERMINATE,MALE,S. E. ASIAN,ASIAN,MURDER 2
2011-2012,FEB,PAPER,UTA-POST,UTA AUTH.CAN.PT,REGULAR,,AFFIRMED,PAC,NOT APPLICABLE,FEDERAL,INDETERMINATE,MALE,WHITE,CAUCASIAN,NON SCHEDULE
2011-2012,JUN,PAPER,UTA-POST,UTA AUTH.CAN.PT,REGULAR,,AFFIRMED,QUE,NOT APPLICABLE,FEDERAL,INDETERMINATE,MALE,WHITE,CAUCASIAN,MURDER 2
2011-2012,MAY,PAPER,SR-POST,SR REVOKED,REGULAR,,AFFIRMED,PAC,NOT APPLICABLE,FEDERAL,DETERMINATE,MALE,BLACK,BLACK,NON SCHEDULE
2011-2012,FEB,PAPER,SR-POST,SR REVOKED,REGULAR,,AFFIRMED,ONT,NOT APPLICABLE,FEDERAL,DETERMINATE,MALE,BLACK,BLACK,SCHEDULE 2
2011-2012,APR,PAPER,SR-POST,SR REVOKED,REGULAR,,AFFIRMED,ONT,NOT APPLICABLE,FEDERAL,DETERMINATE,MALE,BLACK,BLACK,SCHE 1 W/O SEX
2011-2012,OCT,PAPER,SR-POST,SR REVOKED,REGULAR,,AFFIRMED,ONT,NOT APPLICABLE,FEDERAL,DETERMINATE,MALE,BLACK,BLACK,SCHE 1 W/O SEX
2011-2012,JUL,PAPER,SR-POST,SR REVOKED,REGULAR,,AFFIRMED,ONT,NOT APPLICABLE,FEDERAL,DETERMINATE,MALE,BLACK,BLACK,SCHE 1 W/O SEX
2011-2012,MAR,PAPER,SR-POST,SR REVOKED,REGULAR,,AFFIRMED,QUE,NOT APPLICABLE,FEDERAL,DETERMINATE,MALE,WHITE,CAUCASIAN,SCHE 1 W/O SEX
2011-2012,FEB,PAPER,SR-POST,SR REVOKED,REGULAR,,AFFIRMED,ONT,NOT APPLICABLE,FEDERAL,DETERMINATE,MALE,WHITE,CAUCASIAN,SCHE 1 W/O SEX
2011-2012,FEB,PAPER,SR-POST,SR REVOKED,REGULAR,,AFFIRMED,PAC,NOT APPLICABLE,FEDERAL,DETERMINATE,MALE,WHITE,CAUCASIAN,SCHE 1 W/O SEX
2011-2012,JUN,PAPER,SR-POST,SR REVOKED,REGULAR,,AFFIRMED,ATL,NOT APPLICABLE,FEDERAL,DETERMINATE,MALE,WHITE,CAUCASIAN,SCHE 1 W/O SEX
2011-2012,NOV,PAPER,SR-POST,SR REVOKED,REGULAR,,AFFIRMED,PAC,NOT APPLICABLE,FEDERAL,DETERMINATE,MALE,WHITE,CAUCASIAN,NON SCHEDULE
2011-2012,FEB,PAPER,SR-POST,SR REVOKED,REGULAR,,AFFIRMED,ONT,NOT APPLICABLE,FEDERAL,DETERMINATE,MALE,WHITE,CAUCASIAN,SCHE 1 W/O SEX
2011-2012,FEB,PAPER,SR-POST,SR REVOKED,REGULAR,,AFFIRMED,PAC,NOT APPLICABLE,FEDERAL,DETERMINATE,MALE,WHITE,CAUCASIAN,SCHE 1 W/O SEX
2011-2012,FEB,PAPER,SR-POST,SR REVOKED,REGULAR,,AFFIRMED,ATL,NOT APPLICABLE,FEDERAL,DETERMINATE,MALE,WHITE,CAUCASIAN,SCHE 1 W/O SEX
2011-2012,NOV,PAPER,SR-POST,SR REVOKED,REGULAR,,AFFIRMED,QUE,NOT APPLICABLE,FEDERAL,DETERMINATE,MALE,WHITE,CAUCASIAN,SCHE 1 W/O SEX
2011-2012,AUG,PAPER,SR-POST,SR REVOKED,REGULAR,,AFFIRMED,ONT,NOT APPLICABLE,FEDERAL,DETERMINATE,MALE,WHITE,CAUCASIAN,NON SCHEDULE
2011-2012,AUG,PAPER,SR-POST,SR REVOKED,REGULAR,,AFFIRMED,QUE,NOT APPLICABLE,FEDERAL,DETERMINATE,MALE,WHITE,CAUCASIAN,SCHE 1 W/O SEX
2011-2012,SEP,PAPER,SR-POST,SR REVOKED,REGULAR,,AFFIRMED,ONT,NOT APPLICABLE,FEDERAL,DETERMINATE,MALE,WHITE,CAUCASIAN,SCHE 1 W/O SEX
2011-2012,MAR,PAPER,SR-POST,SR REVOKED,REGULAR,,AFFIRMED,QUE,NOT APPLICABLE,FEDERAL,DETERMINATE,MALE,WHITE,CAUCASIAN,SCHE 1 W/O SEX
2011-2012,JUL,PAPER,SR-POST,SR REVOKED,REGULAR,,AFFIRMED,PAC,NOT APPLICABLE,FEDERAL,DETERMINATE,MALE,WHITE,CAUCASIAN,SCHE 1 W/O SEX
2011-2012,APR,PAPER,SR-POST,SR REVOKED,REGULAR,,AFFIRMED,QUE,NOT APPLICABLE,FEDERAL,DETERMINATE,MALE,WHITE,CAUCASIAN,NON SCHEDULE
2011-2012,JAN,PAPER,SR-POST,SR REVOKED,REGULAR,,AFFIRMED,ATL,NOT APPLICABLE,FEDERAL,DETERMINATE,MALE,WHITE,CAUCASIAN,SCHE 1 W/O SEX
2011-2012,SEP,PAPER,SR-POST,SR REVOKED,REGULAR,,AFFIRMED,PAC,NOT APPLICABLE,FEDERAL,DETERMINATE,MALE,WHITE,CAUCASIAN,SCHE 1 W/O SEX
2011-2012,APR,PAPER,SR-POST,SR REVOKED,REGULAR,,AFFIRMED,ONT,NOT APPLICABLE,FEDERAL,DETERMINATE,MALE,WHITE,CAUCASIAN,SCHE 1 W/O SEX
2011-2012,SEP,PAPER,SR-POST,SR REVOKED,REGULAR,,AFFIRMED,ATL,NOT APPLICABLE,FEDERAL,DETERMINATE,MALE,WHITE,CAUCASIAN,SCHE 1 W/O SEX
2011-2012,JUL,PAPER,SR-POST,SR REVOKED,REGULAR,,AFFIRMED,QUE,NOT APPLICABLE,FEDERAL,DETERMINATE,MALE,WHITE,CAUCASIAN,SCHE 1 W/O SEX
2011-2012,APR,PAPER,SR-POST,SR REVOKED,REGULAR,,AFFIRMED,PRA,SASKATOON,FEDERAL,DETERMINATE,MALE,WHITE,CAUCASIAN,NON SCHEDULE
2011-2012,JUN,PAPER,SR-POST,SR REVOKED,REGULAR,,AFFIRMED,ONT,NOT APPLICABLE,FEDERAL,DETERMINATE,MALE,WHITE,CAUCASIAN,SCHE 1 WITH SEX
2011-2012,JUL,PAPER,SR-POST,SR REVOKED,REGULAR,,AFFIRMED,ONT,NOT APPLICABLE,FEDERAL,DETERMINATE,MALE,WHITE,CAUCASIAN,SCHEDULE 2
2011-2012,AUG,PAPER,SR-POST,SR REVOKED,REGULAR,,AFFIRMED,ONT,NOT APPLICABLE,FEDERAL,DETERMINATE,MALE,WHITE,CAUCASIAN,SCHE 1 W/O SEX
2011-2012,MAR,PAPER,SR-POST,SR REVOKED,REGULAR,,AFFIRMED,PRA,SASKATOON,FEDERAL,DETERMINATE,MALE,METIS,ABORIGINAL,SCHE 1 W/O SEX
2011-2012,NOV,PAPER,SR-POST,SR REVOKED,REGULAR,,AFFIRMED,QUE,NOT APPLICABLE,FEDERAL,DETERMINATE,MALE,METIS,ABORIGINAL,SCHE 1 W/O SEX
2011-2012,DEC,PAPER,SR-POST,SR REVOKED,REGULAR,,AFFIRMED,PAC,NOT APPLICABLE,FEDERAL,DETERMINATE,MALE,METIS,ABORIGINAL,SCHE 1 W/O SEX
2011-2012,JAN,PAPER,SR-POST,SR REVOKED,REGULAR,,AFFIRMED,PRA,EDMONTON,FEDERAL,DETERMINATE,MALE,METIS,ABORIGINAL,SCHE 1 W/O SEX
2011-2012,NOV,PAPER,SR-POST,SR REVOKED,REGULAR,,AFFIRMED,PAC,NOT APPLICABLE,FEDERAL,DETERMINATE,MALE,NORTH AMERICAN,ABORIGINAL,SCHE 1 W/O SEX
2011-2012,MAR,PAPER,SR-POST,SR REVOKED,REGULAR,,AFFIRMED,PAC,NOT APPLICABLE,FEDERAL,DETERMINATE,MALE,NORTH AMERICAN,ABORIGINAL,SCHE 1 W/O SEX
2011-2012,JUN,PAPER,SR-POST,SR REVOKED,REGULAR,,AFFIRMED,ONT,NOT APPLICABLE,FEDERAL,DETERMINATE,MALE,NORTH AMERICAN,ABORIGINAL,SCHE 1 W/O SEX
2011-2012,SEP,PAPER,SR-POST,SR REVOKED,REGULAR,,AFFIRMED,PAC,NOT APPLICABLE,FEDERAL,DETERMINATE,MALE,S. E. ASIAN,ASIAN,SCHE 1 W/O SEX
2011-2012,FEB,PAPER,SR-POST,SR REVOKED,REGULAR,,AFFIRMED,PAC,NOT APPLICABLE,FEDERAL,DETERMINATE,MALE,MULTIRAC/ETHNIC,OTHER/UNKNOWN,SCHE 1 WITH SEX
2011-2012,FEB,PAPER,SR-POST,SR REVOKED,REGULAR,,PAN.HEAR.ORDER.,ONT,NOT APPLICABLE,FEDERAL,DETERMINATE,MALE,WHITE,CAUCASIAN,NON SCHEDULE
2011-2012,OCT,PAPER,SR-POST,SR REVOKED,REGULAR,,PAN.HEAR.ORDER.,QUE,NOT APPLICABLE,FEDERAL,DETERMINATE,MALE,WHITE,CAUCASIAN,SCHE 1 W/O SEX
2011-2012,JUN,PAPER,SR-POST,SR REVOKED,REGULAR,,PAN.HEAR.ORDER.,PAC,NOT APPLICABLE,FEDERAL,DETERMINATE,MALE,WHITE,CAUCASIAN,SCHE 1 W/O SEX
2011-2012,JAN,PAPER,SR-POST,SR REVOKED,REGULAR,,PAN.HEAR.ORDER.,PRA,SASKATOON,FEDERAL,DETERMINATE,MALE,WHITE,CAUCASIAN,SCHE 1 W/O SEX
2011-2012,MAY,PAPER,DETENTION,DETENT. ORDERED,REGULAR,,AFFIRMED,ONT,NOT APPLICABLE,FEDERAL,DETERMINATE,MALE,BLACK,BLACK,SCHE 1 WITH SEX
2011-2012,JUN,PAPER,DETENTION,DETENT. ORDERED,REGULAR,,AFFIRMED,PRA,SASKATOON,FEDERAL,DETERMINATE,MALE,BLACK,BLACK,SCHE 1 W/O SEX
2011-2012,MAR,PAPER,DETENTION,DETENT. ORDERED,REGULAR,,AFFIRMED,ONT,NOT APPLICABLE,FEDERAL,DETERMINATE,MALE,BLACK,BLACK,NON SCHEDULE
2011-2012,FEB,PAPER,DETENTION,DETENT. ORDERED,REGULAR,,AFFIRMED,QUE,NOT APPLICABLE,FEDERAL,DETERMINATE,MALE,WHITE,CAUCASIAN,SCHE 1 W/O SEX
2011-2012,JUL,PAPER,DETENTION,DETENT. ORDERED,REGULAR,,AFFIRMED,PRA,SASKATOON,FEDERAL,DETERMINATE,MALE,WHITE,CAUCASIAN,SCHE 1 W/O SEX
2011-2012,APR,PAPER,DETENTION,DETENT. ORDERED,REGULAR,,AFFIRMED,PRA,SASKATOON,FEDERAL,DETERMINATE,MALE,WHITE,CAUCASIAN,SCHE 1 W/O SEX
2011-2012,DEC,PAPER,DETENTION,DETENT. ORDERED,REGULAR,,AFFIRMED,QUE,NOT APPLICABLE,FEDERAL,DETERMINATE,MALE,WHITE,CAUCASIAN,NON SCHEDULE
2011-2012,JUN,PAPER,DETENTION,DETENT. ORDERED,REGULAR,,AFFIRMED,QUE,NOT APPLICABLE,FEDERAL,DETERMINATE,MALE,WHITE,CAUCASIAN,SCHE 1 W/O SEX
2011-2012,SEP,PAPER,DETENTION,DETENT. ORDERED,REGULAR,,AFFIRMED,PRA,EDMONTON,FEDERAL,DETERMINATE,MALE,WHITE,CAUCASIAN,SCHE 1 WITH SEX
2011-2012,FEB,PAPER,DETENTION,DETENT. ORDERED,REGULAR,,AFFIRMED,ONT,NOT APPLICABLE,FEDERAL,DETERMINATE,MALE,WHITE,CAUCASIAN,SCHE 1 WITH SEX
2011-2012,AUG,PAPER,DETENTION,DETENT. ORDERED,REGULAR,,AFFIRMED,ONT,NOT APPLICABLE,FEDERAL,DETERMINATE,MALE,WHITE,CAUCASIAN,SCHE 1 WITH SEX
2011-2012,JAN,PAPER,DETENTION,DETENT. ORDERED,REGULAR,,AFFIRMED,PAC,NOT APPLICABLE,FEDERAL,DETERMINATE,MALE,WHITE,CAUCASIAN,SCHE 1 W/O SEX
2011-2012,MAY,PAPER,DETENTION,DETENT. ORDERED,REGULAR,,AFFIRMED,PAC,NOT APPLICABLE,FEDERAL,DETERMINATE,MALE,WHITE,CAUCASIAN,SCHE 1 W/O SEX
2011-2012,JUN,PAPER,DETENTION,DETENT. ORDERED,REGULAR,,AFFIRMED,PAC,NOT APPLICABLE,FEDERAL,DETERMINATE,MALE,WHITE,CAUCASIAN,SCHE 1 WITH SEX
2011-2012,APR,PAPER,DETENTION,DETENT. ORDERED,REGULAR,,AFFIRMED,ONT,NOT APPLICABLE,FEDERAL,DETERMINATE,MALE,WHITE,CAUCASIAN,SCHE 1 W/O SEX
2011-2012,JUL,PAPER,DETENTION,DETENT. ORDERED,REGULAR,,AFFIRMED,ONT,NOT APPLICABLE,FEDERAL,DETERMINATE,MALE,WHITE,CAUCASIAN,SCHE 1 WITH SEX
2011-2012,FEB,PAPER,DETENTION,DETENT. ORDERED,REGULAR,,AFFIRMED,QUE,NOT APPLICABLE,FEDERAL,DETERMINATE,MALE,WHITE,CAUCASIAN,SCHE 1 W/O SEX
2011-2012,JAN,PAPER,DETENTION,DETENT. ORDERED,REGULAR,,AFFIRMED,QUE,NOT APPLICABLE,FEDERAL,DETERMINATE,MALE,WHITE,CAUCASIAN,SCHE 1 WITH SEX
2011-2012,FEB,PAPER,DETENTION,DETENT. ORDERED,REGULAR,,AFFIRMED,ONT,NOT APPLICABLE,FEDERAL,DETERMINATE,MALE,WHITE,CAUCASIAN,SCHE 1 W/O SEX
2011-2012,NOV,PAPER,DETENTION,DETENT. ORDERED,REGULAR,,AFFIRMED,ONT,NOT APPLICABLE,FEDERAL,DETERMINATE,MALE,WHITE,CAUCASIAN,SCHE 1 WITH SEX
2011-2012,SEP,PAPER,DETENTION,DETENT. ORDERED,REGULAR,,AFFIRMED,ONT,NOT APPLICABLE,FEDERAL,DETERMINATE,MALE,INUIT,ABORIGINAL,SCHE 1 WITH SEX
2011-2012,JUL,PAPER,DETENTION,DETENT. ORDERED,REGULAR,,AFFIRMED,PRA,SASKATOON,FEDERAL,DETERMINATE,MALE,METIS,ABORIGINAL,SCHE 1 W/O SEX
2011-2012,APR,PAPER,DETENTION,DETENT. ORDERED,REGULAR,,AFFIRMED,QUE,NOT APPLICABLE,FEDERAL,DETERMINATE,MALE,METIS,ABORIGINAL,SCHE 1 W/O SEX
2011-2012,NOV,PAPER,DETENTION,DETENT. ORDERED,REGULAR,,AFFIRMED,PRA,EDMONTON,FEDERAL,DETERMINATE,MALE,METIS,ABORIGINAL,SCHE 1 WITH SEX
2011-2012,MAY,PAPER,DETENTION,DETENT. ORDERED,REGULAR,,AFFIRMED,PRA,SASKATOON,FEDERAL,DETERMINATE,MALE,NORTH AMERICAN,ABORIGINAL,SCHE 1 W/O SEX
2011-2012,JAN,PAPER,DETENTION,DETENT. ORDERED,REGULAR,,AFFIRMED,PRA,SASKATOON,FEDERAL,DETERMINATE,MALE,NORTH AMERICAN,ABORIGINAL,SCHE 1 W/O SEX
2011-2012,JUL,PAPER,DETENTION,DETENT. ORDERED,REGULAR,,AFFIRMED,ONT,NOT APPLICABLE,FEDERAL,DETERMINATE,MALE,NORTH AMERICAN,ABORIGINAL,SCHE 1 WITH SEX
2011-2012,MAY,PAPER,DETENTION,DETENT. ORDERED,REGULAR,,AFFIRMED,PRA,SASKATOON,FEDERAL,DETERMINATE,MALE,NORTH AMERICAN,ABORIGINAL,SCHE 1 W/O SEX
2011-2012,JUN,PAPER,DETENTION,DETENT. ORDERED,REGULAR,,AFFIRMED,ONT,NOT APPLICABLE,FEDERAL,DETERMINATE,MALE,NORTH AMERICAN,ABORIGINAL,SCHE 1 W/O SEX
2011-2012,JAN,PAPER,DETENTION,DETENT. ORDERED,REGULAR,,AFFIRMED,PAC,NOT APPLICABLE,FEDERAL,DETERMINATE,MALE,NORTH AMERICAN,ABORIGINAL,SCHE 1 WITH SEX
2011-2012,NOV,PAPER,DETENTION,DETENT. ORDERED,REGULAR,,AFFIRMED,ONT,NOT APPLICABLE,FEDERAL,DETERMINATE,FEMALE,OTHER,OTHER/UNKNOWN,SCHE 1 WITH SEX
2011-2012,APR,PAPER,DETENTION,DETENT. ORDERED,REGULAR,,AFFIRMED,PAC,NOT APPLICABLE,FEDERAL,DETERMINATE,MALE,SOUTH ASIAN,ASIAN,SCHE 1 W/O SEX
2011-2012,OCT,PAPER,DETENTION,DETENT. ORDERED,REGULAR,,AFFIRMED,QUE,NOT APPLICABLE,FEDERAL,DETERMINATE,MALE,MULTIRAC/ETHNIC,OTHER/UNKNOWN,SCHE 1 WITH SEX
2011-2012,JUL,PAPER,DETENTION,DET ORD.CONFIR.,REGULAR,,AFFIRMED,PRA,EDMONTON,FEDERAL,DETERMINATE,MALE,ASIATIC,ASIAN,SCHE 1 WITH SEX
2011-2012,FEB,PAPER,DETENTION,DET ORD.CONFIR.,REGULAR,,AFFIRMED,ONT,NOT APPLICABLE,FEDERAL,DETERMINATE,MALE,BLACK,BLACK,SCHE 1 W/O SEX
2011-2012,MAY,PAPER,DETENTION,DET ORD.CONFIR.,REGULAR,,AFFIRMED,ONT,NOT APPLICABLE,FEDERAL,DETERMINATE,MALE,BLACK,BLACK,SCHE 1 W/O SEX
2011-2012,JUL,PAPER,DETENTION,DET ORD.CONFIR.,REGULAR,,AFFIRMED,PAC,NOT APPLICABLE,FEDERAL,DETERMINATE,MALE,BLACK,BLACK,SCHE 1 W/O SEX
2011-2012,MAR,PAPER,DETENTION,DET ORD.CONFIR.,REGULAR,,AFFIRMED,ATL,NOT APPLICABLE,FEDERAL,DETERMINATE,MALE,WHITE,CAUCASIAN,SCHE 1 W/O SEX
2011-2012,SEP,PAPER,DETENTION,DET ORD.CONFIR.,REGULAR,,AFFIRMED,QUE,NOT APPLICABLE,FEDERAL,DETERMINATE,MALE,WHITE,CAUCASIAN,SCHE 1 W/O SEX
2011-2012,JAN,PAPER,DETENTION,DET ORD.CONFIR.,REGULAR,,AFFIRMED,PRA,SASKATOON,FEDERAL,DETERMINATE,MALE,WHITE,CAUCASIAN,SCHE 1 WITH SEX
2011-2012,SEP,PAPER,DETENTION,DET ORD.CONFIR.,REGULAR,,AFFIRMED,PRA,SASKATOON,FEDERAL,DETERMINATE,MALE,WHITE,CAUCASIAN,SCHE 1 WITH SEX
2011-2012,FEB,PAPER,DETENTION,DET ORD.CONFIR.,REGULAR,,AFFIRMED,ONT,NOT APPLICABLE,FEDERAL,DETERMINATE,MALE,WHITE,CAUCASIAN,SCHE 1 W/O SEX
2011-2012,MAY,PAPER,DETENTION,DET ORD.CONFIR.,REGULAR,,AFFIRMED,QUE,NOT APPLICABLE,FEDERAL,DETERMINATE,MALE,WHITE,CAUCASIAN,SCHE 1 W/O SEX
2011-2012,AUG,PAPER,DETENTION,DET ORD.CONFIR.,REGULAR,,AFFIRMED,PRA,EDMONTON,FEDERAL,DETERMINATE,MALE,METIS,ABORIGINAL,SCHE 1 WITH SEX
2011-2012,JUL,PAPER,DETENTION,DET ORD.CONFIR.,REGULAR,,AFFIRMED,PAC,NOT APPLICABLE,FEDERAL,DETERMINATE,MALE,METIS,ABORIGINAL,SCHE 1 WITH SEX
2011-2012,NOV,PAPER,DETENTION,DET ORD.CONFIR.,REGULAR,,AFFIRMED,PRA,EDMONTON,FEDERAL,DETERMINATE,MALE,METIS,ABORIGINAL,SCHE 1 W/O SEX
2011-2012,DEC,PAPER,DETENTION,DET ORD.CONFIR.,REGULAR,,AFFIRMED,PRA,SASKATOON,FEDERAL,DETERMINATE,MALE,NORTH AMERICAN,ABORIGINAL,SCHE 1 WITH SEX
2011-2012,NOV,PAPER,DETENTION,DET ORD.CONFIR.,REGULAR,,AFFIRMED,PRA,EDMONTON,FEDERAL,DETERMINATE,MALE,NORTH AMERICAN,ABORIGINAL,SCHE 1 W/O SEX
2011-2012,NOV,PAPER,DETENTION,DET ORD.CONFIR.,REGULAR,,AFFIRMED,PRA,SASKATOON,FEDERAL,DETERMINATE,MALE,NORTH AMERICAN,ABORIGINAL,SCHE 1 W/O SEX
2011-2012,AUG,PAPER,DETENTION,DET ORD.CONFIR.,REGULAR,,AFFIRMED,PRA,EDMONTON,FEDERAL,DETERMINATE,MALE,NORTH AMERICAN,ABORIGINAL,SCHE 1 W/O SEX
2011-2012,AUG,PAPER,DETENTION,DET ORD.CONFIR.,REGULAR,,AFFIRMED,PAC,NOT APPLICABLE,FEDERAL,DETERMINATE,FEMALE,NORTH AMERICAN,ABORIGINAL,SCHE 1 W/O SEX
2011-2012,APR,PAPER,DETENTION,DET ORD.CONFIR.,REGULAR,,PAN.HEAR.ORDER.,PRA,SASKATOON,FEDERAL,DETERMINATE,MALE,WHITE,CAUCASIAN,SCHE 1 WITH SEX
2011-2012,MAR,PAPER,DETENTION,DET ORD.CONFIR.,REGULAR,,PAN.HEAR.ORDER.,PAC,NOT APPLICABLE,FEDERAL,DETERMINATE,MALE,WHITE,CAUCASIAN,SCHE 1 WITH SEX
2011-2012,NOV,PAPER,ETA,ETA NOT APPR.,REGULAR,,PAN.HEAR.ORDER.,PRA,EDMONTON,FEDERAL,INDETERMINATE,MALE,METIS,ABORIGINAL,MURDER 1
2011-2012,MAR,PAPER,ETA,ETA NOT APPR.,REGULAR,,AFFIRMED,PAC,NOT APPLICABLE,FEDERAL,INDETERMINATE,MALE,WHITE,CAUCASIAN,MURDER 1
2011-2012,NOV,PAPER,ETA,ETA NOT APPR.,REGULAR,,PAN.HEAR.ORDER.,PRA,EDMONTON,FEDERAL,INDETERMINATE,MALE,METIS,ABORIGINAL,MURDER 1
2011-2012,NOV,PAPER,ETA,ETA NOT APPR.,REGULAR,,PAN.HEAR.ORDER.,PRA,EDMONTON,FEDERAL,INDETERMINATE,MALE,METIS,ABORIGINAL,MURDER 1
2011-2012,NOV,PAPER,ETA,ETA NOT APPR.,REGULAR,,PAN.HEAR.ORDER.,PRA,EDMONTON,FEDERAL,INDETERMINATE,MALE,METIS,ABORIGINAL,MURDER 1
2011-2012,MAY,PAPER,ETA,ETA NOT APPR.,REGULAR,,AFFIRMED,PAC,NOT APPLICABLE,FEDERAL,INDETERMINATE,MALE,WHITE,CAUCASIAN,MURDER 2
2011-2012,DEC,PAPER,ETA,ETA NOT APPR.,REGULAR,,AFFIRMED,PRA,SASKATOON,FEDERAL,INDETERMINATE,MALE,NORTH AMERICAN,ABORIGINAL,MURDER 1
2011-2012,JUL,PAPER,ETA,ETA NOT APPR.,REGULAR,,PAN.HEAR.ORDER.,QUE,NOT APPLICABLE,FEDERAL,INDETERMINATE,MALE,WHITE,CAUCASIAN,MURDER 1
2011-2012,NOV,PAPER,ETA,ETA NOT APPR.,REGULAR,,PAN.HEAR.ORDER.,PRA,EDMONTON,FEDERAL,INDETERMINATE,MALE,METIS,ABORIGINAL,MURDER 1
2011-2012,NOV,PAPER,ETA,ETA NOT APPR.,REGULAR,,PAN.HEAR.ORDER.,PRA,EDMONTON,FEDERAL,INDETERMINATE,MALE,METIS,ABORIGINAL,MURDER 1
2011-2012,JUL,PAPER,FP-POST,FP REV R N RECR,REGULAR,,AFFIRMED,ATL,NOT APPLICABLE,PROVINCIAL,DETERMINATE,MALE,WHITE,CAUCASIAN,NON SCHEDULE
2011-2012,APR,PAPER,FP-POST,FP REV R N RECR,REGULAR,,AFFIRMED,PRA,SASKATOON,PROVINCIAL,DETERMINATE,MALE,METIS,ABORIGINAL,SCHE 1 W/O SEX
2011-2012,OCT,PAPER,FP-PRE,FULL PAR. w/RES,APR,APR-INITIAL,AFFIRMED,QUE,NOT APPLICABLE,FEDERAL,DETERMINATE,MALE,WHITE,CAUCASIAN,SCHEDULE 2
2011-2012,JUN,PAPER,DP-PRE,DAY PAR. GRANT.,REGULAR,,AFFIRMED,QUE,NOT APPLICABLE,FEDERAL,DETERMINATE,MALE,UNK,OTHER/UNKNOWN,SCHE 1 W/O SEX
2011-2012,NOV,PAPER,DP-PRE,DAY PAR. GRANT.,REGULAR,,AFFIRMED,ONT,NOT APPLICABLE,FEDERAL,DETERMINATE,MALE,BLACK,BLACK,SCHE 1 W/O SEX
2011-2012,MAR,PAPER,DP-PRE,DAY PAR. GRANT.,REGULAR,,AFFIRMED,PAC,NOT APPLICABLE,FEDERAL,DETERMINATE,MALE,WHITE,CAUCASIAN,SCHE 1 W/O SEX
2011-2012,MAY,PAPER,DP-PRE,DAY PAR. GRANT.,REGULAR,,AFFIRMED,ONT,NOT APPLICABLE,FEDERAL,INDETERMINATE,MALE,WHITE,CAUCASIAN,MURDER 2
2011-2012,FEB,PAPER,DP-PRE,DAY PAR. GRANT.,REGULAR,,AFFIRMED,PRA,SASKATOON,FEDERAL,DETERMINATE,MALE,METIS,ABORIGINAL,SCHE 1 W/O SEX
2011-2012,DEC,PAPER,DP-PRE,DAY PAR. GRANT.,REGULAR,,AFFIRMED,PAC,NOT APPLICABLE,FEDERAL,INDETERMINATE,MALE,NORTH AMERICAN,ABORIGINAL,MURDER 2
2011-2012,AUG,PAPER,DP-POST,DP DIR REV CONF,REGULAR,,AFFIRMED,ONT,NOT APPLICABLE,FEDERAL,DETERMINATE,MALE,WHITE,CAUCASIAN,NON SCHEDULE
2011-2012,MAR,PAPER,DP-POST,DP DIR REV CONF,REGULAR,,AFFIRMED,ONT,NOT APPLICABLE,FEDERAL,INDETERMINATE,MALE,WHITE,CAUCASIAN,MURDER 2
2011-2012,AUG,PAPER,DP-POST,DP DIR REV CONF,REGULAR,,AFFIRMED,PRA,EDMONTON,FEDERAL,DETERMINATE,MALE,METIS,ABORIGINAL,SCHEDULE 2
2011-2012,MAY,PAPER,DP-PRE,DP DIRECTED,APR,APR-INITIAL,AFFIRMED,PAC,NOT APPLICABLE,FEDERAL,DETERMINATE,MALE,WHITE,CAUCASIAN,SCHEDULE 2
2011-2012,MAY,PAPER,FP-PRE,FP GRANTED,REGULAR,,AFFIRMED,ATL,NOT APPLICABLE,FEDERAL,DETERMINATE,MALE,WHITE,CAUCASIAN,SCHE 1 WITH SEX
2011-2012,APR,PAPER,FP-PRE,FP DIRECTED,APR,APR-INITIAL,AFFIRMED,ONT,NOT APPLICABLE,FEDERAL,DETERMINATE,MALE,WHITE,CAUCASIAN,NON SCHEDULE
2011-2012,APR,PAPER,FP-POST,FP NO ACT-POST,REGULAR,,AFFIRMED,ONT,NOT APPLICABLE,FEDERAL,DETERMINATE,MALE,WHITE,CAUCASIAN,SCHEDULE 2
2011-2012,JAN,PAPER,FP-POST,FP NO ACT-POST,REGULAR,,AFFIRMED,PRA,EDMONTON,FEDERAL,INDETERMINATE,MALE,WHITE,CAUCASIAN,MURDER 2
2011-2012,JUN,PAPER,FP-POST,FP NO ACT-POST,REGULAR,,REVIEW ORDERED,ONT,NOT APPLICABLE,FEDERAL,INDETERMINATE,MALE,WHITE,CAUCASIAN,MURDER 2
2011-2012,JUL,PAPER,FP-POST,FP NO ACT-POST,APR,APR-INITIAL,AFFIRMED,ONT,NOT APPLICABLE,FEDERAL,DETERMINATE,MALE,WHITE,CAUCASIAN,NON SCHEDULE
2011-2012,MAR,PAPER,FP-POST,FP CHG.COND-PST,APR,APR-INITIAL,AFFIRMED,QUE,NOT APPLICABLE,FEDERAL,DETERMINATE,MALE,WHITE,CAUCASIAN,SCHEDULE 2
2011-2012,JUN,PAPER,DP-PRE,DP CONTINUED,REGULAR,,AFFIRMED,ONT,NOT APPLICABLE,FEDERAL,DETERMINATE,MALE,WHITE,CAUCASIAN,SCHEDULE 2
2011-2012,FEB,PAPER,DP-PRE,DP CONTINUED,REGULAR,,AFFIRMED,PAC,NOT APPLICABLE,FEDERAL,INDETERMINATE,MALE,WHITE,CAUCASIAN,MURDER 2
2011-2012,FEB,PAPER,DP-PRE,DP CONTINUED,REGULAR,,REVIEW ORDERED,ONT,NOT APPLICABLE,FEDERAL,INDETERMINATE,FEMALE,EURO.-EASTERN,CAUCASIAN,MURDER 2
2011-2012,JAN,PAPER,DP-PRE,DP CHG.COND-PRE,REGULAR,,AFFIRMED,ONT,NOT APPLICABLE,FEDERAL,INDETERMINATE,MALE,WHITE,CAUCASIAN,MURDER 1
2011-2012,OCT,PAPER,DP-POST,DP CHG.COND-PST,APR,APR-INITIAL,AFFIRMED,QUE,NOT APPLICABLE,FEDERAL,DETERMINATE,MALE,WHITE,CAUCASIAN,SCHEDULE 2
2011-2012,MAR,PAPER,ETA,ETA APPROVED,REGULAR,,REVIEW ORDERED,ONT,NOT APPLICABLE,FEDERAL,INDETERMINATE,MALE,BLACK,BLACK,MURDER 1
2011-2012,AUG,PAPER,ETA,ETA APPROVED,REGULAR,,REVIEW ORDERED,QUE,NOT APPLICABLE,FEDERAL,INDETERMINATE,MALE,WHITE,CAUCASIAN,MURDER 1
2011-2012,AUG,PAPER,ETA,ETA APPROVED,REGULAR,,REVIEW ORDERED,QUE,NOT APPLICABLE,FEDERAL,INDETERMINATE,MALE,WHITE,CAUCASIAN,MURDER 1
2011-2012,JAN,PAPER,SR-PRE,SR NO ACT.-PRE,REGULAR,,AFFIRMED,PAC,NOT APPLICABLE,FEDERAL,DETERMINATE,MALE,WHITE,CAUCASIAN,NON SCHEDULE
2011-2012,JUL,PAPER,SR-PRE,SR NO ACT.-PRE,REGULAR,,AFFIRMED,ATL,NOT APPLICABLE,FEDERAL,DETERMINATE,MALE,WHITE,CAUCASIAN,SCHE 1 W/O SEX
2011-2012,JUN,PAPER,SR-PRE,SR NO ACT.-PRE,REGULAR,,AFFIRMED,QUE,NOT APPLICABLE,FEDERAL,DETERMINATE,MALE,WHITE,CAUCASIAN,SCHE 1 W/O SEX
2011-2012,APR,PAPER,SR-PRE,SR NO ACT.-PRE,REGULAR,,AFFIRMED,QUE,NOT APPLICABLE,FEDERAL,DETERMINATE,MALE,WHITE,CAUCASIAN,SCHE 1 WITH SEX
2011-2012,MAR,PAPER,SR-PRE,SR NO ACT.-PRE,REGULAR,,REVIEW ORDERED,PAC,NOT APPLICABLE,FEDERAL,DETERMINATE,MALE,WHITE,CAUCASIAN,NON SCHEDULE
2011-2012,APR,PAPER,SR-PRE,SR CHG.COND-PRE,REGULAR,,CHANGE CONDITI.,PRA,EDMONTON,FEDERAL,DETERMINATE,MALE,WHITE,CAUCASIAN,SCHE 1 W/O SEX
2011-2012,MAY,PAPER,SR-PRE,SR CHG.COND-PRE,REGULAR,,AFFIRMED,PAC,NOT APPLICABLE,FEDERAL,DETERMINATE,MALE,BLACK,BLACK,SCHE 1 W/O SEX
2011-2012,JUL,PAPER,SR-PRE,SR CHG.COND-PRE,REGULAR,,AFFIRMED,ONT,NOT APPLICABLE,FEDERAL,DETERMINATE,MALE,BLACK,BLACK,NON SCHEDULE
2011-2012,NOV,PAPER,SR-PRE,SR CHG.COND-PRE,REGULAR,,AFFIRMED,PAC,NOT APPLICABLE,FEDERAL,DETERMINATE,MALE,BLACK,BLACK,SCHE 1 WITH SEX
2011-2012,NOV,PAPER,SR-PRE,SR CHG.COND-PRE,REGULAR,,AFFIRMED,ONT,NOT APPLICABLE,FEDERAL,DETERMINATE,MALE,BLACK,BLACK,SCHE 1 W/O SEX
2011-2012,DEC,PAPER,SR-PRE,SR CHG.COND-PRE,REGULAR,,AFFIRMED,QUE,NOT APPLICABLE,FEDERAL,DETERMINATE,MALE,BLACK,BLACK,NON SCHEDULE
2011-2012,DEC,PAPER,SR-PRE,SR CHG.COND-PRE,REGULAR,,AFFIRMED,QUE,NOT APPLICABLE,FEDERAL,DETERMINATE,MALE,WHITE,CAUCASIAN,NON SCHEDULE
2011-2012,JUN,PAPER,SR-PRE,SR CHG.COND-PRE,REGULAR,,AFFIRMED,ONT,NOT APPLICABLE,FEDERAL,DETERMINATE,MALE,WHITE,CAUCASIAN,SCHE 1 W/O SEX
2011-2012,MAY,PAPER,SR-PRE,SR CHG.COND-PRE,REGULAR,,AFFIRMED,ATL,NOT APPLICABLE,FEDERAL,DETERMINATE,MALE,WHITE,CAUCASIAN,SCHE 1 WITH SEX
2011-2012,JUL,PAPER,SR-PRE,SR CHG.COND-PRE,REGULAR,,AFFIRMED,ONT,NOT APPLICABLE,FEDERAL,DETERMINATE,MALE,WHITE,CAUCASIAN,NON SCHEDULE
2011-2012,MAY,PAPER,SR-PRE,SR CHG.COND-PRE,REGULAR,,AFFIRMED,ONT,NOT APPLICABLE,FEDERAL,DETERMINATE,MALE,WHITE,CAUCASIAN,NON SCHEDULE
2011-2012,JUN,PAPER,SR-PRE,SR CHG.COND-PRE,REGULAR,,AFFIRMED,ATL,NOT APPLICABLE,FEDERAL,DETERMINATE,MALE,WHITE,CAUCASIAN,NON SCHEDULE
2011-2012,MAY,PAPER,SR-PRE,SR CHG.COND-PRE,REGULAR,,AFFIRMED,QUE,NOT APPLICABLE,FEDERAL,DETERMINATE,MALE,WHITE,CAUCASIAN,NON SCHEDULE
2011-2012,JUN,PAPER,SR-PRE,SR CHG.COND-PRE,REGULAR,,AFFIRMED,PRA,EDMONTON,FEDERAL,DETERMINATE,MALE,WHITE,CAUCASIAN,SCHE 1 W/O SEX
2011-2012,SEP,PAPER,SR-PRE,SR CHG.COND-PRE,REGULAR,,AFFIRMED,ONT,NOT APPLICABLE,FEDERAL,DETERMINATE,MALE,WHITE,CAUCASIAN,SCHEDULE 2
2011-2012,AUG,PAPER,SR-PRE,SR CHG.COND-PRE,REGULAR,,AFFIRMED,PAC,NOT APPLICABLE,FEDERAL,DETERMINATE,MALE,WHITE,CAUCASIAN,SCHE 1 W/O SEX
2011-2012,JUN,PAPER,SR-PRE,SR CHG.COND-PRE,REGULAR,,AFFIRMED,ATL,NOT APPLICABLE,FEDERAL,DETERMINATE,MALE,WHITE,CAUCASIAN,NON SCHEDULE
2011-2012,JUN,PAPER,SR-PRE,SR CHG.COND-PRE,REGULAR,,AFFIRMED,QUE,NOT APPLICABLE,FEDERAL,DETERMINATE,MALE,WHITE,CAUCASIAN,NON SCHEDULE
2011-2012,JUL,PAPER,SR-PRE,SR CHG.COND-PRE,REGULAR,,AFFIRMED,ATL,NOT APPLICABLE,FEDERAL,DETERMINATE,MALE,WHITE,CAUCASIAN,SCHE 1 W/O SEX
2011-2012,OCT,PAPER,SR-PRE,SR CHG.COND-PRE,REGULAR,,AFFIRMED,PAC,NOT APPLICABLE,FEDERAL,DETERMINATE,MALE,WHITE,CAUCASIAN,NON SCHEDULE
2011-2012,JUL,PAPER,SR-PRE,SR CHG.COND-PRE,REGULAR,,AFFIRMED,PAC,NOT APPLICABLE,FEDERAL,DETERMINATE,MALE,WHITE,CAUCASIAN,NON SCHEDULE
2011-2012,JUL,PAPER,SR-PRE,SR CHG.COND-PRE,REGULAR,,AFFIRMED,PRA,SASKATOON,FEDERAL,DETERMINATE,MALE,WHITE,CAUCASIAN,SCHE 1 W/O SEX
2011-2012,DEC,PAPER,SR-PRE,SR CHG.COND-PRE,REGULAR,,AFFIRMED,QUE,NOT APPLICABLE,FEDERAL,DETERMINATE,MALE,WHITE,CAUCASIAN,SCHE 1 WITH SEX
2011-2012,JAN,PAPER,SR-PRE,SR CHG.COND-PRE,REGULAR,,AFFIRMED,ONT,NOT APPLICABLE,FEDERAL,DETERMINATE,MALE,WHITE,CAUCASIAN,SCHE 1 W/O SEX
2011-2012,DEC,PAPER,SR-PRE,SR CHG.COND-PRE,REGULAR,,AFFIRMED,ONT,NOT APPLICABLE,FEDERAL,DETERMINATE,MALE,WHITE,CAUCASIAN,NON SCHEDULE
2011-2012,OCT,PAPER,SR-PRE,SR CHG.COND-PRE,REGULAR,,AFFIRMED,ONT,NOT APPLICABLE,FEDERAL,DETERMINATE,MALE,WHITE,CAUCASIAN,SCHE 1 W/O SEX
2011-2012,AUG,PAPER,SR-PRE,SR CHG.COND-PRE,REGULAR,,AFFIRMED,ATL,NOT APPLICABLE,FEDERAL,DETERMINATE,MALE,WHITE,CAUCASIAN,SCHE 1 W/O SEX
2011-2012,JUL,PAPER,SR-PRE,SR CHG.COND-PRE,REGULAR,,AFFIRMED,QUE,NOT APPLICABLE,FEDERAL,DETERMINATE,MALE,WHITE,CAUCASIAN,SCHE 1 W/O SEX
2011-2012,JAN,PAPER,SR-PRE,SR CHG.COND-PRE,REGULAR,,AFFIRMED,PRA,EDMONTON,FEDERAL,DETERMINATE,MALE,WHITE,CAUCASIAN,NON SCHEDULE
2011-2012,JUN,PAPER,SR-PRE,SR CHG.COND-PRE,REGULAR,,AFFIRMED,ONT,NOT APPLICABLE,FEDERAL,DETERMINATE,MALE,WHITE,CAUCASIAN,NON SCHEDULE
2011-2012,NOV,PAPER,SR-PRE,SR CHG.COND-PRE,REGULAR,,AFFIRMED,PRA,SASKATOON,FEDERAL,DETERMINATE,MALE,WHITE,CAUCASIAN,SCHE 1 WITH SEX
2011-2012,MAR,PAPER,SR-PRE,SR CHG.COND-PRE,REGULAR,,AFFIRMED,QUE,NOT APPLICABLE,FEDERAL,DETERMINATE,MALE,WHITE,CAUCASIAN,SCHE 1 W/O SEX
2011-2012,NOV,PAPER,SR-PRE,SR CHG.COND-PRE,REGULAR,,AFFIRMED,ONT,NOT APPLICABLE,FEDERAL,DETERMINATE,MALE,WHITE,CAUCASIAN,SCHE 1 WITH SEX
2011-2012,FEB,PAPER,SR-PRE,SR CHG.COND-PRE,REGULAR,,AFFIRMED,PRA,EDMONTON,FEDERAL,DETERMINATE,MALE,WHITE,CAUCASIAN,SCHE 1 W/O SEX
2011-2012,JUN,PAPER,SR-PRE,SR CHG.COND-PRE,REGULAR,,AFFIRMED,ATL,NOT APPLICABLE,FEDERAL,DETERMINATE,MALE,WHITE,CAUCASIAN,SCHE 1 W/O SEX
2011-2012,SEP,PAPER,SR-PRE,SR CHG.COND-PRE,REGULAR,,AFFIRMED,ONT,NOT APPLICABLE,FEDERAL,DETERMINATE,MALE,WHITE,CAUCASIAN,NON SCHEDULE
2011-2012,OCT,PAPER,SR-PRE,SR CHG.COND-PRE,REGULAR,,AFFIRMED,PRA,EDMONTON,FEDERAL,DETERMINATE,MALE,WHITE,CAUCASIAN,SCHE 1 W/O SEX
2011-2012,JUL,PAPER,SR-PRE,SR CHG.COND-PRE,REGULAR,,AFFIRMED,ONT,NOT APPLICABLE,FEDERAL,DETERMINATE,MALE,WHITE,CAUCASIAN,SCHEDULE 2
2011-2012,MAY,PAPER,SR-PRE,SR CHG.COND-PRE,REGULAR,,AFFIRMED,ONT,NOT APPLICABLE,FEDERAL,DETERMINATE,MALE,WHITE,CAUCASIAN,SCHEDULE 2
2011-2012,MAY,PAPER,SR-PRE,SR CHG.COND-PRE,REGULAR,,AFFIRMED,PAC,NOT APPLICABLE,FEDERAL,DETERMINATE,MALE,WHITE,CAUCASIAN,SCHE 1 W/O SEX
2011-2012,JAN,PAPER,SR-PRE,SR CHG.COND-PRE,REGULAR,,AFFIRMED,PRA,SASKATOON,FEDERAL,DETERMINATE,MALE,WHITE,CAUCASIAN,SCHE 1 W/O SEX
2011-2012,FEB,PAPER,SR-PRE,SR CHG.COND-PRE,REGULAR,,AFFIRMED,ATL,NOT APPLICABLE,FEDERAL,DETERMINATE,MALE,WHITE,CAUCASIAN,SCHE 1 W/O SEX
2011-2012,DEC,PAPER,SR-PRE,SR CHG.COND-PRE,REGULAR,,AFFIRMED,ATL,NOT APPLICABLE,FEDERAL,DETERMINATE,MALE,WHITE,CAUCASIAN,NON SCHEDULE
2011-2012,JAN,PAPER,SR-PRE,SR CHG.COND-PRE,REGULAR,,AFFIRMED,ONT,NOT APPLICABLE,FEDERAL,DETERMINATE,MALE,WHITE,CAUCASIAN,SCHE 1 W/O SEX
2011-2012,JUN,PAPER,SR-PRE,SR CHG.COND-PRE,REGULAR,,AFFIRMED,ONT,NOT APPLICABLE,FEDERAL,DETERMINATE,MALE,WHITE,CAUCASIAN,SCHE 1 W/O SEX
2011-2012,MAR,PAPER,SR-PRE,SR CHG.COND-PRE,REGULAR,,AFFIRMED,ONT,NOT APPLICABLE,FEDERAL,DETERMINATE,MALE,WHITE,CAUCASIAN,SCHE 1 W/O SEX
2011-2012,NOV,PAPER,SR-PRE,SR CHG.COND-PRE,REGULAR,,AFFIRMED,QUE,NOT APPLICABLE,FEDERAL,DETERMINATE,MALE,WHITE,CAUCASIAN,SCHE 1 WITH SEX
2011-2012,JUN,PAPER,SR-PRE,SR CHG.COND-PRE,REGULAR,,AFFIRMED,QUE,NOT APPLICABLE,FEDERAL,DETERMINATE,MALE,WHITE,CAUCASIAN,SCHE 1 WITH SEX
2011-2012,NOV,PAPER,SR-PRE,SR CHG.COND-PRE,REGULAR,,AFFIRMED,QUE,NOT APPLICABLE,FEDERAL,DETERMINATE,MALE,WHITE,CAUCASIAN,SCHE 1 WITH SEX
2011-2012,SEP,PAPER,SR-PRE,SR CHG.COND-PRE,REGULAR,,AFFIRMED,QUE,NOT APPLICABLE,FEDERAL,DETERMINATE,MALE,INUIT,ABORIGINAL,SCHE 1 WITH SEX
2011-2012,JAN,PAPER,SR-PRE,SR CHG.COND-PRE,REGULAR,,AFFIRMED,PRA,SASKATOON,FEDERAL,DETERMINATE,MALE,METIS,ABORIGINAL,SCHE 1 W/O SEX
2011-2012,NOV,PAPER,SR-PRE,SR CHG.COND-PRE,REGULAR,,AFFIRMED,ONT,NOT APPLICABLE,FEDERAL,DETERMINATE,MALE,METIS,ABORIGINAL,SCHE 1 W/O SEX
2011-2012,JUN,PAPER,SR-PRE,SR CHG.COND-PRE,REGULAR,,AFFIRMED,PAC,NOT APPLICABLE,FEDERAL,DETERMINATE,MALE,METIS,ABORIGINAL,NON SCHEDULE
2011-2012,NOV,PAPER,SR-PRE,SR CHG.COND-PRE,REGULAR,,AFFIRMED,QUE,NOT APPLICABLE,FEDERAL,DETERMINATE,MALE,METIS,ABORIGINAL,SCHE 1 W/O SEX
2011-2012,JUN,PAPER,SR-PRE,SR CHG.COND-PRE,REGULAR,,AFFIRMED,PRA,SASKATOON,FEDERAL,DETERMINATE,MALE,METIS,ABORIGINAL,SCHEDULE 2
2011-2012,SEP,PAPER,SR-PRE,SR CHG.COND-PRE,REGULAR,,AFFIRMED,PRA,SASKATOON,FEDERAL,DETERMINATE,MALE,METIS,ABORIGINAL,SCHE 1 W/O SEX
2011-2012,DEC,PAPER,SR-PRE,SR CHG.COND-PRE,REGULAR,,AFFIRMED,PRA,EDMONTON,FEDERAL,DETERMINATE,MALE,METIS,ABORIGINAL,SCHE 1 W/O SEX
2011-2012,MAY,PAPER,SR-PRE,SR CHG.COND-PRE,REGULAR,,AFFIRMED,ONT,NOT APPLICABLE,FEDERAL,DETERMINATE,MALE,NORTH AMERICAN,ABORIGINAL,SCHE 1 W/O SEX
2011-2012,SEP,PAPER,SR-PRE,SR CHG.COND-PRE,REGULAR,,AFFIRMED,ONT,NOT APPLICABLE,FEDERAL,DETERMINATE,MALE,NORTH AMERICAN,ABORIGINAL,SCHE 1 W/O SEX
2011-2012,AUG,PAPER,SR-PRE,SR CHG.COND-PRE,REGULAR,,AFFIRMED,ONT,NOT APPLICABLE,FEDERAL,DETERMINATE,MALE,NORTH AMERICAN,ABORIGINAL,SCHE 1 W/O SEX
2011-2012,SEP,PAPER,SR-PRE,SR CHG.COND-PRE,REGULAR,,AFFIRMED,PAC,NOT APPLICABLE,FEDERAL,DETERMINATE,MALE,NORTH AMERICAN,ABORIGINAL,SCHE 1 W/O SEX
2011-2012,MAY,PAPER,SR-PRE,SR CHG.COND-PRE,REGULAR,,AFFIRMED,PRA,EDMONTON,FEDERAL,DETERMINATE,MALE,NORTH AMERICAN,ABORIGINAL,NON SCHEDULE
2011-2012,JUN,PAPER,SR-PRE,SR CHG.COND-PRE,REGULAR,,AFFIRMED,PAC,NOT APPLICABLE,FEDERAL,DETERMINATE,MALE,NORTH AMERICAN,ABORIGINAL,SCHE 1 W/O SEX
2011-2012,FEB,PAPER,SR-PRE,SR CHG.COND-PRE,REGULAR,,AFFIRMED,PAC,NOT APPLICABLE,FEDERAL,DETERMINATE,MALE,NORTH AMERICAN,ABORIGINAL,NON SCHEDULE
2011-2012,MAY,PAPER,SR-PRE,SR CHG.COND-PRE,REGULAR,,AFFIRMED,ONT,NOT APPLICABLE,FEDERAL,DETERMINATE,MALE,OTHER,OTHER/UNKNOWN,SCHE 1 W/O SEX
2011-2012,SEP,PAPER,SR-PRE,SR CHG.COND-PRE,REGULAR,,AFFIRMED,ONT,NOT APPLICABLE,FEDERAL,DETERMINATE,MALE,LATIN AMERICAN,OTHER/UNKNOWN,SCHE 1 WITH SEX
2011-2012,AUG,PAPER,SR-PRE,SR CHG.COND-PRE,REGULAR,,REVIEW ORDERED,QUE,NOT APPLICABLE,FEDERAL,DETERMINATE,MALE,WHITE,CAUCASIAN,SCHE 1 W/O SEX
2011-2012,SEP,PAPER,SR-PRE,SR CHG.COND-PRE,REGULAR,,REVIEW ORDERED,PRA,SASKATOON,FEDERAL,DETERMINATE,MALE,WHITE,CAUCASIAN,SCHE 1 WITH SEX
2011-2012,OCT,PAPER,SR-PRE,SR CHG.COND-PRE,REGULAR,,REVIEW ORDERED,PAC,NOT APPLICABLE,FEDERAL,DETERMINATE,MALE,WHITE,CAUCASIAN,SCHE 1 W/O SEX
2011-2012,OCT,PAPER,SR-PRE,SR CHG.COND-PRE,REGULAR,,REVIEW ORDERED,QUE,NOT APPLICABLE,FEDERAL,DETERMINATE,MALE,WHITE,CAUCASIAN,SCHEDULE 2
2011-2012,DEC,PAPER,SR-PRE,SR CHG.COND-PRE,REGULAR,,REVIEW ORDERED,PAC,NOT APPLICABLE,FEDERAL,DETERMINATE,MALE,WHITE,CAUCASIAN,SCHE 1 W/O SEX
2011-2012,OCT,PAPER,SR-PRE,SR CHG.COND-PRE,REGULAR,,REVIEW ORDERED,ONT,NOT APPLICABLE,FEDERAL,DETERMINATE,MALE,WHITE,CAUCASIAN,SCHE 1 WITH SEX
2011-2012,AUG,PAPER,SR-POST,SR NO ACT-POST,REGULAR,,AFFIRMED,ONT,NOT APPLICABLE,FEDERAL,DETERMINATE,MALE,S. E. ASIAN,ASIAN,SCHEDULE 2
2011-2012,JUN,PAPER,SR-POST,SR NO ACT-POST,REGULAR,,REVIEW ORDERED,QUE,NOT APPLICABLE,FEDERAL,DETERMINATE,MALE,WHITE,CAUCASIAN,SCHE 1 W/O SEX
2011-2012,NOV,PAPER,SR-POST,SR NO ACT-POST,REGULAR,,REVIEW ORDERED,QUE,NOT APPLICABLE,FEDERAL,DETERMINATE,MALE,WHITE,CAUCASIAN,SCHE 1 W/O SEX
2011-2012,JUL,PAPER,SR-POST,SR CHG.COND-PST,REGULAR,,AFFIRMED,ONT,NOT APPLICABLE,FEDERAL,DETERMINATE,MALE,WHITE,CAUCASIAN,SCHE 1 W/O SEX
2011-2012,MAY,PAPER,SR-POST,SR CHG.COND-PST,REGULAR,,AFFIRMED,ONT,NOT APPLICABLE,FEDERAL,DETERMINATE,MALE,WHITE,CAUCASIAN,SCHE 1 W/O SEX
2011-2012,AUG,PAPER,SR-POST,SR CHG.COND-PST,REGULAR,,AFFIRMED,ONT,NOT APPLICABLE,FEDERAL,DETERMINATE,MALE,WHITE,CAUCASIAN,SCHE 1 W/O SEX
2011-2012,NOV,PAPER,SR-POST,SR CHG.COND-PST,REGULAR,,AFFIRMED,PRA,EDMONTON,FEDERAL,DETERMINATE,MALE,NORTH AMERICAN,ABORIGINAL,SCHE 1 WITH SEX
2011-2012,APR,PAPER,SR-POST,SR CHG.COND-PST,REGULAR,,REVIEW ORDERED,ONT,NOT APPLICABLE,FEDERAL,DETERMINATE,MALE,WHITE,CAUCASIAN,SCHE 1 W/O SEX
2012-2013,JUL,PAPER,FP-PRE,FP DENIED,REGULAR,,AFFIRMED,PRA,SASKATOON,PROVINCIAL,DETERMINATE,MALE,UNK,OTHER/UNKNOWN,NON SCHEDULE
2012-2013,APR,PAPER,FP-PRE,FP DENIED,REGULAR,,AFFIRMED,PRA,SASKATOON,PROVINCIAL,DETERMINATE,MALE,UNK,OTHER/UNKNOWN,SCHE 1 W/O SEX
2012-2013,MAY,PAPER,FP-PRE,FP DENIED,REGULAR,,AFFIRMED,ATL,NOT APPLICABLE,PROVINCIAL,DETERMINATE,MALE,UNK,OTHER/UNKNOWN,NON SCHEDULE
2012-2013,MAY,PAPER,FP-PRE,FP DENIED,REGULAR,,AFFIRMED,PAC,NOT APPLICABLE,PROVINCIAL,DETERMINATE,MALE,UNK,OTHER/UNKNOWN,SCHE 1 W/O SEX
2012-2013,SEP,PAPER,FP-PRE,FP DENIED,REGULAR,,AFFIRMED,ONT,NOT APPLICABLE,FEDERAL,DETERMINATE,MALE,ARAB/WEST ASIAN,OTHER/UNKNOWN,SCHEDULE 2
2012-2013,OCT,PAPER,FP-PRE,FP DENIED,REGULAR,,AFFIRMED,PRA,SASKATOON,FEDERAL,DETERMINATE,MALE,BLACK,BLACK,SCHE 1 W/O SEX
2012-2013,JUL,PAPER,FP-PRE,FP DENIED,REGULAR,,AFFIRMED,QUE,NOT APPLICABLE,FEDERAL,DETERMINATE,MALE,BLACK,BLACK,SCHEDULE 2
2012-2013,NOV,PAPER,FP-PRE,FP DENIED,REGULAR,,AFFIRMED,PAC,NOT APPLICABLE,FEDERAL,DETERMINATE,MALE,BLACK,BLACK,SCHE 1 W/O SEX
2012-2013,SEP,PAPER,FP-PRE,FP DENIED,REGULAR,,AFFIRMED,PRA,SASKATOON,FEDERAL,DETERMINATE,MALE,BLACK,BLACK,SCHEDULE 2
2012-2013,JUL,PAPER,FP-PRE,FP DENIED,REGULAR,,AFFIRMED,PRA,SASKATOON,FEDERAL,DETERMINATE,MALE,BLACK,BLACK,SCHE 1 W/O SEX
2012-2013,MAY,PAPER,FP-PRE,FP DENIED,REGULAR,,AFFIRMED,PRA,EDMONTON,FEDERAL,DETERMINATE,MALE,BLACK,BLACK,NON SCHEDULE
2012-2013,JAN,PAPER,FP-PRE,FP DENIED,REGULAR,,AFFIRMED,ONT,NOT APPLICABLE,FEDERAL,DETERMINATE,MALE,BLACK,BLACK,SCHE 1 WITH SEX
2012-2013,SEP,PAPER,FP-PRE,FP DENIED,REGULAR,,AFFIRMED,ONT,NOT APPLICABLE,FEDERAL,DETERMINATE,MALE,BLACK,BLACK,SCHE 1 WITH SEX
2012-2013,JUL,PAPER,FP-PRE,FP DENIED,REGULAR,,AFFIRMED,PAC,NOT APPLICABLE,FEDERAL,INDETERMINATE,MALE,BLACK,BLACK,SCHE 1 W/O SEX
2012-2013,MAY,PAPER,FP-PRE,FP DENIED,REGULAR,,AFFIRMED,ONT,NOT APPLICABLE,FEDERAL,DETERMINATE,MALE,WHITE,CAUCASIAN,SCHE 1 W/O SEX
2012-2013,JAN,PAPER,FP-PRE,FP DENIED,REGULAR,,AFFIRMED,QUE,NOT APPLICABLE,FEDERAL,DETERMINATE,MALE,WHITE,CAUCASIAN,SCHE 1 WITH SEX
2012-2013,AUG,PAPER,FP-PRE,FP DENIED,REGULAR,,AFFIRMED,ONT,NOT APPLICABLE,FEDERAL,DETERMINATE,MALE,WHITE,CAUCASIAN,NON SCHEDULE
2012-2013,MAY,PAPER,FP-PRE,FP DENIED,REGULAR,,AFFIRMED,PAC,NOT APPLICABLE,FEDERAL,DETERMINATE,MALE,WHITE,CAUCASIAN,SCHE 1 WITH SEX
2012-2013,MAY,PAPER,FP-PRE,FP DENIED,REGULAR,,AFFIRMED,QUE,NOT APPLICABLE,FEDERAL,DETERMINATE,MALE,WHITE,CAUCASIAN,SCHE 1 W/O SEX
2012-2013,MAY,PAPER,FP-PRE,FP DENIED,REGULAR,,AFFIRMED,PRA,EDMONTON,FEDERAL,DETERMINATE,MALE,WHITE,CAUCASIAN,SCHEDULE 2
2012-2013,AUG,PAPER,FP-PRE,FP DENIED,REGULAR,,AFFIRMED,QUE,NOT APPLICABLE,FEDERAL,DETERMINATE,MALE,WHITE,CAUCASIAN,SCHE 1 WITH SEX
2012-2013,APR,PAPER,FP-PRE,FP DENIED,REGULAR,,AFFIRMED,QUE,NOT APPLICABLE,FEDERAL,DETERMINATE,MALE,WHITE,CAUCASIAN,SCHEDULE 2
2012-2013,APR,PAPER,FP-PRE,FP DENIED,REGULAR,,AFFIRMED,ONT,NOT APPLICABLE,FEDERAL,DETERMINATE,MALE,WHITE,CAUCASIAN,SCHE 1 WITH SEX
2012-2013,JUN,PAPER,FP-PRE,FP DENIED,REGULAR,,AFFIRMED,ATL,NOT APPLICABLE,PROVINCIAL,DETERMINATE,MALE,WHITE,CAUCASIAN,SCHE 1 W/O SEX
2012-2013,SEP,PAPER,FP-PRE,FP DENIED,REGULAR,,AFFIRMED,PRA,SASKATOON,FEDERAL,DETERMINATE,MALE,WHITE,CAUCASIAN,SCHEDULE 2
2012-2013,DEC,PAPER,FP-PRE,FP DENIED,REGULAR,,AFFIRMED,QUE,NOT APPLICABLE,FEDERAL,DETERMINATE,MALE,WHITE,CAUCASIAN,SCHEDULE 2
2012-2013,JUL,PAPER,FP-PRE,FP DENIED,REGULAR,,AFFIRMED,QUE,NOT APPLICABLE,FEDERAL,DETERMINATE,MALE,WHITE,CAUCASIAN,SCHE 1 W/O SEX
2012-2013,SEP,PAPER,FP-PRE,FP DENIED,REGULAR,,AFFIRMED,PRA,EDMONTON,FEDERAL,DETERMINATE,MALE,WHITE,CAUCASIAN,SCHE 1 WITH SEX
2012-2013,JAN,PAPER,FP-PRE,FP DENIED,REGULAR,,AFFIRMED,ATL,NOT APPLICABLE,PROVINCIAL,DETERMINATE,MALE,WHITE,CAUCASIAN,NON SCHEDULE
2012-2013,SEP,PAPER,FP-PRE,FP DENIED,REGULAR,,AFFIRMED,ONT,NOT APPLICABLE,FEDERAL,DETERMINATE,MALE,WHITE,CAUCASIAN,SCHEDULE 2
2012-2013,FEB,PAPER,FP-PRE,FP DENIED,REGULAR,,AFFIRMED,ONT,NOT APPLICABLE,FEDERAL,DETERMINATE,FEMALE,WHITE,CAUCASIAN,NON SCHEDULE
2012-2013,JAN,PAPER,FP-PRE,FP DENIED,REGULAR,,AFFIRMED,PAC,NOT APPLICABLE,FEDERAL,DETERMINATE,MALE,WHITE,CAUCASIAN,NON SCHEDULE
2012-2013,FEB,PAPER,FP-PRE,FP DENIED,REGULAR,,AFFIRMED,PAC,NOT APPLICABLE,FEDERAL,DETERMINATE,MALE,WHITE,CAUCASIAN,SCHE 1 W/O SEX
2012-2013,MAY,PAPER,FP-PRE,FP DENIED,REGULAR,,AFFIRMED,QUE,NOT APPLICABLE,FEDERAL,DETERMINATE,MALE,WHITE,CAUCASIAN,NON SCHEDULE
2012-2013,OCT,PAPER,FP-PRE,FP DENIED,REGULAR,,AFFIRMED,PAC,NOT APPLICABLE,FEDERAL,DETERMINATE,MALE,WHITE,CAUCASIAN,SCHE 1 WITH SEX
2012-2013,JAN,PAPER,FP-PRE,FP DENIED,REGULAR,,AFFIRMED,QUE,NOT APPLICABLE,FEDERAL,DETERMINATE,MALE,WHITE,CAUCASIAN,SCHEDULE 2
2012-2013,NOV,PAPER,FP-PRE,FP DENIED,REGULAR,,AFFIRMED,PRA,EDMONTON,FEDERAL,DETERMINATE,FEMALE,WHITE,CAUCASIAN,SCHE 1 W/O SEX
2012-2013,SEP,PAPER,FP-PRE,FP DENIED,REGULAR,,AFFIRMED,PRA,EDMONTON,FEDERAL,DETERMINATE,MALE,WHITE,CAUCASIAN,NON SCHEDULE
2012-2013,FEB,PAPER,FP-PRE,FP DENIED,REGULAR,,AFFIRMED,QUE,NOT APPLICABLE,FEDERAL,DETERMINATE,MALE,WHITE,CAUCASIAN,SCHE 1 W/O SEX
2012-2013,OCT,PAPER,FP-PRE,FP DENIED,REGULAR,,AFFIRMED,ONT,NOT APPLICABLE,FEDERAL,DETERMINATE,MALE,WHITE,CAUCASIAN,NON SCHEDULE
2012-2013,OCT,PAPER,FP-PRE,FP DENIED,REGULAR,,AFFIRMED,QUE,NOT APPLICABLE,FEDERAL,DETERMINATE,MALE,WHITE,CAUCASIAN,SCHE 1 WITH SEX
2012-2013,DEC,PAPER,FP-PRE,FP DENIED,REGULAR,,AFFIRMED,QUE,NOT APPLICABLE,FEDERAL,DETERMINATE,MALE,WHITE,CAUCASIAN,SCHEDULE 2
2012-2013,FEB,PAPER,FP-PRE,FP DENIED,REGULAR,,AFFIRMED,QUE,NOT APPLICABLE,FEDERAL,DETERMINATE,MALE,WHITE,CAUCASIAN,SCHE 1 WITH SEX
2012-2013,JUL,PAPER,FP-PRE,FP DENIED,REGULAR,,AFFIRMED,ATL,NOT APPLICABLE,PROVINCIAL,DETERMINATE,MALE,WHITE,CAUCASIAN,SCHE 1 W/O SEX
2012-2013,MAY,PAPER,FP-PRE,FP DENIED,REGULAR,,AFFIRMED,QUE,NOT APPLICABLE,FEDERAL,DETERMINATE,MALE,WHITE,CAUCASIAN,NON SCHEDULE
2012-2013,MAY,PAPER,FP-PRE,FP DENIED,REGULAR,,AFFIRMED,QUE,NOT APPLICABLE,FEDERAL,DETERMINATE,MALE,WHITE,CAUCASIAN,NON SCHEDULE
2012-2013,MAY,PAPER,FP-PRE,FP DENIED,REGULAR,,AFFIRMED,ATL,NOT APPLICABLE,FEDERAL,DETERMINATE,MALE,WHITE,CAUCASIAN,SCHEDULE 2
2012-2013,JAN,PAPER,FP-PRE,FP DENIED,REGULAR,,AFFIRMED,PAC,NOT APPLICABLE,FEDERAL,DETERMINATE,MALE,WHITE,CAUCASIAN,NON SCHEDULE
2012-2013,APR,PAPER,FP-PRE,FP DENIED,REGULAR,,AFFIRMED,ATL,NOT APPLICABLE,FEDERAL,DETERMINATE,MALE,WHITE,CAUCASIAN,SCHEDULE 2
2012-2013,JUN,PAPER,FP-PRE,FP DENIED,REGULAR,,AFFIRMED,PRA,SASKATOON,FEDERAL,DETERMINATE,MALE,WHITE,CAUCASIAN,SCHE 1 W/O SEX
2012-2013,JAN,PAPER,FP-PRE,FP DENIED,REGULAR,,AFFIRMED,PRA,SASKATOON,PROVINCIAL,DETERMINATE,FEMALE,WHITE,CAUCASIAN,SCHE 1 W/O SEX
2012-2013,JAN,PAPER,FP-PRE,FP DENIED,REGULAR,,AFFIRMED,ONT,NOT APPLICABLE,FEDERAL,DETERMINATE,MALE,WHITE,CAUCASIAN,NON SCHEDULE
2012-2013,JUN,PAPER,FP-PRE,FP DENIED,REGULAR,,AFFIRMED,PAC,NOT APPLICABLE,FEDERAL,DETERMINATE,MALE,WHITE,CAUCASIAN,SCHEDULE 2
2012-2013,DEC,PAPER,FP-PRE,FP DENIED,REGULAR,,AFFIRMED,QUE,NOT APPLICABLE,FEDERAL,DETERMINATE,MALE,WHITE,CAUCASIAN,SCHE 1 WITH SEX
2012-2013,OCT,PAPER,FP-PRE,FP DENIED,REGULAR,,AFFIRMED,QUE,NOT APPLICABLE,FEDERAL,DETERMINATE,MALE,WHITE,CAUCASIAN,SCHE 1 WITH SEX
2012-2013,JAN,PAPER,FP-PRE,FP DENIED,REGULAR,,AFFIRMED,QUE,NOT APPLICABLE,FEDERAL,DETERMINATE,MALE,WHITE,CAUCASIAN,SCHEDULE 2
2012-2013,AUG,PAPER,FP-PRE,FP DENIED,REGULAR,,AFFIRMED,ONT,NOT APPLICABLE,FEDERAL,DETERMINATE,MALE,WHITE,CAUCASIAN,NON SCHEDULE
2012-2013,DEC,PAPER,FP-PRE,FP DENIED,REGULAR,,AFFIRMED,PRA,EDMONTON,FEDERAL,DETERMINATE,MALE,WHITE,CAUCASIAN,SCHE 1 W/O SEX
2012-2013,JAN,PAPER,FP-PRE,FP DENIED,REGULAR,,AFFIRMED,QUE,NOT APPLICABLE,FEDERAL,DETERMINATE,MALE,WHITE,CAUCASIAN,SCHEDULE 2
2012-2013,MAY,PAPER,FP-PRE,FP DENIED,REGULAR,,AFFIRMED,QUE,NOT APPLICABLE,FEDERAL,DETERMINATE,MALE,WHITE,CAUCASIAN,NON SCHEDULE
2012-2013,FEB,PAPER,FP-PRE,FP DENIED,REGULAR,,AFFIRMED,PRA,SASKATOON,FEDERAL,DETERMINATE,MALE,WHITE,CAUCASIAN,NON SCHEDULE
2012-2013,JUL,PAPER,FP-PRE,FP DENIED,REGULAR,,AFFIRMED,PAC,NOT APPLICABLE,FEDERAL,DETERMINATE,MALE,WHITE,CAUCASIAN,SCHE 1 W/O SEX
2012-2013,NOV,PAPER,FP-PRE,FP DENIED,REGULAR,,AFFIRMED,PRA,EDMONTON,FEDERAL,DETERMINATE,MALE,WHITE,CAUCASIAN,SCHE 1 WITH SEX
2012-2013,MAY,PAPER,FP-PRE,FP DENIED,REGULAR,,AFFIRMED,QUE,NOT APPLICABLE,FEDERAL,DETERMINATE,MALE,WHITE,CAUCASIAN,NON SCHEDULE
2012-2013,APR,PAPER,FP-PRE,FP DENIED,REGULAR,,AFFIRMED,QUE,NOT APPLICABLE,FEDERAL,DETERMINATE,MALE,WHITE,CAUCASIAN,NON SCHEDULE
2012-2013,SEP,PAPER,FP-PRE,FP DENIED,REGULAR,,AFFIRMED,ONT,NOT APPLICABLE,FEDERAL,DETERMINATE,MALE,WHITE,CAUCASIAN,SCHE 1 WITH SEX
2012-2013,JUL,PAPER,FP-PRE,FP DENIED,REGULAR,,AFFIRMED,QUE,NOT APPLICABLE,FEDERAL,DETERMINATE,MALE,WHITE,CAUCASIAN,SCHE 1 W/O SEX
2012-2013,OCT,PAPER,FP-PRE,FP DENIED,REGULAR,,AFFIRMED,ATL,NOT APPLICABLE,PROVINCIAL,DETERMINATE,MALE,WHITE,CAUCASIAN,NON SCHEDULE
2012-2013,NOV,PAPER,FP-PRE,FP DENIED,REGULAR,,AFFIRMED,ONT,NOT APPLICABLE,FEDERAL,DETERMINATE,MALE,WHITE,CAUCASIAN,SCHEDULE 2
2012-2013,FEB,PAPER,FP-PRE,FP DENIED,REGULAR,,AFFIRMED,ONT,NOT APPLICABLE,FEDERAL,DETERMINATE,MALE,WHITE,CAUCASIAN,SCHE 1 WITH SEX
2012-2013,FEB,PAPER,FP-PRE,FP DENIED,REGULAR,,AFFIRMED,ONT,NOT APPLICABLE,FEDERAL,DETERMINATE,MALE,WHITE,CAUCASIAN,NON SCHEDULE
2012-2013,JUN,PAPER,FP-PRE,FP DENIED,REGULAR,,AFFIRMED,ONT,NOT APPLICABLE,FEDERAL,DETERMINATE,MALE,WHITE,CAUCASIAN,NON SCHEDULE
2012-2013,DEC,PAPER,FP-PRE,FP DENIED,REGULAR,,AFFIRMED,QUE,NOT APPLICABLE,FEDERAL,DETERMINATE,MALE,WHITE,CAUCASIAN,NON SCHEDULE
2012-2013,OCT,PAPER,FP-PRE,FP DENIED,REGULAR,,AFFIRMED,PRA,EDMONTON,FEDERAL,DETERMINATE,MALE,WHITE,CAUCASIAN,SCHE 1 W/O SEX
2012-2013,DEC,PAPER,FP-PRE,FP DENIED,REGULAR,,AFFIRMED,ATL,NOT APPLICABLE,PROVINCIAL,DETERMINATE,MALE,WHITE,CAUCASIAN,NON SCHEDULE
2012-2013,MAR,PAPER,FP-PRE,FP DENIED,REGULAR,,AFFIRMED,QUE,NOT APPLICABLE,FEDERAL,DETERMINATE,MALE,WHITE,CAUCASIAN,SCHE 1 WITH SEX
2012-2013,JUL,PAPER,FP-PRE,FP DENIED,REGULAR,,AFFIRMED,QUE,NOT APPLICABLE,FEDERAL,DETERMINATE,MALE,WHITE,CAUCASIAN,SCHEDULE 2
2012-2013,OCT,PAPER,FP-PRE,FP DENIED,REGULAR,,AFFIRMED,ATL,NOT APPLICABLE,FEDERAL,DETERMINATE,MALE,WHITE,CAUCASIAN,SCHE 1 W/O SEX
2012-2013,MAY,PAPER,FP-PRE,FP DENIED,REGULAR,,AFFIRMED,PRA,EDMONTON,FEDERAL,DETERMINATE,MALE,WHITE,CAUCASIAN,SCHE 1 W/O SEX
2012-2013,APR,PAPER,FP-PRE,FP DENIED,REGULAR,,AFFIRMED,ATL,NOT APPLICABLE,PROVINCIAL,DETERMINATE,MALE,WHITE,CAUCASIAN,SCHE 1 W/O SEX
2012-2013,DEC,PAPER,FP-PRE,FP DENIED,REGULAR,,AFFIRMED,ONT,NOT APPLICABLE,FEDERAL,DETERMINATE,MALE,WHITE,CAUCASIAN,SCHE 1 WITH SEX
2012-2013,MAY,PAPER,FP-PRE,FP DENIED,REGULAR,,AFFIRMED,QUE,NOT APPLICABLE,FEDERAL,DETERMINATE,MALE,WHITE,CAUCASIAN,SCHE 1 WITH SEX
2012-2013,SEP,PAPER,FP-PRE,FP DENIED,REGULAR,,AFFIRMED,PRA,SASKATOON,FEDERAL,DETERMINATE,MALE,WHITE,CAUCASIAN,NON SCHEDULE
2012-2013,JUN,PAPER,FP-PRE,FP DENIED,REGULAR,,AFFIRMED,QUE,NOT APPLICABLE,FEDERAL,DETERMINATE,MALE,WHITE,CAUCASIAN,NON SCHEDULE
2012-2013,JUL,PAPER,FP-PRE,FP DENIED,REGULAR,,AFFIRMED,ONT,NOT APPLICABLE,FEDERAL,DETERMINATE,MALE,WHITE,CAUCASIAN,SCHE 1 WITH SEX
2012-2013,JUL,PAPER,FP-PRE,FP DENIED,REGULAR,,AFFIRMED,PRA,EDMONTON,FEDERAL,DETERMINATE,MALE,WHITE,CAUCASIAN,SCHE 1 WITH SEX
2012-2013,JUL,PAPER,FP-PRE,FP DENIED,REGULAR,,AFFIRMED,PRA,SASKATOON,FEDERAL,INDETERMINATE,MALE,WHITE,CAUCASIAN,SCHE 1 WITH SEX
2012-2013,FEB,PAPER,FP-PRE,FP DENIED,REGULAR,,AFFIRMED,ONT,NOT APPLICABLE,FEDERAL,INDETERMINATE,MALE,WHITE,CAUCASIAN,SCHE 1 WITH SEX
2012-2013,AUG,PAPER,FP-PRE,FP DENIED,REGULAR,,AFFIRMED,PAC,NOT APPLICABLE,FEDERAL,INDETERMINATE,MALE,WHITE,CAUCASIAN,SCHE 1 WITH SEX
2012-2013,JAN,PAPER,FP-PRE,FP DENIED,REGULAR,,AFFIRMED,PAC,NOT APPLICABLE,FEDERAL,INDETERMINATE,MALE,WHITE,CAUCASIAN,SCHE 1 WITH SEX
2012-2013,DEC,PAPER,FP-PRE,FP DENIED,REGULAR,,AFFIRMED,PRA,EDMONTON,FEDERAL,INDETERMINATE,MALE,WHITE,CAUCASIAN,SCHE 1 WITH SEX
2012-2013,FEB,PAPER,FP-PRE,FP DENIED,REGULAR,,AFFIRMED,PRA,EDMONTON,FEDERAL,INDETERMINATE,MALE,WHITE,CAUCASIAN,MURDER 2
2012-2013,OCT,PAPER,FP-PRE,FP DENIED,REGULAR,,AFFIRMED,QUE,NOT APPLICABLE,FEDERAL,INDETERMINATE,MALE,WHITE,CAUCASIAN,MURDER 2
2012-2013,NOV,PAPER,FP-PRE,FP DENIED,REGULAR,,AFFIRMED,ONT,NOT APPLICABLE,FEDERAL,INDETERMINATE,MALE,WHITE,CAUCASIAN,MURDER 1
2012-2013,MAR,PAPER,FP-PRE,FP DENIED,REGULAR,,AFFIRMED,QUE,NOT APPLICABLE,FEDERAL,INDETERMINATE,MALE,WHITE,CAUCASIAN,MURDER 1
2012-2013,OCT,PAPER,FP-PRE,FP DENIED,REGULAR,,AFFIRMED,QUE,NOT APPLICABLE,FEDERAL,INDETERMINATE,MALE,WHITE,CAUCASIAN,MURDER 2
2012-2013,NOV,PAPER,FP-PRE,FP DENIED,REGULAR,,AFFIRMED,QUE,NOT APPLICABLE,FEDERAL,INDETERMINATE,MALE,WHITE,CAUCASIAN,MURDER 2
2012-2013,NOV,PAPER,FP-PRE,FP DENIED,REGULAR,,AFFIRMED,QUE,NOT APPLICABLE,FEDERAL,INDETERMINATE,MALE,WHITE,CAUCASIAN,MURDER 1
2012-2013,NOV,PAPER,FP-PRE,FP DENIED,REGULAR,,AFFIRMED,QUE,NOT APPLICABLE,FEDERAL,INDETERMINATE,MALE,WHITE,CAUCASIAN,MURDER 2
2012-2013,OCT,PAPER,FP-PRE,FP DENIED,REGULAR,,AFFIRMED,PAC,NOT APPLICABLE,FEDERAL,INDETERMINATE,MALE,WHITE,CAUCASIAN,MURDER 2
2012-2013,NOV,PAPER,FP-PRE,FP DENIED,REGULAR,,AFFIRMED,QUE,NOT APPLICABLE,FEDERAL,INDETERMINATE,MALE,WHITE,CAUCASIAN,MURDER 2
2012-2013,JAN,PAPER,FP-PRE,FP DENIED,REGULAR,,AFFIRMED,PAC,NOT APPLICABLE,FEDERAL,INDETERMINATE,MALE,EAST INDIAN,OTHER/UNKNOWN,MURDER 1
2012-2013,OCT,PAPER,FP-PRE,FP DENIED,REGULAR,,AFFIRMED,QUE,NOT APPLICABLE,FEDERAL,INDETERMINATE,MALE,INUIT,ABORIGINAL,SCHE 1 WITH SEX
2012-2013,JUL,PAPER,FP-PRE,FP DENIED,REGULAR,,AFFIRMED,QUE,NOT APPLICABLE,FEDERAL,DETERMINATE,MALE,METIS,ABORIGINAL,NON SCHEDULE
2012-2013,MAR,PAPER,FP-PRE,FP DENIED,REGULAR,,AFFIRMED,QUE,NOT APPLICABLE,FEDERAL,DETERMINATE,MALE,METIS,ABORIGINAL,SCHE 1 W/O SEX
2012-2013,OCT,PAPER,FP-PRE,FP DENIED,REGULAR,,AFFIRMED,PRA,EDMONTON,FEDERAL,DETERMINATE,MALE,METIS,ABORIGINAL,SCHE 1 W/O SEX
2012-2013,OCT,PAPER,FP-PRE,FP DENIED,REGULAR,,AFFIRMED,QUE,NOT APPLICABLE,FEDERAL,DETERMINATE,MALE,METIS,ABORIGINAL,SCHE 1 W/O SEX
2012-2013,NOV,PAPER,FP-PRE,FP DENIED,REGULAR,,AFFIRMED,QUE,NOT APPLICABLE,FEDERAL,DETERMINATE,MALE,METIS,ABORIGINAL,SCHE 1 WITH SEX
2012-2013,JUN,PAPER,FP-PRE,FP DENIED,REGULAR,,AFFIRMED,ONT,NOT APPLICABLE,FEDERAL,INDETERMINATE,MALE,METIS,ABORIGINAL,SCHE 1 W/O SEX
2012-2013,JAN,PAPER,FP-PRE,FP DENIED,REGULAR,,AFFIRMED,PAC,NOT APPLICABLE,FEDERAL,INDETERMINATE,MALE,METIS,ABORIGINAL,MURDER 2
2012-2013,SEP,PAPER,FP-PRE,FP DENIED,REGULAR,,AFFIRMED,ONT,NOT APPLICABLE,FEDERAL,INDETERMINATE,MALE,METIS,ABORIGINAL,MURDER 1
2012-2013,FEB,PAPER,FP-PRE,FP DENIED,REGULAR,,AFFIRMED,QUE,NOT APPLICABLE,FEDERAL,INDETERMINATE,MALE,METIS,ABORIGINAL,MURDER 1
2012-2013,FEB,PAPER,FP-PRE,FP DENIED,REGULAR,,AFFIRMED,PRA,EDMONTON,FEDERAL,INDETERMINATE,MALE,METIS,ABORIGINAL,MURDER 1
2012-2013,DEC,PAPER,FP-PRE,FP DENIED,REGULAR,,AFFIRMED,PRA,EDMONTON,FEDERAL,INDETERMINATE,MALE,METIS,ABORIGINAL,MURDER 1
2012-2013,DEC,PAPER,FP-PRE,FP DENIED,REGULAR,,AFFIRMED,PRA,EDMONTON,FEDERAL,DETERMINATE,MALE,NORTH AMERICAN,ABORIGINAL,NON SCHEDULE
2012-2013,NOV,PAPER,FP-PRE,FP DENIED,REGULAR,,AFFIRMED,ATL,NOT APPLICABLE,FEDERAL,DETERMINATE,MALE,NORTH AMERICAN,ABORIGINAL,NON SCHEDULE
2012-2013,AUG,PAPER,FP-PRE,FP DENIED,REGULAR,,AFFIRMED,PAC,NOT APPLICABLE,PROVINCIAL,DETERMINATE,MALE,NORTH AMERICAN,ABORIGINAL,SCHEDULE 2
2012-2013,APR,PAPER,FP-PRE,FP DENIED,REGULAR,,AFFIRMED,ONT,NOT APPLICABLE,FEDERAL,DETERMINATE,MALE,NORTH AMERICAN,ABORIGINAL,NON SCHEDULE
2012-2013,JUL,PAPER,FP-PRE,FP DENIED,REGULAR,,AFFIRMED,PRA,EDMONTON,FEDERAL,DETERMINATE,MALE,NORTH AMERICAN,ABORIGINAL,SCHE 1 W/O SEX
2012-2013,AUG,PAPER,FP-PRE,FP DENIED,REGULAR,,AFFIRMED,PAC,NOT APPLICABLE,PROVINCIAL,DETERMINATE,MALE,NORTH AMERICAN,ABORIGINAL,SCHE 1 W/O SEX
2012-2013,MAR,PAPER,FP-PRE,FP DENIED,REGULAR,,AFFIRMED,ATL,NOT APPLICABLE,FEDERAL,DETERMINATE,MALE,NORTH AMERICAN,ABORIGINAL,SCHE 1 W/O SEX
2012-2013,DEC,PAPER,FP-PRE,FP DENIED,REGULAR,,AFFIRMED,QUE,NOT APPLICABLE,FEDERAL,INDETERMINATE,MALE,NORTH AMERICAN,ABORIGINAL,SCHE 1 W/O SEX
2012-2013,JUN,PAPER,FP-PRE,FP DENIED,REGULAR,,AFFIRMED,ONT,NOT APPLICABLE,FEDERAL,INDETERMINATE,MALE,NORTH AMERICAN,ABORIGINAL,SCHE 1 W/O SEX
2012-2013,OCT,PAPER,FP-PRE,FP DENIED,REGULAR,,AFFIRMED,ONT,NOT APPLICABLE,FEDERAL,DETERMINATE,MALE,CHINESE,ASIAN,NON SCHEDULE
2012-2013,FEB,PAPER,FP-PRE,FP DENIED,REGULAR,,AFFIRMED,PAC,NOT APPLICABLE,FEDERAL,DETERMINATE,MALE,CHINESE,ASIAN,SCHEDULE 2
2012-2013,JUN,PAPER,FP-PRE,FP DENIED,REGULAR,,AFFIRMED,ATL,NOT APPLICABLE,FEDERAL,INDETERMINATE,MALE,CHINESE,ASIAN,MURDER 2
2012-2013,OCT,PAPER,FP-PRE,FP DENIED,REGULAR,,AFFIRMED,QUE,NOT APPLICABLE,FEDERAL,INDETERMINATE,MALE,KOREAN,ASIAN,SCHE 1 WITH SEX
2012-2013,SEP,PAPER,FP-PRE,FP DENIED,REGULAR,,AFFIRMED,QUE,NOT APPLICABLE,FEDERAL,DETERMINATE,MALE,LATIN AMERICAN,OTHER/UNKNOWN,NON SCHEDULE
2012-2013,JUN,PAPER,FP-PRE,FP DENIED,REGULAR,,AFFIRMED,ONT,NOT APPLICABLE,FEDERAL,DETERMINATE,FEMALE,LATIN AMERICAN,OTHER/UNKNOWN,NON SCHEDULE
2012-2013,JUN,PAPER,FP-PRE,FP DENIED,REGULAR,,AFFIRMED,PRA,EDMONTON,FEDERAL,DETERMINATE,FEMALE,LATIN AMERICAN,OTHER/UNKNOWN,SCHEDULE 2
2012-2013,OCT,PAPER,FP-PRE,FP DENIED,REGULAR,,AFFIRMED,PRA,SASKATOON,FEDERAL,DETERMINATE,MALE,SOUTH ASIAN,ASIAN,SCHEDULE 2
2012-2013,NOV,PAPER,FP-PRE,FP DENIED,REGULAR,,AFFIRMED,PAC,NOT APPLICABLE,FEDERAL,DETERMINATE,MALE,SOUTH ASIAN,ASIAN,SCHE 1 W/O SEX
2012-2013,SEP,PAPER,FP-PRE,FP DENIED,REGULAR,,AFFIRMED,ONT,NOT APPLICABLE,FEDERAL,DETERMINATE,MALE,SOUTH ASIAN,ASIAN,SCHEDULE 2
2012-2013,MAR,PAPER,FP-PRE,FP DENIED,REGULAR,,AFFIRMED,ONT,NOT APPLICABLE,FEDERAL,DETERMINATE,MALE,S. E. ASIAN,ASIAN,SCHEDULE 2
2012-2013,AUG,PAPER,FP-PRE,FP DENIED,REGULAR,,AFFIRMED,ONT,NOT APPLICABLE,FEDERAL,DETERMINATE,MALE,S. E. ASIAN,ASIAN,NON SCHEDULE
2012-2013,JAN,PAPER,FP-PRE,FP DENIED,REGULAR,,AFFIRMED,PRA,SASKATOON,FEDERAL,DETERMINATE,MALE,ASIAN-SOUTH,ASIAN,SCHE 1 WITH SEX
2012-2013,JUN,PAPER,FP-PRE,FP DENIED,REGULAR,,PAN.HEAR.ORDER.,ONT,NOT APPLICABLE,FEDERAL,DETERMINATE,FEMALE,BLACK,BLACK,SCHEDULE 2
2012-2013,MAY,PAPER,FP-PRE,FP DENIED,REGULAR,,PAN.HEAR.ORDER.,QUE,NOT APPLICABLE,FEDERAL,DETERMINATE,MALE,WHITE,CAUCASIAN,SCHE 1 W/O SEX
2012-2013,OCT,PAPER,FP-PRE,FP DENIED,REGULAR,,PAN.HEAR.ORDER.,PAC,NOT APPLICABLE,PROVINCIAL,DETERMINATE,MALE,WHITE,CAUCASIAN,SCHE 1 W/O SEX
2012-2013,MAY,PAPER,FP-PRE,FP DENIED,REGULAR,,PAN.HEAR.ORDER.,PRA,SASKATOON,FEDERAL,DETERMINATE,MALE,WHITE,CAUCASIAN,SCHEDULE 2
2012-2013,JAN,PAPER,FP-PRE,FP DENIED,REGULAR,,PAN.HEAR.ORDER.,QUE,NOT APPLICABLE,FEDERAL,DETERMINATE,MALE,WHITE,CAUCASIAN,SCHE 1 W/O SEX
2012-2013,APR,PAPER,FP-PRE,FP DENIED,REGULAR,,PAN.HEAR.ORDER.,ONT,NOT APPLICABLE,FEDERAL,DETERMINATE,FEMALE,WHITE,CAUCASIAN,SCHEDULE 2
2012-2013,DEC,PAPER,FP-PRE,FP DENIED,REGULAR,,PAN.HEAR.ORDER.,QUE,NOT APPLICABLE,FEDERAL,DETERMINATE,MALE,WHITE,CAUCASIAN,SCHEDULE 2
2012-2013,NOV,PAPER,FP-PRE,FP DENIED,REGULAR,,PAN.HEAR.ORDER.,QUE,NOT APPLICABLE,FEDERAL,DETERMINATE,MALE,METIS,ABORIGINAL,NON SCHEDULE
2012-2013,SEP,PAPER,FP-PRE,FP DENIED,REGULAR,,PAN.HEAR.ORDER.,PAC,NOT APPLICABLE,FEDERAL,DETERMINATE,MALE,CHINESE,ASIAN,SCHE 1 W/O SEX
2012-2013,JUL,PAPER,FP-PRE,FP DENIED,REGULAR,,PAN.HEAR.ORDER.,PRA,EDMONTON,FEDERAL,DETERMINATE,MALE,CHINESE,ASIAN,SCHE 1 W/O SEX
2012-2013,JUN,PAPER,FP-PRE,FP DENIED,REGULAR,,REVIEW ORDERED,ATL,NOT APPLICABLE,PROVINCIAL,DETERMINATE,MALE,WHITE,CAUCASIAN,NON SCHEDULE
2012-2013,SEP,PAPER,FP-PRE,FP DENIED,REGULAR,,REVIEW ORDERED,ATL,NOT APPLICABLE,PROVINCIAL,DETERMINATE,MALE,WHITE,CAUCASIAN,SCHEDULE 2
2012-2013,AUG,PAPER,FP-POST,FP REVOKED,REGULAR,,AFFIRMED,ONT,NOT APPLICABLE,FEDERAL,DETERMINATE,MALE,BLACK,BLACK,SCHEDULE 2
2012-2013,JAN,PAPER,FP-POST,FP REVOKED,REGULAR,,AFFIRMED,ONT,NOT APPLICABLE,FEDERAL,DETERMINATE,MALE,WHITE,CAUCASIAN,SCHE 1 W/O SEX
2012-2013,FEB,PAPER,FP-POST,FP REVOKED,REGULAR,,AFFIRMED,ATL,NOT APPLICABLE,FEDERAL,DETERMINATE,FEMALE,WHITE,CAUCASIAN,SCHE 1 W/O SEX
2012-2013,SEP,PAPER,FP-POST,FP REVOKED,REGULAR,,AFFIRMED,PRA,SASKATOON,FEDERAL,DETERMINATE,MALE,WHITE,CAUCASIAN,SCHEDULE 2
2012-2013,AUG,PAPER,FP-POST,FP REVOKED,REGULAR,,AFFIRMED,PRA,SASKATOON,FEDERAL,INDETERMINATE,MALE,WHITE,CAUCASIAN,SCHE 1 W/O SEX
2012-2013,APR,PAPER,FP-POST,FP REVOKED,REGULAR,,AFFIRMED,QUE,NOT APPLICABLE,FEDERAL,INDETERMINATE,MALE,WHITE,CAUCASIAN,MURDER 2
2012-2013,JAN,PAPER,FP-POST,FP REVOKED,REGULAR,,AFFIRMED,PRA,EDMONTON,FEDERAL,INDETERMINATE,MALE,WHITE,CAUCASIAN,MURDER 2
2012-2013,JUL,PAPER,FP-POST,FP REVOKED,REGULAR,,AFFIRMED,ONT,NOT APPLICABLE,FEDERAL,INDETERMINATE,MALE,WHITE,CAUCASIAN,MURDER 2
2012-2013,DEC,PAPER,FP-POST,FP REVOKED,REGULAR,,AFFIRMED,PAC,NOT APPLICABLE,FEDERAL,INDETERMINATE,MALE,EAST INDIAN,OTHER/UNKNOWN,MURDER 2
2012-2013,OCT,PAPER,FP-POST,FP REVOKED,REGULAR,,AFFIRMED,PRA,SASKATOON,FEDERAL,INDETERMINATE,MALE,METIS,ABORIGINAL,MURDER 2
2012-2013,NOV,PAPER,FP-POST,FP REVOKED,REGULAR,,AFFIRMED,PRA,EDMONTON,FEDERAL,INDETERMINATE,MALE,NORTH AMERICAN,ABORIGINAL,MURDER 2
2012-2013,MAR,PAPER,FP-POST,FP REVOKED,REGULAR,,AFFIRMED,PAC,NOT APPLICABLE,FEDERAL,INDETERMINATE,MALE,EURO.-WESTERN,CAUCASIAN,SCHE 1 W/O SEX
2012-2013,JAN,PAPER,FP-POST,FP REVOKED,REGULAR,,PAN.HEAR.ORDER.,PRA,EDMONTON,FEDERAL,DETERMINATE,MALE,METIS,ABORIGINAL,SCHE 1 W/O SEX
2012-2013,MAY,PAPER,FP-POST,FP REVOKED,REGULAR,,PAN.HEAR.ORDER.,PRA,EDMONTON,FEDERAL,INDETERMINATE,MALE,NORTH AMERICAN,ABORIGINAL,MURDER 2
2012-2013,AUG,PAPER,FP-POST,FP REVOKED,APR,APR-INITIAL,AFFIRMED,ATL,NOT APPLICABLE,FEDERAL,DETERMINATE,MALE,ARAB/WEST ASIAN,OTHER/UNKNOWN,SCHEDULE 2
2012-2013,JAN,PAPER,FP-POST,FP REVOKED,APR,APR-INITIAL,AFFIRMED,ONT,NOT APPLICABLE,FEDERAL,DETERMINATE,MALE,WHITE,CAUCASIAN,SCHEDULE 2
2012-2013,JUL,PAPER,FP-POST,FP REVOKED,APR,APR-INITIAL,AFFIRMED,ONT,NOT APPLICABLE,FEDERAL,DETERMINATE,MALE,WHITE,CAUCASIAN,SCHEDULE 2
2012-2013,JAN,PAPER,FP-POST,FP REVOKED,APR,APR-INITIAL,AFFIRMED,PRA,SASKATOON,FEDERAL,DETERMINATE,MALE,NORTH AMERICAN,ABORIGINAL,SCHEDULE 2
2012-2013,APR,PAPER,FP-POST,FP REVOKED,APR,APR-INITIAL,AFFIRMED,ONT,NOT APPLICABLE,FEDERAL,DETERMINATE,MALE,SOUTH ASIAN,ASIAN,SCHEDULE 2
2012-2013,OCT,PAPER,FP-POST,FP REVOKED,APR,APR-INITIAL,AFFIRMED,ONT,NOT APPLICABLE,FEDERAL,DETERMINATE,MALE,S. E. ASIAN,ASIAN,SCHEDULE 2
2012-2013,JUL,PAPER,DP-PRE,DP DENIED,REGULAR,,AFFIRMED,PAC,NOT APPLICABLE,PROVINCIAL,DETERMINATE,MALE,UNK,OTHER/UNKNOWN,SCHE 1 W/O SEX
2012-2013,AUG,PAPER,DP-PRE,DP DENIED,REGULAR,,AFFIRMED,PRA,EDMONTON,PROVINCIAL,DETERMINATE,MALE,UNK,OTHER/UNKNOWN,NON SCHEDULE
2012-2013,JAN,PAPER,DP-PRE,DP DENIED,REGULAR,,AFFIRMED,PRA,SASKATOON,PROVINCIAL,DETERMINATE,FEMALE,UNK,OTHER/UNKNOWN,SCHE 1 WITH SEX
2012-2013,MAY,PAPER,DP-PRE,DP DENIED,REGULAR,,AFFIRMED,ATL,NOT APPLICABLE,PROVINCIAL,DETERMINATE,MALE,UNK,OTHER/UNKNOWN,NON SCHEDULE
2012-2013,JUL,PAPER,DP-PRE,DP DENIED,REGULAR,,AFFIRMED,PRA,SASKATOON,PROVINCIAL,DETERMINATE,MALE,UNK,OTHER/UNKNOWN,NON SCHEDULE
2012-2013,SEP,PAPER,DP-PRE,DP DENIED,REGULAR,,AFFIRMED,ONT,NOT APPLICABLE,FEDERAL,DETERMINATE,MALE,ARAB/WEST ASIAN,OTHER/UNKNOWN,SCHEDULE 2
2012-2013,NOV,PAPER,DP-PRE,DP DENIED,REGULAR,,AFFIRMED,ONT,NOT APPLICABLE,FEDERAL,DETERMINATE,MALE,ARAB/WEST ASIAN,OTHER/UNKNOWN,SCHEDULE 2
2012-2013,JAN,PAPER,DP-PRE,DP DENIED,REGULAR,,AFFIRMED,ATL,NOT APPLICABLE,FEDERAL,DETERMINATE,MALE,ARAB/WEST ASIAN,OTHER/UNKNOWN,NON SCHEDULE
2012-2013,APR,PAPER,DP-PRE,DP DENIED,REGULAR,,AFFIRMED,ONT,NOT APPLICABLE,FEDERAL,DETERMINATE,MALE,ARAB/WEST ASIAN,OTHER/UNKNOWN,SCHEDULE 2
2012-2013,AUG,PAPER,DP-PRE,DP DENIED,REGULAR,,AFFIRMED,PRA,EDMONTON,FEDERAL,INDETERMINATE,FEMALE,ASIATIC,ASIAN,MURDER 1
2012-2013,JUL,PAPER,DP-PRE,DP DENIED,REGULAR,,AFFIRMED,PRA,SASKATOON,FEDERAL,DETERMINATE,MALE,BLACK,BLACK,SCHE 1 W/O SEX
2012-2013,FEB,PAPER,DP-PRE,DP DENIED,REGULAR,,AFFIRMED,ONT,NOT APPLICABLE,FEDERAL,DETERMINATE,MALE,BLACK,BLACK,SCHE 1 W/O SEX
2012-2013,MAY,PAPER,DP-PRE,DP DENIED,REGULAR,,AFFIRMED,ONT,NOT APPLICABLE,FEDERAL,DETERMINATE,MALE,BLACK,BLACK,NON SCHEDULE
2012-2013,NOV,PAPER,DP-PRE,DP DENIED,REGULAR,,AFFIRMED,PAC,NOT APPLICABLE,FEDERAL,DETERMINATE,MALE,BLACK,BLACK,SCHE 1 W/O SEX
2012-2013,SEP,PAPER,DP-PRE,DP DENIED,REGULAR,,AFFIRMED,PRA,SASKATOON,FEDERAL,DETERMINATE,MALE,BLACK,BLACK,SCHEDULE 2
2012-2013,JUL,PAPER,DP-PRE,DP DENIED,REGULAR,,AFFIRMED,QUE,NOT APPLICABLE,FEDERAL,DETERMINATE,MALE,BLACK,BLACK,SCHEDULE 2
2012-2013,MAY,PAPER,DP-PRE,DP DENIED,REGULAR,,AFFIRMED,PRA,EDMONTON,FEDERAL,DETERMINATE,MALE,BLACK,BLACK,NON SCHEDULE
2012-2013,OCT,PAPER,DP-PRE,DP DENIED,REGULAR,,AFFIRMED,PRA,SASKATOON,FEDERAL,DETERMINATE,MALE,BLACK,BLACK,SCHE 1 W/O SEX
2012-2013,SEP,PAPER,DP-PRE,DP DENIED,REGULAR,,AFFIRMED,ONT,NOT APPLICABLE,FEDERAL,DETERMINATE,MALE,BLACK,BLACK,SCHE 1 WITH SEX
2012-2013,JUL,PAPER,DP-PRE,DP DENIED,REGULAR,,AFFIRMED,PAC,NOT APPLICABLE,FEDERAL,INDETERMINATE,MALE,BLACK,BLACK,SCHE 1 W/O SEX
2012-2013,OCT,PAPER,DP-PRE,DP DENIED,REGULAR,,AFFIRMED,QUE,NOT APPLICABLE,FEDERAL,INDETERMINATE,MALE,BLACK,BLACK,MURDER 2
2012-2013,JAN,PAPER,DP-PRE,DP DENIED,REGULAR,,AFFIRMED,QUE,NOT APPLICABLE,FEDERAL,DETERMINATE,MALE,WHITE,CAUCASIAN,SCHE 1 WITH SEX
2012-2013,FEB,PAPER,DP-PRE,DP DENIED,REGULAR,,AFFIRMED,PAC,NOT APPLICABLE,FEDERAL,DETERMINATE,MALE,WHITE,CAUCASIAN,SCHE 1 W/O SEX
2012-2013,DEC,PAPER,DP-PRE,DP DENIED,REGULAR,,AFFIRMED,ONT,NOT APPLICABLE,FEDERAL,DETERMINATE,MALE,WHITE,CAUCASIAN,SCHEDULE 2
2012-2013,FEB,PAPER,DP-PRE,DP DENIED,REGULAR,,AFFIRMED,QUE,NOT APPLICABLE,FEDERAL,DETERMINATE,MALE,WHITE,CAUCASIAN,SCHE 1 W/O SEX
2012-2013,NOV,PAPER,DP-PRE,DP DENIED,REGULAR,,AFFIRMED,ATL,NOT APPLICABLE,FEDERAL,DETERMINATE,MALE,WHITE,CAUCASIAN,SCHE 1 W/O SEX
2012-2013,JAN,PAPER,DP-PRE,DP DENIED,REGULAR,,AFFIRMED,QUE,NOT APPLICABLE,FEDERAL,DETERMINATE,MALE,WHITE,CAUCASIAN,SCHEDULE 2
2012-2013,DEC,PAPER,DP-PRE,DP DENIED,REGULAR,,AFFIRMED,QUE,NOT APPLICABLE,FEDERAL,DETERMINATE,MALE,WHITE,CAUCASIAN,SCHE 1 WITH SEX
2012-2013,OCT,PAPER,DP-PRE,DP DENIED,REGULAR,,AFFIRMED,ONT,NOT APPLICABLE,FEDERAL,DETERMINATE,MALE,WHITE,CAUCASIAN,NON SCHEDULE
2012-2013,MAY,PAPER,DP-PRE,DP DENIED,REGULAR,,AFFIRMED,PAC,NOT APPLICABLE,FEDERAL,DETERMINATE,MALE,WHITE,CAUCASIAN,SCHE 1 W/O SEX
2012-2013,NOV,PAPER,DP-PRE,DP DENIED,REGULAR,,AFFIRMED,ONT,NOT APPLICABLE,FEDERAL,DETERMINATE,MALE,WHITE,CAUCASIAN,SCHE 1 W/O SEX
2012-2013,MAR,PAPER,DP-PRE,DP DENIED,REGULAR,,AFFIRMED,QUE,NOT APPLICABLE,FEDERAL,DETERMINATE,MALE,WHITE,CAUCASIAN,SCHEDULE 2
2012-2013,FEB,PAPER,DP-PRE,DP DENIED,REGULAR,,AFFIRMED,PRA,SASKATOON,FEDERAL,DETERMINATE,MALE,WHITE,CAUCASIAN,NON SCHEDULE
2012-2013,SEP,PAPER,DP-PRE,DP DENIED,REGULAR,,AFFIRMED,PRA,SASKATOON,FEDERAL,DETERMINATE,MALE,WHITE,CAUCASIAN,SCHEDULE 2
2012-2013,JAN,PAPER,DP-PRE,DP DENIED,REGULAR,,AFFIRMED,PRA,EDMONTON,FEDERAL,DETERMINATE,MALE,WHITE,CAUCASIAN,SCHEDULE 2
2012-2013,MAY,PAPER,DP-PRE,DP DENIED,REGULAR,,AFFIRMED,QUE,NOT APPLICABLE,FEDERAL,DETERMINATE,MALE,WHITE,CAUCASIAN,NON SCHEDULE
2012-2013,JAN,PAPER,DP-PRE,DP DENIED,REGULAR,,AFFIRMED,PRA,EDMONTON,FEDERAL,DETERMINATE,MALE,WHITE,CAUCASIAN,NON SCHEDULE
2012-2013,FEB,PAPER,DP-PRE,DP DENIED,REGULAR,,AFFIRMED,ONT,NOT APPLICABLE,FEDERAL,DETERMINATE,MALE,WHITE,CAUCASIAN,SCHE 1 WITH SEX
2012-2013,JUL,PAPER,DP-PRE,DP DENIED,REGULAR,,AFFIRMED,ONT,NOT APPLICABLE,FEDERAL,DETERMINATE,MALE,WHITE,CAUCASIAN,SCHE 1 WITH SEX
2012-2013,JAN,PAPER,DP-PRE,DP DENIED,REGULAR,,AFFIRMED,ATL,NOT APPLICABLE,PROVINCIAL,DETERMINATE,MALE,WHITE,CAUCASIAN,NON SCHEDULE
2012-2013,JUN,PAPER,DP-PRE,DP DENIED,REGULAR,,AFFIRMED,PRA,SASKATOON,FEDERAL,DETERMINATE,MALE,WHITE,CAUCASIAN,SCHE 1 W/O SEX
2012-2013,SEP,PAPER,DP-PRE,DP DENIED,REGULAR,,AFFIRMED,PRA,EDMONTON,FEDERAL,DETERMINATE,MALE,WHITE,CAUCASIAN,SCHE 1 WITH SEX
2012-2013,OCT,PAPER,DP-PRE,DP DENIED,REGULAR,,AFFIRMED,ONT,NOT APPLICABLE,FEDERAL,DETERMINATE,MALE,WHITE,CAUCASIAN,SCHE 1 W/O SEX
2012-2013,JAN,PAPER,DP-PRE,DP DENIED,REGULAR,,AFFIRMED,PAC,NOT APPLICABLE,FEDERAL,DETERMINATE,MALE,WHITE,CAUCASIAN,NON SCHEDULE
2012-2013,APR,PAPER,DP-PRE,DP DENIED,REGULAR,,AFFIRMED,PRA,EDMONTON,FEDERAL,DETERMINATE,MALE,WHITE,CAUCASIAN,SCHE 1 WITH SEX
2012-2013,DEC,PAPER,DP-PRE,DP DENIED,REGULAR,,AFFIRMED,QUE,NOT APPLICABLE,FEDERAL,DETERMINATE,MALE,WHITE,CAUCASIAN,SCHE 1 WITH SEX
2012-2013,DEC,PAPER,DP-PRE,DP DENIED,REGULAR,,AFFIRMED,QUE,NOT APPLICABLE,FEDERAL,DETERMINATE,MALE,WHITE,CAUCASIAN,NON SCHEDULE
2012-2013,OCT,PAPER,DP-PRE,DP DENIED,REGULAR,,AFFIRMED,QUE,NOT APPLICABLE,FEDERAL,DETERMINATE,MALE,WHITE,CAUCASIAN,SCHE 1 WITH SEX
2012-2013,DEC,PAPER,DP-PRE,DP DENIED,REGULAR,,AFFIRMED,QUE,NOT APPLICABLE,FEDERAL,DETERMINATE,MALE,WHITE,CAUCASIAN,SCHEDULE 2
2012-2013,JUL,PAPER,DP-PRE,DP DENIED,REGULAR,,AFFIRMED,QUE,NOT APPLICABLE,FEDERAL,DETERMINATE,MALE,WHITE,CAUCASIAN,SCHEDULE 2
2012-2013,MAY,PAPER,DP-PRE,DP DENIED,REGULAR,,AFFIRMED,QUE,NOT APPLICABLE,FEDERAL,DETERMINATE,MALE,WHITE,CAUCASIAN,SCHE 1 W/O SEX
2012-2013,FEB,PAPER,DP-PRE,DP DENIED,REGULAR,,AFFIRMED,QUE,NOT APPLICABLE,FEDERAL,DETERMINATE,MALE,WHITE,CAUCASIAN,SCHE 1 WITH SEX
2012-2013,JUL,PAPER,DP-PRE,DP DENIED,REGULAR,,AFFIRMED,PAC,NOT APPLICABLE,FEDERAL,DETERMINATE,MALE,WHITE,CAUCASIAN,SCHE 1 W/O SEX
2012-2013,OCT,PAPER,DP-PRE,DP DENIED,REGULAR,,AFFIRMED,ATL,NOT APPLICABLE,FEDERAL,DETERMINATE,MALE,WHITE,CAUCASIAN,SCHE 1 W/O SEX
2012-2013,APR,PAPER,DP-PRE,DP DENIED,REGULAR,,AFFIRMED,QUE,NOT APPLICABLE,FEDERAL,DETERMINATE,MALE,WHITE,CAUCASIAN,SCHEDULE 2
2012-2013,APR,PAPER,DP-PRE,DP DENIED,REGULAR,,AFFIRMED,ATL,NOT APPLICABLE,PROVINCIAL,DETERMINATE,MALE,WHITE,CAUCASIAN,SCHE 1 W/O SEX
2012-2013,MAY,PAPER,DP-PRE,DP DENIED,REGULAR,,AFFIRMED,QUE,NOT APPLICABLE,FEDERAL,DETERMINATE,MALE,WHITE,CAUCASIAN,SCHE 1 WITH SEX
2012-2013,JUN,PAPER,DP-PRE,DP DENIED,REGULAR,,AFFIRMED,ATL,NOT APPLICABLE,FEDERAL,DETERMINATE,MALE,WHITE,CAUCASIAN,SCHE 1 W/O SEX
2012-2013,JUL,PAPER,DP-PRE,DP DENIED,REGULAR,,AFFIRMED,QUE,NOT APPLICABLE,FEDERAL,DETERMINATE,MALE,WHITE,CAUCASIAN,SCHE 1 W/O SEX
2012-2013,OCT,PAPER,DP-PRE,DP DENIED,REGULAR,,AFFIRMED,ATL,NOT APPLICABLE,PROVINCIAL,DETERMINATE,MALE,WHITE,CAUCASIAN,NON SCHEDULE
2012-2013,SEP,PAPER,DP-PRE,DP DENIED,REGULAR,,AFFIRMED,PRA,SASKATOON,FEDERAL,DETERMINATE,MALE,WHITE,CAUCASIAN,NON SCHEDULE
2012-2013,MAY,PAPER,DP-PRE,DP DENIED,REGULAR,,AFFIRMED,PAC,NOT APPLICABLE,PROVINCIAL,DETERMINATE,MALE,WHITE,CAUCASIAN,SCHE 1 W/O SEX
2012-2013,JUL,PAPER,DP-PRE,DP DENIED,REGULAR,,AFFIRMED,ONT,NOT APPLICABLE,FEDERAL,DETERMINATE,MALE,WHITE,CAUCASIAN,SCHE 1 WITH SEX
2012-2013,APR,PAPER,DP-PRE,DP DENIED,REGULAR,,AFFIRMED,ATL,NOT APPLICABLE,FEDERAL,DETERMINATE,MALE,WHITE,CAUCASIAN,SCHEDULE 2
2012-2013,JUN,PAPER,DP-PRE,DP DENIED,REGULAR,,AFFIRMED,QUE,NOT APPLICABLE,FEDERAL,DETERMINATE,MALE,WHITE,CAUCASIAN,NON SCHEDULE
2012-2013,APR,PAPER,DP-PRE,DP DENIED,REGULAR,,AFFIRMED,PAC,NOT APPLICABLE,FEDERAL,DETERMINATE,MALE,WHITE,CAUCASIAN,SCHE 1 W/O SEX
2012-2013,OCT,PAPER,DP-PRE,DP DENIED,REGULAR,,AFFIRMED,PAC,NOT APPLICABLE,FEDERAL,DETERMINATE,MALE,WHITE,CAUCASIAN,SCHE 1 WITH SEX
2012-2013,FEB,PAPER,DP-PRE,DP DENIED,REGULAR,,AFFIRMED,PAC,NOT APPLICABLE,PROVINCIAL,DETERMINATE,MALE,WHITE,CAUCASIAN,NON SCHEDULE
2012-2013,JUN,PAPER,DP-PRE,DP DENIED,REGULAR,,AFFIRMED,ONT,NOT APPLICABLE,FEDERAL,DETERMINATE,MALE,WHITE,CAUCASIAN,SCHE 1 W/O SEX
2012-2013,JUN,PAPER,DP-PRE,DP DENIED,REGULAR,,AFFIRMED,PAC,NOT APPLICABLE,PROVINCIAL,DETERMINATE,MALE,WHITE,CAUCASIAN,SCHEDULE 2
2012-2013,OCT,PAPER,DP-PRE,DP DENIED,REGULAR,,AFFIRMED,PRA,EDMONTON,FEDERAL,DETERMINATE,MALE,WHITE,CAUCASIAN,SCHE 1 W/O SEX
2012-2013,SEP,PAPER,DP-PRE,DP DENIED,REGULAR,,AFFIRMED,PRA,EDMONTON,FEDERAL,DETERMINATE,MALE,WHITE,CAUCASIAN,NON SCHEDULE
2012-2013,MAR,PAPER,DP-PRE,DP DENIED,REGULAR,,AFFIRMED,QUE,NOT APPLICABLE,FEDERAL,DETERMINATE,MALE,WHITE,CAUCASIAN,SCHE 1 WITH SEX
2012-2013,JUL,PAPER,DP-PRE,DP DENIED,REGULAR,,AFFIRMED,PAC,NOT APPLICABLE,FEDERAL,DETERMINATE,MALE,WHITE,CAUCASIAN,SCHEDULE 2
2012-2013,MAR,PAPER,DP-PRE,DP DENIED,REGULAR,,AFFIRMED,ATL,NOT APPLICABLE,FEDERAL,DETERMINATE,MALE,WHITE,CAUCASIAN,SCHEDULE 2
2012-2013,NOV,PAPER,DP-PRE,DP DENIED,REGULAR,,AFFIRMED,PAC,NOT APPLICABLE,PROVINCIAL,DETERMINATE,MALE,WHITE,CAUCASIAN,NON SCHEDULE
2012-2013,DEC,PAPER,DP-PRE,DP DENIED,REGULAR,,AFFIRMED,PRA,EDMONTON,FEDERAL,DETERMINATE,MALE,WHITE,CAUCASIAN,SCHE 1 W/O SEX
2012-2013,MAY,PAPER,DP-PRE,DP DENIED,REGULAR,,AFFIRMED,PAC,NOT APPLICABLE,FEDERAL,DETERMINATE,MALE,WHITE,CAUCASIAN,SCHE 1 WITH SEX
2012-2013,JUN,PAPER,DP-PRE,DP DENIED,REGULAR,,AFFIRMED,PRA,EDMONTON,FEDERAL,DETERMINATE,MALE,WHITE,CAUCASIAN,SCHEDULE 2
2012-2013,AUG,PAPER,DP-PRE,DP DENIED,REGULAR,,AFFIRMED,ONT,NOT APPLICABLE,FEDERAL,DETERMINATE,MALE,WHITE,CAUCASIAN,NON SCHEDULE
2012-2013,JUL,PAPER,DP-PRE,DP DENIED,REGULAR,,AFFIRMED,PRA,SASKATOON,FEDERAL,DETERMINATE,MALE,WHITE,CAUCASIAN,SCHE 1 W/O SEX
2012-2013,MAY,PAPER,DP-PRE,DP DENIED,REGULAR,,AFFIRMED,QUE,NOT APPLICABLE,FEDERAL,DETERMINATE,MALE,WHITE,CAUCASIAN,NON SCHEDULE
2012-2013,NOV,PAPER,DP-PRE,DP DENIED,REGULAR,,AFFIRMED,PRA,EDMONTON,FEDERAL,DETERMINATE,MALE,WHITE,CAUCASIAN,SCHE 1 WITH SEX
2012-2013,NOV,PAPER,DP-PRE,DP DENIED,REGULAR,,AFFIRMED,QUE,NOT APPLICABLE,FEDERAL,DETERMINATE,MALE,WHITE,CAUCASIAN,SCHE 1 WITH SEX
2012-2013,FEB,PAPER,DP-PRE,DP DENIED,REGULAR,,AFFIRMED,PRA,EDMONTON,FEDERAL,DETERMINATE,MALE,WHITE,CAUCASIAN,SCHE 1 WITH SEX
2012-2013,AUG,PAPER,DP-PRE,DP DENIED,REGULAR,,AFFIRMED,QUE,NOT APPLICABLE,FEDERAL,DETERMINATE,MALE,WHITE,CAUCASIAN,SCHE 1 WITH SEX
2012-2013,APR,PAPER,DP-PRE,DP DENIED,REGULAR,,AFFIRMED,ONT,NOT APPLICABLE,FEDERAL,DETERMINATE,MALE,WHITE,CAUCASIAN,SCHE 1 WITH SEX
2012-2013,JUN,PAPER,DP-PRE,DP DENIED,REGULAR,,AFFIRMED,ATL,NOT APPLICABLE,PROVINCIAL,DETERMINATE,MALE,WHITE,CAUCASIAN,SCHE 1 W/O SEX
2012-2013,JUN,PAPER,DP-PRE,DP DENIED,REGULAR,,AFFIRMED,ONT,NOT APPLICABLE,FEDERAL,DETERMINATE,MALE,WHITE,CAUCASIAN,SCHEDULE 2
2012-2013,MAY,PAPER,DP-PRE,DP DENIED,REGULAR,,AFFIRMED,PRA,EDMONTON,FEDERAL,DETERMINATE,MALE,WHITE,CAUCASIAN,SCHE 1 W/O SEX
2012-2013,JUN,PAPER,DP-PRE,DP DENIED,REGULAR,,AFFIRMED,PAC,NOT APPLICABLE,FEDERAL,DETERMINATE,MALE,WHITE,CAUCASIAN,SCHE 1 W/O SEX
2012-2013,JUL,PAPER,DP-PRE,DP DENIED,REGULAR,,AFFIRMED,ONT,NOT APPLICABLE,FEDERAL,DETERMINATE,MALE,WHITE,CAUCASIAN,SCHE 1 WITH SEX
2012-2013,DEC,PAPER,DP-PRE,DP DENIED,REGULAR,,AFFIRMED,QUE,NOT APPLICABLE,FEDERAL,DETERMINATE,MALE,WHITE,CAUCASIAN,SCHEDULE 2
2012-2013,MAY,PAPER,DP-PRE,DP DENIED,REGULAR,,AFFIRMED,QUE,NOT APPLICABLE,FEDERAL,DETERMINATE,MALE,WHITE,CAUCASIAN,NON SCHEDULE
2012-2013,JUL,PAPER,DP-PRE,DP DENIED,REGULAR,,AFFIRMED,QUE,NOT APPLICABLE,FEDERAL,DETERMINATE,MALE,WHITE,CAUCASIAN,SCHE 1 W/O SEX
2012-2013,MAY,PAPER,DP-PRE,DP DENIED,REGULAR,,AFFIRMED,ATL,NOT APPLICABLE,FEDERAL,DETERMINATE,MALE,WHITE,CAUCASIAN,SCHEDULE 2
2012-2013,DEC,PAPER,DP-PRE,DP DENIED,REGULAR,,AFFIRMED,QUE,NOT APPLICABLE,FEDERAL,DETERMINATE,MALE,WHITE,CAUCASIAN,SCHE 1 W/O SEX
2012-2013,APR,PAPER,DP-PRE,DP DENIED,REGULAR,,AFFIRMED,PAC,NOT APPLICABLE,PROVINCIAL,DETERMINATE,MALE,WHITE,CAUCASIAN,NON SCHEDULE
2012-2013,NOV,PAPER,DP-PRE,DP DENIED,REGULAR,,AFFIRMED,ONT,NOT APPLICABLE,FEDERAL,DETERMINATE,MALE,WHITE,CAUCASIAN,SCHEDULE 2
2012-2013,JAN,PAPER,DP-PRE,DP DENIED,REGULAR,,AFFIRMED,PAC,NOT APPLICABLE,FEDERAL,DETERMINATE,MALE,WHITE,CAUCASIAN,NON SCHEDULE
2012-2013,APR,PAPER,DP-PRE,DP DENIED,REGULAR,,AFFIRMED,QUE,NOT APPLICABLE,FEDERAL,DETERMINATE,MALE,WHITE,CAUCASIAN,NON SCHEDULE
2012-2013,JUN,PAPER,DP-PRE,DP DENIED,REGULAR,,AFFIRMED,ONT,NOT APPLICABLE,FEDERAL,DETERMINATE,MALE,WHITE,CAUCASIAN,SCHEDULE 2
2012-2013,NOV,PAPER,DP-PRE,DP DENIED,REGULAR,,AFFIRMED,PRA,EDMONTON,FEDERAL,DETERMINATE,FEMALE,WHITE,CAUCASIAN,SCHEDULE 2
2012-2013,FEB,PAPER,DP-PRE,DP DENIED,REGULAR,,AFFIRMED,ONT,NOT APPLICABLE,FEDERAL,DETERMINATE,MALE,WHITE,CAUCASIAN,NON SCHEDULE
2012-2013,JUN,PAPER,DP-PRE,DP DENIED,REGULAR,,AFFIRMED,ONT,NOT APPLICABLE,FEDERAL,DETERMINATE,MALE,WHITE,CAUCASIAN,NON SCHEDULE
2012-2013,FEB,PAPER,DP-PRE,DP DENIED,REGULAR,,AFFIRMED,ONT,NOT APPLICABLE,FEDERAL,DETERMINATE,MALE,WHITE,CAUCASIAN,SCHE 1 W/O SEX
2012-2013,JAN,PAPER,DP-PRE,DP DENIED,REGULAR,,AFFIRMED,QUE,NOT APPLICABLE,FEDERAL,DETERMINATE,MALE,WHITE,CAUCASIAN,SCHEDULE 2
2012-2013,OCT,PAPER,DP-PRE,DP DENIED,REGULAR,,AFFIRMED,ONT,NOT APPLICABLE,FEDERAL,DETERMINATE,MALE,WHITE,CAUCASIAN,SCHEDULE 2
2012-2013,DEC,PAPER,DP-PRE,DP DENIED,REGULAR,,AFFIRMED,ATL,NOT APPLICABLE,PROVINCIAL,DETERMINATE,MALE,WHITE,CAUCASIAN,NON SCHEDULE
2012-2013,OCT,PAPER,DP-PRE,DP DENIED,REGULAR,,AFFIRMED,QUE,NOT APPLICABLE,FEDERAL,DETERMINATE,MALE,WHITE,CAUCASIAN,SCHE 1 WITH SEX
2012-2013,JAN,PAPER,DP-PRE,DP DENIED,REGULAR,,AFFIRMED,QUE,NOT APPLICABLE,FEDERAL,DETERMINATE,MALE,WHITE,CAUCASIAN,SCHEDULE 2
2012-2013,JAN,PAPER,DP-PRE,DP DENIED,REGULAR,,AFFIRMED,PRA,SASKATOON,FEDERAL,DETERMINATE,MALE,WHITE,CAUCASIAN,SCHE 1 W/O SEX
2012-2013,MAY,PAPER,DP-PRE,DP DENIED,REGULAR,,AFFIRMED,ONT,NOT APPLICABLE,FEDERAL,DETERMINATE,MALE,WHITE,CAUCASIAN,SCHEDULE 2
2012-2013,MAY,PAPER,DP-PRE,DP DENIED,REGULAR,,AFFIRMED,PRA,EDMONTON,FEDERAL,DETERMINATE,MALE,WHITE,CAUCASIAN,SCHEDULE 2
2012-2013,DEC,PAPER,DP-PRE,DP DENIED,REGULAR,,AFFIRMED,PAC,NOT APPLICABLE,PROVINCIAL,DETERMINATE,MALE,WHITE,CAUCASIAN,NON SCHEDULE
2012-2013,MAY,PAPER,DP-PRE,DP DENIED,REGULAR,,AFFIRMED,QUE,NOT APPLICABLE,FEDERAL,DETERMINATE,MALE,WHITE,CAUCASIAN,NON SCHEDULE
2012-2013,OCT,PAPER,DP-PRE,DP DENIED,REGULAR,,AFFIRMED,PRA,EDMONTON,FEDERAL,DETERMINATE,MALE,WHITE,CAUCASIAN,NON SCHEDULE
2012-2013,JAN,PAPER,DP-PRE,DP DENIED,REGULAR,,AFFIRMED,PRA,EDMONTON,FEDERAL,DETERMINATE,FEMALE,WHITE,CAUCASIAN,SCHE 1 W/O SEX
2012-2013,JAN,PAPER,DP-PRE,DP DENIED,REGULAR,,AFFIRMED,ATL,NOT APPLICABLE,PROVINCIAL,DETERMINATE,MALE,WHITE,CAUCASIAN,SCHEDULE 2
2012-2013,JUL,PAPER,DP-PRE,DP DENIED,REGULAR,,AFFIRMED,PRA,EDMONTON,PROVINCIAL,DETERMINATE,MALE,WHITE,CAUCASIAN,SCHE 1 WITH SEX
2012-2013,SEP,PAPER,DP-PRE,DP DENIED,REGULAR,,AFFIRMED,ONT,NOT APPLICABLE,FEDERAL,DETERMINATE,MALE,WHITE,CAUCASIAN,SCHEDULE 2
2012-2013,JAN,PAPER,DP-PRE,DP DENIED,REGULAR,,AFFIRMED,PRA,SASKATOON,PROVINCIAL,DETERMINATE,FEMALE,WHITE,CAUCASIAN,SCHE 1 W/O SEX
2012-2013,JUL,PAPER,DP-PRE,DP DENIED,REGULAR,,AFFIRMED,PRA,EDMONTON,FEDERAL,DETERMINATE,MALE,WHITE,CAUCASIAN,SCHE 1 WITH SEX
2012-2013,DEC,PAPER,DP-PRE,DP DENIED,REGULAR,,AFFIRMED,QUE,NOT APPLICABLE,FEDERAL,INDETERMINATE,MALE,WHITE,CAUCASIAN,SCHE 1 WITH SEX
2012-2013,FEB,PAPER,DP-PRE,DP DENIED,REGULAR,,AFFIRMED,ONT,NOT APPLICABLE,FEDERAL,INDETERMINATE,MALE,WHITE,CAUCASIAN,SCHE 1 WITH SEX
2012-2013,JAN,PAPER,DP-PRE,DP DENIED,REGULAR,,AFFIRMED,PAC,NOT APPLICABLE,FEDERAL,INDETERMINATE,MALE,WHITE,CAUCASIAN,SCHE 1 WITH SEX
2012-2013,JUL,PAPER,DP-PRE,DP DENIED,REGULAR,,AFFIRMED,PRA,SASKATOON,FEDERAL,INDETERMINATE,MALE,WHITE,CAUCASIAN,SCHE 1 WITH SEX
2012-2013,AUG,PAPER,DP-PRE,DP DENIED,REGULAR,,AFFIRMED,ONT,NOT APPLICABLE,FEDERAL,INDETERMINATE,MALE,WHITE,CAUCASIAN,SCHE 1 W/O SEX
2012-2013,AUG,PAPER,DP-PRE,DP DENIED,REGULAR,,AFFIRMED,PAC,NOT APPLICABLE,FEDERAL,INDETERMINATE,MALE,WHITE,CAUCASIAN,SCHE 1 WITH SEX
2012-2013,DEC,PAPER,DP-PRE,DP DENIED,REGULAR,,AFFIRMED,PRA,EDMONTON,FEDERAL,INDETERMINATE,MALE,WHITE,CAUCASIAN,SCHE 1 WITH SEX
2012-2013,OCT,PAPER,DP-PRE,DP DENIED,REGULAR,,AFFIRMED,QUE,NOT APPLICABLE,FEDERAL,INDETERMINATE,MALE,WHITE,CAUCASIAN,MURDER 2
2012-2013,NOV,PAPER,DP-PRE,DP DENIED,REGULAR,,AFFIRMED,ONT,NOT APPLICABLE,FEDERAL,INDETERMINATE,MALE,WHITE,CAUCASIAN,MURDER 1
2012-2013,JUN,PAPER,DP-PRE,DP DENIED,REGULAR,,AFFIRMED,PAC,NOT APPLICABLE,FEDERAL,INDETERMINATE,MALE,WHITE,CAUCASIAN,MURDER 2
2012-2013,SEP,PAPER,DP-PRE,DP DENIED,REGULAR,,AFFIRMED,PRA,SASKATOON,FEDERAL,INDETERMINATE,MALE,WHITE,CAUCASIAN,MURDER 2
2012-2013,NOV,PAPER,DP-PRE,DP DENIED,REGULAR,,AFFIRMED,QUE,NOT APPLICABLE,FEDERAL,INDETERMINATE,MALE,WHITE,CAUCASIAN,MURDER 2
2012-2013,FEB,PAPER,DP-PRE,DP DENIED,REGULAR,,AFFIRMED,PRA,EDMONTON,FEDERAL,INDETERMINATE,MALE,WHITE,CAUCASIAN,MURDER 2
2012-2013,NOV,PAPER,DP-PRE,DP DENIED,REGULAR,,AFFIRMED,QUE,NOT APPLICABLE,FEDERAL,INDETERMINATE,MALE,WHITE,CAUCASIAN,MURDER 2
2012-2013,NOV,PAPER,DP-PRE,DP DENIED,REGULAR,,AFFIRMED,QUE,NOT APPLICABLE,FEDERAL,INDETERMINATE,MALE,WHITE,CAUCASIAN,MURDER 1
2012-2013,SEP,PAPER,DP-PRE,DP DENIED,REGULAR,,AFFIRMED,QUE,NOT APPLICABLE,FEDERAL,INDETERMINATE,MALE,WHITE,CAUCASIAN,MURDER 2
2012-2013,AUG,PAPER,DP-PRE,DP DENIED,REGULAR,,AFFIRMED,ATL,NOT APPLICABLE,FEDERAL,INDETERMINATE,MALE,WHITE,CAUCASIAN,MURDER 2
2012-2013,NOV,PAPER,DP-PRE,DP DENIED,REGULAR,,AFFIRMED,PAC,NOT APPLICABLE,FEDERAL,INDETERMINATE,MALE,WHITE,CAUCASIAN,MURDER 2
2012-2013,MAR,PAPER,DP-PRE,DP DENIED,REGULAR,,AFFIRMED,QUE,NOT APPLICABLE,FEDERAL,INDETERMINATE,MALE,WHITE,CAUCASIAN,MURDER 1
2012-2013,OCT,PAPER,DP-PRE,DP DENIED,REGULAR,,AFFIRMED,QUE,NOT APPLICABLE,FEDERAL,INDETERMINATE,MALE,WHITE,CAUCASIAN,MURDER 2
2012-2013,NOV,PAPER,DP-PRE,DP DENIED,REGULAR,,AFFIRMED,PAC,NOT APPLICABLE,FEDERAL,INDETERMINATE,MALE,WHITE,CAUCASIAN,MURDER 2
2012-2013,DEC,PAPER,DP-PRE,DP DENIED,REGULAR,,AFFIRMED,ATL,NOT APPLICABLE,FEDERAL,INDETERMINATE,MALE,WHITE,CAUCASIAN,MURDER 2
2012-2013,JUL,PAPER,DP-PRE,DP DENIED,REGULAR,,AFFIRMED,QUE,NOT APPLICABLE,FEDERAL,INDETERMINATE,MALE,WHITE,CAUCASIAN,MURDER 2
2012-2013,NOV,PAPER,DP-PRE,DP DENIED,REGULAR,,AFFIRMED,PAC,NOT APPLICABLE,FEDERAL,INDETERMINATE,MALE,WHITE,CAUCASIAN,MURDER 2
2012-2013,JAN,PAPER,DP-PRE,DP DENIED,REGULAR,,AFFIRMED,PAC,NOT APPLICABLE,FEDERAL,INDETERMINATE,MALE,EAST INDIAN,OTHER/UNKNOWN,MURDER 1
2012-2013,AUG,PAPER,DP-PRE,DP DENIED,REGULAR,,AFFIRMED,ONT,NOT APPLICABLE,FEDERAL,DETERMINATE,MALE,INUIT,ABORIGINAL,SCHE 1 W/O SEX
2012-2013,OCT,PAPER,DP-PRE,DP DENIED,REGULAR,,AFFIRMED,QUE,NOT APPLICABLE,FEDERAL,INDETERMINATE,MALE,INUIT,ABORIGINAL,SCHE 1 WITH SEX
2012-2013,MAR,PAPER,DP-PRE,DP DENIED,REGULAR,,AFFIRMED,QUE,NOT APPLICABLE,FEDERAL,DETERMINATE,MALE,METIS,ABORIGINAL,SCHE 1 W/O SEX
2012-2013,OCT,PAPER,DP-PRE,DP DENIED,REGULAR,,AFFIRMED,PRA,EDMONTON,FEDERAL,DETERMINATE,MALE,METIS,ABORIGINAL,SCHE 1 W/O SEX
2012-2013,JUL,PAPER,DP-PRE,DP DENIED,REGULAR,,AFFIRMED,QUE,NOT APPLICABLE,FEDERAL,DETERMINATE,MALE,METIS,ABORIGINAL,NON SCHEDULE
2012-2013,MAR,PAPER,DP-PRE,DP DENIED,REGULAR,,AFFIRMED,PAC,NOT APPLICABLE,PROVINCIAL,DETERMINATE,MALE,METIS,ABORIGINAL,SCHE 1 W/O SEX
2012-2013,OCT,PAPER,DP-PRE,DP DENIED,REGULAR,,AFFIRMED,QUE,NOT APPLICABLE,FEDERAL,DETERMINATE,MALE,METIS,ABORIGINAL,SCHE 1 W/O SEX
2012-2013,NOV,PAPER,DP-PRE,DP DENIED,REGULAR,,AFFIRMED,QUE,NOT APPLICABLE,FEDERAL,DETERMINATE,MALE,METIS,ABORIGINAL,SCHE 1 WITH SEX
2012-2013,JUN,PAPER,DP-PRE,DP DENIED,REGULAR,,AFFIRMED,ONT,NOT APPLICABLE,FEDERAL,INDETERMINATE,MALE,METIS,ABORIGINAL,SCHE 1 W/O SEX
2012-2013,NOV,PAPER,DP-PRE,DP DENIED,REGULAR,,AFFIRMED,PAC,NOT APPLICABLE,FEDERAL,INDETERMINATE,MALE,METIS,ABORIGINAL,MURDER 2
2012-2013,SEP,PAPER,DP-PRE,DP DENIED,REGULAR,,AFFIRMED,ONT,NOT APPLICABLE,FEDERAL,INDETERMINATE,MALE,METIS,ABORIGINAL,MURDER 2
2012-2013,SEP,PAPER,DP-PRE,DP DENIED,REGULAR,,AFFIRMED,ONT,NOT APPLICABLE,FEDERAL,INDETERMINATE,MALE,METIS,ABORIGINAL,MURDER 1
2012-2013,FEB,PAPER,DP-PRE,DP DENIED,REGULAR,,AFFIRMED,QUE,NOT APPLICABLE,FEDERAL,INDETERMINATE,MALE,METIS,ABORIGINAL,MURDER 1
2012-2013,FEB,PAPER,DP-PRE,DP DENIED,REGULAR,,AFFIRMED,PRA,EDMONTON,FEDERAL,INDETERMINATE,MALE,METIS,ABORIGINAL,MURDER 1
2012-2013,DEC,PAPER,DP-PRE,DP DENIED,REGULAR,,AFFIRMED,PRA,SASKATOON,FEDERAL,DETERMINATE,MALE,NORTH AMERICAN,ABORIGINAL,NON SCHEDULE
2012-2013,AUG,PAPER,DP-PRE,DP DENIED,REGULAR,,AFFIRMED,PAC,NOT APPLICABLE,PROVINCIAL,DETERMINATE,MALE,NORTH AMERICAN,ABORIGINAL,SCHE 1 W/O SEX
2012-2013,APR,PAPER,DP-PRE,DP DENIED,REGULAR,,AFFIRMED,ONT,NOT APPLICABLE,FEDERAL,DETERMINATE,MALE,NORTH AMERICAN,ABORIGINAL,NON SCHEDULE
2012-2013,AUG,PAPER,DP-PRE,DP DENIED,REGULAR,,AFFIRMED,PRA,EDMONTON,FEDERAL,DETERMINATE,FEMALE,NORTH AMERICAN,ABORIGINAL,SCHE 1 W/O SEX
2012-2013,MAY,PAPER,DP-PRE,DP DENIED,REGULAR,,AFFIRMED,PAC,NOT APPLICABLE,FEDERAL,DETERMINATE,MALE,NORTH AMERICAN,ABORIGINAL,NON SCHEDULE
2012-2013,OCT,PAPER,DP-PRE,DP DENIED,REGULAR,,AFFIRMED,ONT,NOT APPLICABLE,FEDERAL,DETERMINATE,FEMALE,NORTH AMERICAN,ABORIGINAL,SCHE 1 W/O SEX
2012-2013,NOV,PAPER,DP-PRE,DP DENIED,REGULAR,,AFFIRMED,PRA,SASKATOON,FEDERAL,DETERMINATE,MALE,NORTH AMERICAN,ABORIGINAL,SCHE 1 W/O SEX
2012-2013,JUL,PAPER,DP-PRE,DP DENIED,REGULAR,,AFFIRMED,PRA,EDMONTON,FEDERAL,DETERMINATE,MALE,NORTH AMERICAN,ABORIGINAL,SCHE 1 W/O SEX
2012-2013,JAN,PAPER,DP-PRE,DP DENIED,REGULAR,,AFFIRMED,PRA,EDMONTON,PROVINCIAL,DETERMINATE,MALE,NORTH AMERICAN,ABORIGINAL,NON SCHEDULE
2012-2013,DEC,PAPER,DP-PRE,DP DENIED,REGULAR,,AFFIRMED,PRA,EDMONTON,FEDERAL,DETERMINATE,MALE,NORTH AMERICAN,ABORIGINAL,NON SCHEDULE
2012-2013,NOV,PAPER,DP-PRE,DP DENIED,REGULAR,,AFFIRMED,PRA,SASKATOON,FEDERAL,DETERMINATE,MALE,NORTH AMERICAN,ABORIGINAL,SCHE 1 WITH SEX
2012-2013,MAR,PAPER,DP-PRE,DP DENIED,REGULAR,,AFFIRMED,ATL,NOT APPLICABLE,FEDERAL,DETERMINATE,MALE,NORTH AMERICAN,ABORIGINAL,SCHE 1 W/O SEX
2012-2013,DEC,PAPER,DP-PRE,DP DENIED,REGULAR,,AFFIRMED,QUE,NOT APPLICABLE,FEDERAL,INDETERMINATE,MALE,NORTH AMERICAN,ABORIGINAL,SCHE 1 W/O SEX
2012-2013,JUN,PAPER,DP-PRE,DP DENIED,REGULAR,,AFFIRMED,ONT,NOT APPLICABLE,FEDERAL,INDETERMINATE,MALE,NORTH AMERICAN,ABORIGINAL,SCHE 1 W/O SEX
2012-2013,JAN,PAPER,DP-PRE,DP DENIED,REGULAR,,AFFIRMED,ONT,NOT APPLICABLE,FEDERAL,INDETERMINATE,MALE,NORTH AMERICAN,ABORIGINAL,MURDER 2
2012-2013,JUN,PAPER,DP-PRE,DP DENIED,REGULAR,,AFFIRMED,ONT,NOT APPLICABLE,FEDERAL,INDETERMINATE,MALE,NORTH AMERICAN,ABORIGINAL,MURDER 2
2012-2013,NOV,PAPER,DP-PRE,DP DENIED,REGULAR,,AFFIRMED,QUE,NOT APPLICABLE,FEDERAL,INDETERMINATE,MALE,NORTH AMERICAN,ABORIGINAL,MURDER 2
2012-2013,FEB,PAPER,DP-PRE,DP DENIED,REGULAR,,AFFIRMED,PAC,NOT APPLICABLE,FEDERAL,DETERMINATE,MALE,CHINESE,ASIAN,SCHEDULE 2
2012-2013,OCT,PAPER,DP-PRE,DP DENIED,REGULAR,,AFFIRMED,QUE,NOT APPLICABLE,FEDERAL,INDETERMINATE,MALE,KOREAN,ASIAN,SCHE 1 WITH SEX
2012-2013,SEP,PAPER,DP-PRE,DP DENIED,REGULAR,,AFFIRMED,QUE,NOT APPLICABLE,FEDERAL,DETERMINATE,MALE,LATIN AMERICAN,OTHER/UNKNOWN,NON SCHEDULE
2012-2013,JUN,PAPER,DP-PRE,DP DENIED,REGULAR,,AFFIRMED,PRA,EDMONTON,FEDERAL,DETERMINATE,FEMALE,LATIN AMERICAN,OTHER/UNKNOWN,SCHEDULE 2
2012-2013,JAN,PAPER,DP-PRE,DP DENIED,REGULAR,,AFFIRMED,ONT,NOT APPLICABLE,FEDERAL,DETERMINATE,FEMALE,SOUTH ASIAN,ASIAN,SCHEDULE 2
2012-2013,NOV,PAPER,DP-PRE,DP DENIED,REGULAR,,AFFIRMED,PAC,NOT APPLICABLE,FEDERAL,DETERMINATE,MALE,SOUTH ASIAN,ASIAN,SCHE 1 W/O SEX
2012-2013,OCT,PAPER,DP-PRE,DP DENIED,REGULAR,,AFFIRMED,PRA,SASKATOON,FEDERAL,DETERMINATE,MALE,SOUTH ASIAN,ASIAN,SCHEDULE 2
2012-2013,SEP,PAPER,DP-PRE,DP DENIED,REGULAR,,AFFIRMED,PAC,NOT APPLICABLE,PROVINCIAL,DETERMINATE,MALE,SOUTH ASIAN,ASIAN,SCHE 1 W/O SEX
2012-2013,AUG,PAPER,DP-PRE,DP DENIED,REGULAR,,AFFIRMED,ONT,NOT APPLICABLE,FEDERAL,DETERMINATE,MALE,S. E. ASIAN,ASIAN,NON SCHEDULE
2012-2013,AUG,PAPER,DP-PRE,DP DENIED,REGULAR,,AFFIRMED,ONT,NOT APPLICABLE,FEDERAL,DETERMINATE,MALE,MULTIRAC/ETHNIC,OTHER/UNKNOWN,SCHE 1 W/O SEX
2012-2013,MAY,PAPER,DP-PRE,DP DENIED,REGULAR,,PAN.HEAR.ORDER.,ONT,NOT APPLICABLE,FEDERAL,DETERMINATE,MALE,BLACK,BLACK,SCHEDULE 2
2012-2013,DEC,PAPER,DP-PRE,DP DENIED,REGULAR,,PAN.HEAR.ORDER.,ONT,NOT APPLICABLE,FEDERAL,DETERMINATE,MALE,WHITE,CAUCASIAN,SCHEDULE 2
2012-2013,MAY,PAPER,DP-PRE,DP DENIED,REGULAR,,PAN.HEAR.ORDER.,QUE,NOT APPLICABLE,FEDERAL,DETERMINATE,MALE,WHITE,CAUCASIAN,SCHE 1 W/O SEX
2012-2013,MAY,PAPER,DP-PRE,DP DENIED,REGULAR,,PAN.HEAR.ORDER.,PRA,SASKATOON,FEDERAL,DETERMINATE,MALE,WHITE,CAUCASIAN,SCHEDULE 2
2012-2013,JAN,PAPER,DP-PRE,DP DENIED,REGULAR,,PAN.HEAR.ORDER.,QUE,NOT APPLICABLE,FEDERAL,DETERMINATE,MALE,WHITE,CAUCASIAN,SCHE 1 W/O SEX
2012-2013,MAY,PAPER,DP-PRE,DP DENIED,REGULAR,,PAN.HEAR.ORDER.,PRA,EDMONTON,FEDERAL,DETERMINATE,MALE,WHITE,CAUCASIAN,NON SCHEDULE
2012-2013,DEC,PAPER,DP-PRE,DP DENIED,REGULAR,,PAN.HEAR.ORDER.,PRA,EDMONTON,FEDERAL,DETERMINATE,MALE,WHITE,CAUCASIAN,SCHEDULE 2
2012-2013,APR,PAPER,DP-PRE,DP DENIED,REGULAR,,PAN.HEAR.ORDER.,ONT,NOT APPLICABLE,FEDERAL,DETERMINATE,MALE,WHITE,CAUCASIAN,NON SCHEDULE
2012-2013,DEC,PAPER,DP-PRE,DP DENIED,REGULAR,,PAN.HEAR.ORDER.,ONT,NOT APPLICABLE,FEDERAL,DETERMINATE,FEMALE,WHITE,CAUCASIAN,SCHEDULE 2
2012-2013,DEC,PAPER,DP-PRE,DP DENIED,REGULAR,,PAN.HEAR.ORDER.,QUE,NOT APPLICABLE,FEDERAL,DETERMINATE,MALE,WHITE,CAUCASIAN,SCHEDULE 2
2012-2013,OCT,PAPER,DP-PRE,DP DENIED,REGULAR,,PAN.HEAR.ORDER.,ONT,NOT APPLICABLE,FEDERAL,INDETERMINATE,MALE,INUIT,ABORIGINAL,MURDER 2
2012-2013,NOV,PAPER,DP-PRE,DP DENIED,REGULAR,,PAN.HEAR.ORDER.,QUE,NOT APPLICABLE,FEDERAL,DETERMINATE,MALE,METIS,ABORIGINAL,NON SCHEDULE
2012-2013,JUL,PAPER,DP-PRE,DP DENIED,REGULAR,,PAN.HEAR.ORDER.,PRA,EDMONTON,FEDERAL,DETERMINATE,FEMALE,NORTH AMERICAN,ABORIGINAL,SCHE 1 W/O SEX
2012-2013,FEB,PAPER,DP-PRE,DP DENIED,REGULAR,,PAN.HEAR.ORDER.,ONT,NOT APPLICABLE,FEDERAL,INDETERMINATE,MALE,NORTH AMERICAN,ABORIGINAL,MURDER 2
2012-2013,SEP,PAPER,DP-PRE,DP DENIED,REGULAR,,PAN.HEAR.ORDER.,PRA,SASKATOON,FEDERAL,INDETERMINATE,MALE,NORTH AMERICAN,ABORIGINAL,MURDER 2
2012-2013,SEP,PAPER,DP-PRE,DP DENIED,REGULAR,,PAN.HEAR.ORDER.,ONT,NOT APPLICABLE,FEDERAL,INDETERMINATE,MALE,OTHER,OTHER/UNKNOWN,MURDER 2
2012-2013,SEP,PAPER,DP-PRE,DP DENIED,REGULAR,,PAN.HEAR.ORDER.,PAC,NOT APPLICABLE,FEDERAL,DETERMINATE,MALE,CHINESE,ASIAN,SCHE 1 W/O SEX
2012-2013,JUN,PAPER,DP-PRE,DP DENIED,REGULAR,,REVIEW ORDERED,ATL,NOT APPLICABLE,PROVINCIAL,DETERMINATE,MALE,WHITE,CAUCASIAN,NON SCHEDULE
2012-2013,APR,PAPER,DP-PRE,DP DENIED,REGULAR,,REVIEW ORDERED,PAC,NOT APPLICABLE,PROVINCIAL,DETERMINATE,MALE,WHITE,CAUCASIAN,SCHEDULE 2
2012-2013,APR,PAPER,DP-PRE,DP DENIED,REGULAR,,REVIEW ORDERED,PRA,EDMONTON,PROVINCIAL,DETERMINATE,MALE,WHITE,CAUCASIAN,NON SCHEDULE
2012-2013,SEP,PAPER,DP-PRE,DP DENIED,REGULAR,,REVIEW ORDERED,ATL,NOT APPLICABLE,PROVINCIAL,DETERMINATE,MALE,WHITE,CAUCASIAN,SCHEDULE 2
2012-2013,NOV,PAPER,DP-PRE,DP GRANT CANC.,REGULAR,,CANCELLED,PRA,EDMONTON,FEDERAL,DETERMINATE,MALE,WHITE,CAUCASIAN,SCHE 1 W/O SEX
2012-2013,MAY,PAPER,DP-PRE,DP.GT.CANC.CONF,REGULAR,,AFFIRMED,PRA,SASKATOON,FEDERAL,DETERMINATE,MALE,METIS,ABORIGINAL,SCHEDULE 2
2012-2013,SEP,PAPER,DP-POST,DP REVOKED,REGULAR,,AFFIRMED,ATL,NOT APPLICABLE,FEDERAL,DETERMINATE,MALE,BLACK,BLACK,SCHE 1 W/O SEX
2012-2013,SEP,PAPER,DP-POST,DP REVOKED,REGULAR,,AFFIRMED,ONT,NOT APPLICABLE,FEDERAL,DETERMINATE,MALE,BLACK,BLACK,NON SCHEDULE
2012-2013,SEP,PAPER,DP-POST,DP REVOKED,REGULAR,,AFFIRMED,PRA,SASKATOON,FEDERAL,DETERMINATE,MALE,WHITE,CAUCASIAN,SCHE 1 WITH SEX
2012-2013,JUL,PAPER,DP-POST,DP REVOKED,REGULAR,,AFFIRMED,PRA,SASKATOON,FEDERAL,DETERMINATE,MALE,WHITE,CAUCASIAN,SCHE 1 W/O SEX
2012-2013,OCT,PAPER,DP-POST,DP REVOKED,REGULAR,,AFFIRMED,QUE,NOT APPLICABLE,FEDERAL,DETERMINATE,MALE,WHITE,CAUCASIAN,SCHE 1 W/O SEX
2012-2013,DEC,PAPER,DP-POST,DP REVOKED,REGULAR,,AFFIRMED,QUE,NOT APPLICABLE,FEDERAL,DETERMINATE,MALE,WHITE,CAUCASIAN,SCHEDULE 2
2012-2013,JAN,PAPER,DP-POST,DP REVOKED,REGULAR,,AFFIRMED,PAC,NOT APPLICABLE,FEDERAL,DETERMINATE,MALE,WHITE,CAUCASIAN,SCHE 1 W/O SEX
2012-2013,NOV,PAPER,DP-POST,DP REVOKED,REGULAR,,AFFIRMED,PRA,SASKATOON,FEDERAL,DETERMINATE,MALE,WHITE,CAUCASIAN,SCHE 1 W/O SEX
2012-2013,JUN,PAPER,DP-POST,DP REVOKED,REGULAR,,AFFIRMED,PRA,EDMONTON,FEDERAL,DETERMINATE,MALE,WHITE,CAUCASIAN,NON SCHEDULE
2012-2013,OCT,PAPER,DP-POST,DP REVOKED,REGULAR,,AFFIRMED,PRA,EDMONTON,FEDERAL,DETERMINATE,FEMALE,WHITE,CAUCASIAN,SCHEDULE 2
2012-2013,JAN,PAPER,DP-POST,DP REVOKED,REGULAR,,AFFIRMED,ATL,NOT APPLICABLE,FEDERAL,DETERMINATE,MALE,WHITE,CAUCASIAN,SCHEDULE 2
2012-2013,JUN,PAPER,DP-POST,DP REVOKED,REGULAR,,AFFIRMED,PRA,EDMONTON,FEDERAL,DETERMINATE,MALE,WHITE,CAUCASIAN,SCHE 1 W/O SEX
2012-2013,JUN,PAPER,DP-POST,DP REVOKED,REGULAR,,AFFIRMED,PRA,SASKATOON,FEDERAL,DETERMINATE,MALE,WHITE,CAUCASIAN,SCHE 1 WITH SEX
2012-2013,DEC,PAPER,DP-POST,DP REVOKED,REGULAR,,AFFIRMED,ONT,NOT APPLICABLE,FEDERAL,INDETERMINATE,MALE,WHITE,CAUCASIAN,SCHE 1 W/O SEX
2012-2013,OCT,PAPER,DP-POST,DP REVOKED,REGULAR,,AFFIRMED,PRA,EDMONTON,FEDERAL,DETERMINATE,MALE,METIS,ABORIGINAL,SCHEDULE 2
2012-2013,OCT,PAPER,DP-POST,DP REVOKED,REGULAR,,AFFIRMED,PRA,EDMONTON,FEDERAL,DETERMINATE,MALE,NORTH AMERICAN,ABORIGINAL,NON SCHEDULE
2012-2013,JUL,PAPER,DP-POST,DP REVOKED,REGULAR,,AFFIRMED,PAC,NOT APPLICABLE,FEDERAL,DETERMINATE,MALE,NORTH AMERICAN,ABORIGINAL,NON SCHEDULE
2012-2013,JUL,PAPER,DP-POST,DP REVOKED,REGULAR,,AFFIRMED,PAC,NOT APPLICABLE,FEDERAL,INDETERMINATE,MALE,NORTH AMERICAN,ABORIGINAL,MURDER 1
2012-2013,APR,PAPER,DP-POST,DP REVOKED,REGULAR,,AFFIRMED,PRA,EDMONTON,FEDERAL,DETERMINATE,FEMALE,OTHER,OTHER/UNKNOWN,SCHE 1 W/O SEX
2012-2013,OCT,PAPER,DP-POST,DP REVOKED,REGULAR,,AFFIRMED,PRA,SASKATOON,FEDERAL,DETERMINATE,MALE,LATIN AMERICAN,OTHER/UNKNOWN,SCHE 1 W/O SEX
2012-2013,JAN,PAPER,DP-POST,DP REVOKED,REGULAR,,AFFIRMED,ONT,NOT APPLICABLE,FEDERAL,DETERMINATE,MALE,LATIN AMERICAN,OTHER/UNKNOWN,SCHE 1 W/O SEX
2012-2013,MAY,PAPER,DP-POST,DP REVOKED,REGULAR,,PAN.HEAR.ORDER.,QUE,NOT APPLICABLE,FEDERAL,DETERMINATE,MALE,BLACK,BLACK,SCHE 1 W/O SEX
2012-2013,MAY,PAPER,DP-POST,DP REVOKED,REGULAR,,PAN.HEAR.ORDER.,ONT,NOT APPLICABLE,FEDERAL,DETERMINATE,MALE,WHITE,CAUCASIAN,SCHE 1 WITH SEX
2012-2013,APR,PAPER,DP-POST,DP REVOKED,REGULAR,,PAN.HEAR.ORDER.,ATL,NOT APPLICABLE,FEDERAL,DETERMINATE,MALE,WHITE,CAUCASIAN,SCHE 1 W/O SEX
2012-2013,FEB,PAPER,DP-POST,DP REVOKED,REGULAR,,PAN.HEAR.ORDER.,PAC,NOT APPLICABLE,FEDERAL,INDETERMINATE,MALE,WHITE,CAUCASIAN,MURDER 2
2012-2013,OCT,PAPER,DP-POST,DP REVOKED,REGULAR,,PAN.HEAR.ORDER.,QUE,NOT APPLICABLE,FEDERAL,DETERMINATE,FEMALE,INUIT,ABORIGINAL,SCHE 1 W/O SEX
2012-2013,JUL,PAPER,DP-POST,DP REVOKED,REGULAR,,PAN.HEAR.ORDER.,PAC,NOT APPLICABLE,FEDERAL,INDETERMINATE,MALE,METIS,ABORIGINAL,MURDER 2
2012-2013,MAY,PAPER,DP-POST,DP REVOKED,APR,APR-INITIAL,AFFIRMED,ONT,NOT APPLICABLE,FEDERAL,DETERMINATE,MALE,WHITE,CAUCASIAN,SCHE 1 W/O SEX
2012-2013,MAY,PAPER,UTA-PRE,UTA NOT AUTHOR.,REGULAR,,AFFIRMED,ONT,NOT APPLICABLE,FEDERAL,INDETERMINATE,MALE,WHITE,CAUCASIAN,MURDER 2
2012-2013,MAY,PAPER,UTA-PRE,UTA NOT AUTHOR.,REGULAR,,AFFIRMED,ONT,NOT APPLICABLE,FEDERAL,INDETERMINATE,MALE,WHITE,CAUCASIAN,MURDER 2
2012-2013,OCT,PAPER,UTA-PRE,UTA NOT AUTHOR.,REGULAR,,AFFIRMED,ONT,NOT APPLICABLE,FEDERAL,INDETERMINATE,MALE,WHITE,CAUCASIAN,MURDER 2
2012-2013,MAY,PAPER,UTA-PRE,UTA NOT AUTHOR.,REGULAR,,PAN.HEAR.ORDER.,ONT,NOT APPLICABLE,FEDERAL,INDETERMINATE,FEMALE,WHITE,CAUCASIAN,MURDER 2
2012-2013,SEP,PAPER,UTA-PRE,UTA NOT AUTHOR.,REGULAR,,PAN.HEAR.ORDER.,ONT,NOT APPLICABLE,FEDERAL,INDETERMINATE,MALE,OTHER,OTHER/UNKNOWN,MURDER 2
2012-2013,JUN,PAPER,UTA-PRE,UTA NOT AUTHOR.,REGULAR,,AFFIRMED,PRA,SASKATOON,FEDERAL,INDETERMINATE,FEMALE,WHITE,CAUCASIAN,MURDER 2
2012-2013,NOV,PAPER,UTA-PRE,UTA NOT AUTHOR.,REGULAR,,AFFIRMED,PRA,SASKATOON,FEDERAL,INDETERMINATE,MALE,NORTH AMERICAN,ABORIGINAL,MURDER 2
2012-2013,APR,PAPER,UTA-PRE,UTA NOT AUTHOR.,REGULAR,,PAN.HEAR.ORDER.,PAC,NOT APPLICABLE,FEDERAL,INDETERMINATE,MALE,NORTH AMERICAN,ABORIGINAL,MURDER 2
2012-2013,JAN,PAPER,UTA-PRE,UTA NOT AUTHOR.,REGULAR,,AFFIRMED,ONT,NOT APPLICABLE,FEDERAL,INDETERMINATE,MALE,ASIATIC,ASIAN,MURDER 2
2012-2013,MAY,PAPER,UTA-PRE,UTA NOT AUTHOR.,REGULAR,,AFFIRMED,ONT,NOT APPLICABLE,FEDERAL,INDETERMINATE,MALE,WHITE,CAUCASIAN,MURDER 2
2012-2013,MAY,PAPER,UTA-PRE,UTA NOT AUTHOR.,REGULAR,,AFFIRMED,ONT,NOT APPLICABLE,FEDERAL,INDETERMINATE,MALE,WHITE,CAUCASIAN,MURDER 2
2012-2013,OCT,PAPER,UTA-PRE,UTA NOT AUTHOR.,REGULAR,,AFFIRMED,ONT,NOT APPLICABLE,FEDERAL,INDETERMINATE,MALE,WHITE,CAUCASIAN,MURDER 2
2012-2013,SEP,PAPER,UTA-PRE,UTA NOT AUTHOR.,REGULAR,,PAN.HEAR.ORDER.,ONT,NOT APPLICABLE,FEDERAL,INDETERMINATE,MALE,OTHER,OTHER/UNKNOWN,MURDER 2
2012-2013,DEC,PAPER,UTA-PRE,UTA NOT AUTHOR.,REGULAR,,AFFIRMED,ONT,NOT APPLICABLE,FEDERAL,INDETERMINATE,MALE,WHITE,CAUCASIAN,MURDER 2
2012-2013,SEP,PAPER,UTA-PRE,UTA AUT.CAN.PRE,REGULAR,,REVIEW ORDERED,QUE,NOT APPLICABLE,FEDERAL,INDETERMINATE,MALE,WHITE,CAUCASIAN,MURDER 2
2012-2013,OCT,PAPER,SR-POST,SR REVOKED,REGULAR,,AFFIRMED,ONT,NOT APPLICABLE,FEDERAL,DETERMINATE,MALE,ARAB/WEST ASIAN,OTHER/UNKNOWN,SCHE 1 W/O SEX
2012-2013,AUG,PAPER,SR-POST,SR REVOKED,REGULAR,,AFFIRMED,ONT,NOT APPLICABLE,FEDERAL,DETERMINATE,MALE,BLACK,BLACK,SCHE 1 W/O SEX
2012-2013,JUL,PAPER,SR-POST,SR REVOKED,REGULAR,,AFFIRMED,ONT,NOT APPLICABLE,FEDERAL,DETERMINATE,MALE,BLACK,BLACK,SCHEDULE 2
2012-2013,DEC,PAPER,SR-POST,SR REVOKED,REGULAR,,AFFIRMED,QUE,NOT APPLICABLE,FEDERAL,DETERMINATE,MALE,WHITE,CAUCASIAN,SCHE 1 W/O SEX
2012-2013,NOV,PAPER,SR-POST,SR REVOKED,REGULAR,,AFFIRMED,ONT,NOT APPLICABLE,FEDERAL,DETERMINATE,MALE,WHITE,CAUCASIAN,SCHE 1 W/O SEX
2012-2013,JUL,PAPER,SR-POST,SR REVOKED,REGULAR,,AFFIRMED,PRA,EDMONTON,FEDERAL,DETERMINATE,MALE,WHITE,CAUCASIAN,SCHE 1 W/O SEX
2012-2013,JUL,PAPER,SR-POST,SR REVOKED,REGULAR,,AFFIRMED,PAC,NOT APPLICABLE,FEDERAL,DETERMINATE,MALE,WHITE,CAUCASIAN,NON SCHEDULE
2012-2013,MAY,PAPER,SR-POST,SR REVOKED,REGULAR,,AFFIRMED,PAC,NOT APPLICABLE,FEDERAL,DETERMINATE,MALE,WHITE,CAUCASIAN,SCHE 1 W/O SEX
2012-2013,FEB,PAPER,SR-POST,SR REVOKED,REGULAR,,AFFIRMED,ONT,NOT APPLICABLE,FEDERAL,DETERMINATE,MALE,WHITE,CAUCASIAN,NON SCHEDULE
2012-2013,MAR,PAPER,SR-POST,SR REVOKED,REGULAR,,AFFIRMED,ONT,NOT APPLICABLE,FEDERAL,DETERMINATE,MALE,WHITE,CAUCASIAN,SCHE 1 W/O SEX
2012-2013,SEP,PAPER,SR-POST,SR REVOKED,REGULAR,,AFFIRMED,PAC,NOT APPLICABLE,FEDERAL,DETERMINATE,MALE,WHITE,CAUCASIAN,SCHE 1 W/O SEX
2012-2013,FEB,PAPER,SR-POST,SR REVOKED,REGULAR,,AFFIRMED,ONT,NOT APPLICABLE,FEDERAL,DETERMINATE,MALE,WHITE,CAUCASIAN,NON SCHEDULE
2012-2013,FEB,PAPER,SR-POST,SR REVOKED,REGULAR,,AFFIRMED,PAC,NOT APPLICABLE,FEDERAL,DETERMINATE,MALE,WHITE,CAUCASIAN,SCHEDULE 2
2012-2013,FEB,PAPER,SR-POST,SR REVOKED,REGULAR,,AFFIRMED,QUE,NOT APPLICABLE,FEDERAL,DETERMINATE,MALE,WHITE,CAUCASIAN,SCHE 1 W/O SEX
2012-2013,JUL,PAPER,SR-POST,SR REVOKED,REGULAR,,AFFIRMED,ONT,NOT APPLICABLE,FEDERAL,DETERMINATE,MALE,WHITE,CAUCASIAN,SCHE 1 W/O SEX
2012-2013,OCT,PAPER,SR-POST,SR REVOKED,REGULAR,,AFFIRMED,PAC,NOT APPLICABLE,FEDERAL,DETERMINATE,MALE,WHITE,CAUCASIAN,SCHE 1 W/O SEX
2012-2013,FEB,PAPER,SR-POST,SR REVOKED,REGULAR,,AFFIRMED,ATL,NOT APPLICABLE,FEDERAL,DETERMINATE,MALE,WHITE,CAUCASIAN,SCHE 1 W/O SEX
2012-2013,JUL,PAPER,SR-POST,SR REVOKED,REGULAR,,AFFIRMED,QUE,NOT APPLICABLE,FEDERAL,DETERMINATE,MALE,WHITE,CAUCASIAN,SCHE 1 W/O SEX
2012-2013,NOV,PAPER,SR-POST,SR REVOKED,REGULAR,,AFFIRMED,PRA,SASKATOON,FEDERAL,DETERMINATE,MALE,WHITE,CAUCASIAN,SCHE 1 W/O SEX
2012-2013,FEB,PAPER,SR-POST,SR REVOKED,REGULAR,,AFFIRMED,PAC,NOT APPLICABLE,FEDERAL,DETERMINATE,MALE,WHITE,CAUCASIAN,SCHE 1 W/O SEX
2012-2013,DEC,PAPER,SR-POST,SR REVOKED,REGULAR,,AFFIRMED,QUE,NOT APPLICABLE,FEDERAL,DETERMINATE,MALE,WHITE,CAUCASIAN,SCHE 1 W/O SEX
2012-2013,APR,PAPER,SR-POST,SR REVOKED,REGULAR,,AFFIRMED,ONT,NOT APPLICABLE,FEDERAL,DETERMINATE,MALE,WHITE,CAUCASIAN,NON SCHEDULE
2012-2013,FEB,PAPER,SR-POST,SR REVOKED,REGULAR,,AFFIRMED,ONT,NOT APPLICABLE,FEDERAL,DETERMINATE,MALE,WHITE,CAUCASIAN,NON SCHEDULE
2012-2013,MAR,PAPER,SR-POST,SR REVOKED,REGULAR,,AFFIRMED,ONT,NOT APPLICABLE,FEDERAL,DETERMINATE,MALE,WHITE,CAUCASIAN,SCHE 1 W/O SEX
2012-2013,NOV,PAPER,SR-POST,SR REVOKED,REGULAR,,AFFIRMED,QUE,NOT APPLICABLE,FEDERAL,DETERMINATE,MALE,WHITE,CAUCASIAN,SCHE 1 W/O SEX
2012-2013,JUL,PAPER,SR-POST,SR REVOKED,REGULAR,,AFFIRMED,ATL,NOT APPLICABLE,FEDERAL,DETERMINATE,MALE,WHITE,CAUCASIAN,NON SCHEDULE
2012-2013,JUL,PAPER,SR-POST,SR REVOKED,REGULAR,,AFFIRMED,PRA,EDMONTON,FEDERAL,DETERMINATE,MALE,WHITE,CAUCASIAN,SCHE 1 W/O SEX
2012-2013,NOV,PAPER,SR-POST,SR REVOKED,REGULAR,,AFFIRMED,ONT,NOT APPLICABLE,FEDERAL,DETERMINATE,MALE,WHITE,CAUCASIAN,SCHE 1 W/O SEX
2012-2013,SEP,PAPER,SR-POST,SR REVOKED,REGULAR,,AFFIRMED,ATL,NOT APPLICABLE,FEDERAL,DETERMINATE,MALE,WHITE,CAUCASIAN,SCHE 1 W/O SEX
2012-2013,DEC,PAPER,SR-POST,SR REVOKED,REGULAR,,AFFIRMED,ONT,NOT APPLICABLE,FEDERAL,DETERMINATE,MALE,WHITE,CAUCASIAN,NON SCHEDULE
2012-2013,DEC,PAPER,SR-POST,SR REVOKED,REGULAR,,AFFIRMED,QUE,NOT APPLICABLE,FEDERAL,DETERMINATE,MALE,WHITE,CAUCASIAN,SCHE 1 W/O SEX
2012-2013,MAR,PAPER,SR-POST,SR REVOKED,REGULAR,,AFFIRMED,PRA,SASKATOON,FEDERAL,DETERMINATE,MALE,WHITE,CAUCASIAN,SCHE 1 W/O SEX
2012-2013,DEC,PAPER,SR-POST,SR REVOKED,REGULAR,,AFFIRMED,ONT,NOT APPLICABLE,FEDERAL,DETERMINATE,MALE,WHITE,CAUCASIAN,SCHE 1 W/O SEX
2012-2013,JUL,PAPER,SR-POST,SR REVOKED,REGULAR,,AFFIRMED,PRA,SASKATOON,FEDERAL,DETERMINATE,MALE,METIS,ABORIGINAL,NON SCHEDULE
2012-2013,JUN,PAPER,SR-POST,SR REVOKED,REGULAR,,AFFIRMED,PAC,NOT APPLICABLE,FEDERAL,DETERMINATE,MALE,NORTH AMERICAN,ABORIGINAL,SCHE 1 W/O SEX
2012-2013,AUG,PAPER,SR-POST,SR REVOKED,REGULAR,,AFFIRMED,ONT,NOT APPLICABLE,FEDERAL,DETERMINATE,MALE,NORTH AMERICAN,ABORIGINAL,SCHE 1 W/O SEX
2012-2013,JUL,PAPER,SR-POST,SR REVOKED,REGULAR,,AFFIRMED,PAC,NOT APPLICABLE,FEDERAL,DETERMINATE,MALE,NORTH AMERICAN,ABORIGINAL,SCHE 1 W/O SEX
2012-2013,JUN,PAPER,SR-POST,SR REVOKED,REGULAR,,PAN.HEAR.ORDER.,PRA,SASKATOON,FEDERAL,DETERMINATE,MALE,METIS,ABORIGINAL,SCHE 1 W/O SEX
2012-2013,MAR,PAPER,DETENTION,DETENT. ORDERED,REGULAR,,AFFIRMED,ONT,NOT APPLICABLE,FEDERAL,DETERMINATE,MALE,ARAB/WEST ASIAN,OTHER/UNKNOWN,SCHE 1 WITH SEX
2012-2013,SEP,PAPER,DETENTION,DETENT. ORDERED,REGULAR,,AFFIRMED,ONT,NOT APPLICABLE,FEDERAL,DETERMINATE,MALE,BLACK,BLACK,SCHE 1 W/O SEX
2012-2013,DEC,PAPER,DETENTION,DETENT. ORDERED,REGULAR,,AFFIRMED,QUE,NOT APPLICABLE,FEDERAL,DETERMINATE,MALE,BLACK,BLACK,SCHE 1 W/O SEX
2012-2013,JUN,PAPER,DETENTION,DETENT. ORDERED,REGULAR,,AFFIRMED,ONT,NOT APPLICABLE,FEDERAL,DETERMINATE,MALE,BLACK,BLACK,SCHE 1 W/O SEX
2012-2013,APR,PAPER,DETENTION,DETENT. ORDERED,REGULAR,,AFFIRMED,ONT,NOT APPLICABLE,FEDERAL,DETERMINATE,MALE,BLACK,BLACK,SCHE 1 W/O SEX
2012-2013,FEB,PAPER,DETENTION,DETENT. ORDERED,REGULAR,,AFFIRMED,PRA,SASKATOON,FEDERAL,DETERMINATE,MALE,WHITE,CAUCASIAN,SCHE 1 W/O SEX
2012-2013,OCT,PAPER,DETENTION,DETENT. ORDERED,REGULAR,,AFFIRMED,QUE,NOT APPLICABLE,FEDERAL,DETERMINATE,MALE,WHITE,CAUCASIAN,SCHE 1 W/O SEX
2012-2013,DEC,PAPER,DETENTION,DETENT. ORDERED,REGULAR,,AFFIRMED,ATL,NOT APPLICABLE,FEDERAL,DETERMINATE,MALE,WHITE,CAUCASIAN,SCHE 1 W/O SEX
2012-2013,SEP,PAPER,DETENTION,DETENT. ORDERED,REGULAR,,AFFIRMED,PAC,NOT APPLICABLE,FEDERAL,DETERMINATE,MALE,WHITE,CAUCASIAN,SCHEDULE 2
2012-2013,MAY,PAPER,DETENTION,DETENT. ORDERED,REGULAR,,AFFIRMED,PRA,EDMONTON,FEDERAL,DETERMINATE,MALE,WHITE,CAUCASIAN,SCHE 1 W/O SEX
2012-2013,OCT,PAPER,DETENTION,DETENT. ORDERED,REGULAR,,AFFIRMED,ONT,NOT APPLICABLE,FEDERAL,DETERMINATE,MALE,WHITE,CAUCASIAN,SCHE 1 W/O SEX
2012-2013,FEB,PAPER,DETENTION,DETENT. ORDERED,REGULAR,,AFFIRMED,PRA,SASKATOON,FEDERAL,DETERMINATE,MALE,WHITE,CAUCASIAN,SCHE 1 W/O SEX
2012-2013,MAY,PAPER,DETENTION,DETENT. ORDERED,REGULAR,,AFFIRMED,QUE,NOT APPLICABLE,FEDERAL,DETERMINATE,MALE,WHITE,CAUCASIAN,SCHE 1 W/O SEX
2012-2013,SEP,PAPER,DETENTION,DETENT. ORDERED,REGULAR,,AFFIRMED,PRA,SASKATOON,FEDERAL,DETERMINATE,MALE,WHITE,CAUCASIAN,SCHE 1 W/O SEX
2012-2013,JUL,PAPER,DETENTION,DETENT. ORDERED,REGULAR,,AFFIRMED,QUE,NOT APPLICABLE,FEDERAL,DETERMINATE,MALE,WHITE,CAUCASIAN,SCHE 1 W/O SEX
2012-2013,SEP,PAPER,DETENTION,DETENT. ORDERED,REGULAR,,AFFIRMED,QUE,NOT APPLICABLE,FEDERAL,DETERMINATE,MALE,WHITE,CAUCASIAN,SCHE 1 W/O SEX
2012-2013,APR,PAPER,DETENTION,DETENT. ORDERED,REGULAR,,AFFIRMED,ONT,NOT APPLICABLE,FEDERAL,DETERMINATE,MALE,WHITE,CAUCASIAN,SCHE 1 W/O SEX
2012-2013,OCT,PAPER,DETENTION,DETENT. ORDERED,REGULAR,,AFFIRMED,PAC,NOT APPLICABLE,FEDERAL,DETERMINATE,MALE,WHITE,CAUCASIAN,SCHE 1 WITH SEX
2012-2013,JUL,PAPER,DETENTION,DETENT. ORDERED,REGULAR,,AFFIRMED,QUE,NOT APPLICABLE,FEDERAL,DETERMINATE,MALE,INUIT,ABORIGINAL,SCHE 1 WITH SEX
2012-2013,JUN,PAPER,DETENTION,DETENT. ORDERED,REGULAR,,AFFIRMED,PRA,EDMONTON,FEDERAL,DETERMINATE,MALE,METIS,ABORIGINAL,NON SCHEDULE
2012-2013,SEP,PAPER,DETENTION,DETENT. ORDERED,REGULAR,,AFFIRMED,QUE,NOT APPLICABLE,FEDERAL,DETERMINATE,MALE,METIS,ABORIGINAL,SCHE 1 W/O SEX
2012-2013,DEC,PAPER,DETENTION,DETENT. ORDERED,REGULAR,,AFFIRMED,PRA,SASKATOON,FEDERAL,DETERMINATE,MALE,METIS,ABORIGINAL,SCHE 1 W/O SEX
2012-2013,JAN,PAPER,DETENTION,DETENT. ORDERED,REGULAR,,AFFIRMED,PRA,SASKATOON,FEDERAL,DETERMINATE,MALE,METIS,ABORIGINAL,SCHE 1 W/O SEX
2012-2013,SEP,PAPER,DETENTION,DETENT. ORDERED,REGULAR,,AFFIRMED,ONT,NOT APPLICABLE,FEDERAL,DETERMINATE,MALE,S. E. ASIAN,ASIAN,SCHE 1 W/O SEX
2012-2013,SEP,PAPER,DETENTION,DETENT. ORDERED,REGULAR,,PAN.HEAR.ORDER.,QUE,NOT APPLICABLE,FEDERAL,DETERMINATE,MALE,ARAB/WEST ASIAN,OTHER/UNKNOWN,SCHE 1 W/O SEX
2012-2013,JAN,PAPER,DETENTION,DETENT. ORDERED,REGULAR,,PAN.HEAR.ORDER.,QUE,NOT APPLICABLE,FEDERAL,DETERMINATE,MALE,WHITE,CAUCASIAN,SCHE 1 W/O SEX
2012-2013,JUN,PAPER,DETENTION,DETENT. ORDERED,REGULAR,,PAN.HEAR.ORDER.,ONT,NOT APPLICABLE,FEDERAL,DETERMINATE,MALE,WHITE,CAUCASIAN,SCHE 1 W/O SEX
2012-2013,APR,PAPER,DETENTION,DETENT. ORDERED,REGULAR,,PAN.HEAR.ORDER.,ONT,NOT APPLICABLE,FEDERAL,DETERMINATE,MALE,WHITE,CAUCASIAN,SCHE 1 W/O SEX
2012-2013,JUN,PAPER,DETENTION,DETENT. ORDERED,REGULAR,,PAN.HEAR.ORDER.,PRA,EDMONTON,FEDERAL,INDETERMINATE,MALE,WHITE,CAUCASIAN,SCHE 1 WITH SEX
2012-2013,SEP,PAPER,DETENTION,DET ORD.CONFIR.,REGULAR,,AFFIRMED,ONT,NOT APPLICABLE,FEDERAL,DETERMINATE,MALE,BLACK,BLACK,SCHE 1 W/O SEX
2012-2013,APR,PAPER,DETENTION,DET ORD.CONFIR.,REGULAR,,AFFIRMED,PAC,NOT APPLICABLE,FEDERAL,DETERMINATE,MALE,WHITE,CAUCASIAN,SCHE 1 W/O SEX
2012-2013,JUN,PAPER,DETENTION,DET ORD.CONFIR.,REGULAR,,AFFIRMED,QUE,NOT APPLICABLE,FEDERAL,DETERMINATE,MALE,WHITE,CAUCASIAN,SCHE 1 W/O SEX
2012-2013,JAN,PAPER,DETENTION,DET ORD.CONFIR.,REGULAR,,AFFIRMED,PAC,NOT APPLICABLE,FEDERAL,DETERMINATE,MALE,WHITE,CAUCASIAN,SCHE 1 WITH SEX
2012-2013,MAR,PAPER,DETENTION,DET ORD.CONFIR.,REGULAR,,AFFIRMED,QUE,NOT APPLICABLE,FEDERAL,DETERMINATE,MALE,WHITE,CAUCASIAN,SCHE 1 W/O SEX
2012-2013,JUN,PAPER,DETENTION,DET ORD.CONFIR.,REGULAR,,AFFIRMED,PAC,NOT APPLICABLE,FEDERAL,DETERMINATE,MALE,WHITE,CAUCASIAN,SCHE 1 WITH SEX
2012-2013,JUL,PAPER,DETENTION,DET ORD.CONFIR.,REGULAR,,AFFIRMED,QUE,NOT APPLICABLE,FEDERAL,DETERMINATE,MALE,WHITE,CAUCASIAN,SCHE 1 W/O SEX
2012-2013,NOV,PAPER,DETENTION,DET ORD.CONFIR.,REGULAR,,AFFIRMED,QUE,NOT APPLICABLE,FEDERAL,DETERMINATE,MALE,WHITE,CAUCASIAN,SCHE 1 W/O SEX
2012-2013,NOV,PAPER,DETENTION,DET ORD.CONFIR.,REGULAR,,AFFIRMED,PRA,SASKATOON,FEDERAL,DETERMINATE,MALE,WHITE,CAUCASIAN,SCHE 1 WITH SEX
2012-2013,OCT,PAPER,DETENTION,DET ORD.CONFIR.,REGULAR,,AFFIRMED,ONT,NOT APPLICABLE,FEDERAL,DETERMINATE,MALE,WHITE,CAUCASIAN,SCHE 1 W/O SEX
2012-2013,JUN,PAPER,ETA,ETA NOT APPR.,REGULAR,,AFFIRMED,QUE,NOT APPLICABLE,FEDERAL,INDETERMINATE,MALE,WHITE,CAUCASIAN,MURDER 2
2012-2013,OCT,PAPER,ETA,ETA NOT APPR.,REGULAR,,REVIEW ORDERED,ATL,NOT APPLICABLE,FEDERAL,INDETERMINATE,MALE,WHITE,CAUCASIAN,MURDER 1
2012-2013,OCT,PAPER,ETA,ETA NOT APPR.,REGULAR,,REVIEW ORDERED,ATL,NOT APPLICABLE,FEDERAL,INDETERMINATE,MALE,WHITE,CAUCASIAN,MURDER 2
2012-2013,OCT,PAPER,ETA,ETA NOT APPR.,REGULAR,,REVIEW ORDERED,ATL,NOT APPLICABLE,FEDERAL,INDETERMINATE,MALE,WHITE,CAUCASIAN,MURDER 1
2012-2013,FEB,PAPER,DP-PRE,DAY PAR. GRANT.,REGULAR,,AFFIRMED,ATL,NOT APPLICABLE,FEDERAL,DETERMINATE,MALE,WHITE,CAUCASIAN,SCHEDULE 2
2012-2013,SEP,PAPER,DP-PRE,DAY PAR. GRANT.,REGULAR,,AFFIRMED,PRA,EDMONTON,FEDERAL,DETERMINATE,FEMALE,WHITE,CAUCASIAN,SCHE 1 W/O SEX
2012-2013,OCT,PAPER,DP-PRE,DAY PAR. GRANT.,REGULAR,,REVIEW ORDERED,PAC,NOT APPLICABLE,PROVINCIAL,DETERMINATE,MALE,WHITE,CAUCASIAN,SCHE 1 W/O SEX
2012-2013,APR,PAPER,FP-PRE,FP GRANTED,REGULAR,,AFFIRMED,ATL,NOT APPLICABLE,FEDERAL,DETERMINATE,MALE,WHITE,CAUCASIAN,NON SCHEDULE
2012-2013,JUN,PAPER,FP-PRE,FP GRANTED,REGULAR,,AFFIRMED,PRA,EDMONTON,FEDERAL,DETERMINATE,MALE,WHITE,CAUCASIAN,SCHE 1 W/O SEX
2012-2013,DEC,PAPER,FP-PRE,FP GRANTED,REGULAR,,AFFIRMED,ONT,NOT APPLICABLE,FEDERAL,DETERMINATE,MALE,WHITE,CAUCASIAN,SCHE 1 WITH SEX
2012-2013,JUN,PAPER,FP-PRE,FP GRANTED,REGULAR,,AFFIRMED,QUE,NOT APPLICABLE,FEDERAL,DETERMINATE,MALE,WHITE,CAUCASIAN,SCHEDULE 2
2012-2013,JAN,PAPER,FP-PRE,FP GRANTED,REGULAR,,AFFIRMED,QUE,NOT APPLICABLE,FEDERAL,DETERMINATE,MALE,WHITE,CAUCASIAN,SCHEDULE 2
2012-2013,AUG,PAPER,FP-PRE,FP GRANTED,REGULAR,,AFFIRMED,ONT,NOT APPLICABLE,FEDERAL,DETERMINATE,MALE,S. E. ASIAN,ASIAN,NON SCHEDULE
2012-2013,NOV,PAPER,FP-PRE,FP GRANTED,REGULAR,,REVIEW ORDERED,PRA,EDMONTON,FEDERAL,DETERMINATE,MALE,WHITE,CAUCASIAN,SCHE 1 WITH SEX
2012-2013,NOV,PAPER,FP-POST,FP NO ACT-POST,REGULAR,,AFFIRMED,PRA,EDMONTON,FEDERAL,INDETERMINATE,MALE,ASIATIC,ASIAN,MURDER 2
2012-2013,AUG,PAPER,FP-POST,FP NO ACT-POST,REGULAR,,AFFIRMED,ONT,NOT APPLICABLE,FEDERAL,DETERMINATE,FEMALE,WHITE,CAUCASIAN,SCHEDULE 2
2012-2013,APR,PAPER,FP-POST,FP CHG.COND-PST,REGULAR,,AFFIRMED,QUE,NOT APPLICABLE,FEDERAL,DETERMINATE,MALE,WHITE,CAUCASIAN,SCHE 1 W/O SEX
2012-2013,SEP,PAPER,FP-POST,FP CHG.COND-PST,REGULAR,,REVIEW ORDERED,QUE,NOT APPLICABLE,FEDERAL,INDETERMINATE,MALE,WHITE,CAUCASIAN,MURDER 2
2012-2013,SEP,PAPER,FP-POST,FP CHG.COND-PST,REGULAR,,REVIEW ORDERED,QUE,NOT APPLICABLE,FEDERAL,INDETERMINATE,MALE,WHITE,CAUCASIAN,MURDER 2
2012-2013,SEP,PAPER,DP-PRE,DP CONTINUED,REGULAR,,AFFIRMED,ONT,NOT APPLICABLE,FEDERAL,DETERMINATE,MALE,ARAB/WEST ASIAN,OTHER/UNKNOWN,SCHEDULE 2
2012-2013,NOV,PAPER,DP-PRE,DP CONTINUED,REGULAR,,AFFIRMED,QUE,NOT APPLICABLE,FEDERAL,DETERMINATE,MALE,WHITE,CAUCASIAN,SCHE 1 W/O SEX
2012-2013,OCT,PAPER,DP-PRE,DP CONTINUED,REGULAR,,AFFIRMED,PRA,EDMONTON,FEDERAL,INDETERMINATE,MALE,WHITE,CAUCASIAN,SCHE 1 W/O SEX
2012-2013,MAY,PAPER,DP-PRE,DP CONTINUED,REGULAR,,AFFIRMED,PRA,SASKATOON,FEDERAL,INDETERMINATE,MALE,WHITE,CAUCASIAN,MURDER 2
2012-2013,MAY,PAPER,DP-PRE,DP CONTINUED,REGULAR,,AFFIRMED,QUE,NOT APPLICABLE,FEDERAL,DETERMINATE,MALE,EURO.-EASTERN,CAUCASIAN,SCHEDULE 2
2012-2013,JUL,PAPER,DP-PRE,DP CONTINUED,REGULAR,,REVIEW ORDERED,QUE,NOT APPLICABLE,FEDERAL,DETERMINATE,MALE,WHITE,CAUCASIAN,NON SCHEDULE
2012-2013,APR,PAPER,DP-PRE,DP CHG.COND-PRE,REGULAR,,AFFIRMED,ONT,NOT APPLICABLE,FEDERAL,DETERMINATE,MALE,WHITE,CAUCASIAN,SCHE 1 W/O SEX
2012-2013,MAY,PAPER,DP-POST,DP NO ACT-POST,REGULAR,,AFFIRMED,ATL,NOT APPLICABLE,FEDERAL,DETERMINATE,MALE,WHITE,CAUCASIAN,SCHE 1 W/O SEX
2012-2013,NOV,PAPER,UTA-PRE,UTA AUTHORIZED,REGULAR,,AFFIRMED,ONT,NOT APPLICABLE,FEDERAL,INDETERMINATE,MALE,WHITE,CAUCASIAN,MURDER 2
2012-2013,JUN,PAPER,UTA-POST,UTA CHG.CON-PST,REGULAR,,AFFIRMED,PAC,NOT APPLICABLE,FEDERAL,INDETERMINATE,MALE,WHITE,CAUCASIAN,MURDER 2
2012-2013,NOV,PAPER,SR-PRE,SR NO ACT.-PRE,REGULAR,,AFFIRMED,PAC,NOT APPLICABLE,FEDERAL,DETERMINATE,MALE,WHITE,CAUCASIAN,SCHE 1 W/O SEX
2012-2013,JUN,PAPER,SR-PRE,SR NO ACT.-PRE,REGULAR,,AFFIRMED,PAC,NOT APPLICABLE,FEDERAL,DETERMINATE,MALE,WHITE,CAUCASIAN,SCHE 1 W/O SEX
2012-2013,JUL,PAPER,SR-PRE,SR NO ACT.-PRE,REGULAR,,AFFIRMED,PAC,NOT APPLICABLE,FEDERAL,DETERMINATE,MALE,NORTH AMERICAN,ABORIGINAL,SCHE 1 W/O SEX
2012-2013,DEC,PAPER,SR-PRE,SR CHG.COND-PRE,REGULAR,,CHANGE CONDITI.,QUE,NOT APPLICABLE,FEDERAL,DETERMINATE,MALE,WHITE,CAUCASIAN,SCHE 1 W/O SEX
2012-2013,SEP,PAPER,SR-PRE,SR CHG.COND-PRE,REGULAR,,AFFIRMED,ONT,NOT APPLICABLE,FEDERAL,DETERMINATE,MALE,ARAB/WEST ASIAN,OTHER/UNKNOWN,SCHE 1 W/O SEX
2012-2013,MAY,PAPER,SR-PRE,SR CHG.COND-PRE,REGULAR,,AFFIRMED,ONT,NOT APPLICABLE,FEDERAL,DETERMINATE,MALE,BLACK,BLACK,SCHEDULE 2
2012-2013,JUN,PAPER,SR-PRE,SR CHG.COND-PRE,REGULAR,,AFFIRMED,ATL,NOT APPLICABLE,FEDERAL,DETERMINATE,MALE,BLACK,BLACK,SCHE 1 WITH SEX
2012-2013,MAR,PAPER,SR-PRE,SR CHG.COND-PRE,REGULAR,,AFFIRMED,ONT,NOT APPLICABLE,FEDERAL,DETERMINATE,MALE,BLACK,BLACK,NON SCHEDULE
2012-2013,AUG,PAPER,SR-PRE,SR CHG.COND-PRE,REGULAR,,AFFIRMED,ONT,NOT APPLICABLE,FEDERAL,DETERMINATE,MALE,BLACK,BLACK,NON SCHEDULE
2012-2013,AUG,PAPER,SR-PRE,SR CHG.COND-PRE,REGULAR,,AFFIRMED,QUE,NOT APPLICABLE,FEDERAL,DETERMINATE,MALE,BLACK,BLACK,SCHE 1 W/O SEX
2012-2013,JUL,PAPER,SR-PRE,SR CHG.COND-PRE,REGULAR,,AFFIRMED,PRA,EDMONTON,FEDERAL,DETERMINATE,MALE,BLACK,BLACK,SCHEDULE 2
2012-2013,JAN,PAPER,SR-PRE,SR CHG.COND-PRE,REGULAR,,AFFIRMED,ONT,NOT APPLICABLE,FEDERAL,DETERMINATE,MALE,BLACK,BLACK,SCHEDULE 2
2012-2013,JAN,PAPER,SR-PRE,SR CHG.COND-PRE,REGULAR,,AFFIRMED,ONT,NOT APPLICABLE,FEDERAL,DETERMINATE,MALE,BLACK,BLACK,SCHEDULE 2
2012-2013,MAY,PAPER,SR-PRE,SR CHG.COND-PRE,REGULAR,,AFFIRMED,ONT,NOT APPLICABLE,FEDERAL,DETERMINATE,MALE,WHITE,CAUCASIAN,SCHE 1 WITH SEX
2012-2013,JUL,PAPER,SR-PRE,SR CHG.COND-PRE,REGULAR,,AFFIRMED,QUE,NOT APPLICABLE,FEDERAL,DETERMINATE,MALE,WHITE,CAUCASIAN,SCHE 1 W/O SEX
2012-2013,AUG,PAPER,SR-PRE,SR CHG.COND-PRE,REGULAR,,AFFIRMED,ATL,NOT APPLICABLE,FEDERAL,DETERMINATE,MALE,WHITE,CAUCASIAN,SCHE 1 W/O SEX
2012-2013,MAR,PAPER,SR-PRE,SR CHG.COND-PRE,REGULAR,,AFFIRMED,ONT,NOT APPLICABLE,FEDERAL,DETERMINATE,MALE,WHITE,CAUCASIAN,NON SCHEDULE
2012-2013,NOV,PAPER,SR-PRE,SR CHG.COND-PRE,REGULAR,,AFFIRMED,PAC,NOT APPLICABLE,FEDERAL,DETERMINATE,MALE,WHITE,CAUCASIAN,SCHE 1 W/O SEX
2012-2013,JUL,PAPER,SR-PRE,SR CHG.COND-PRE,REGULAR,,AFFIRMED,PAC,NOT APPLICABLE,FEDERAL,DETERMINATE,MALE,WHITE,CAUCASIAN,SCHE 1 WITH SEX
2012-2013,JUL,PAPER,SR-PRE,SR CHG.COND-PRE,REGULAR,,AFFIRMED,QUE,NOT APPLICABLE,FEDERAL,DETERMINATE,MALE,WHITE,CAUCASIAN,SCHE 1 W/O SEX
2012-2013,SEP,PAPER,SR-PRE,SR CHG.COND-PRE,REGULAR,,AFFIRMED,ATL,NOT APPLICABLE,FEDERAL,DETERMINATE,MALE,WHITE,CAUCASIAN,SCHE 1 W/O SEX
2012-2013,JUL,PAPER,SR-PRE,SR CHG.COND-PRE,REGULAR,,AFFIRMED,ONT,NOT APPLICABLE,FEDERAL,DETERMINATE,MALE,WHITE,CAUCASIAN,SCHE 1 W/O SEX
2012-2013,FEB,PAPER,SR-PRE,SR CHG.COND-PRE,REGULAR,,AFFIRMED,PRA,SASKATOON,FEDERAL,DETERMINATE,MALE,WHITE,CAUCASIAN,SCHE 1 W/O SEX
2012-2013,MAY,PAPER,SR-PRE,SR CHG.COND-PRE,REGULAR,,AFFIRMED,ONT,NOT APPLICABLE,FEDERAL,DETERMINATE,MALE,WHITE,CAUCASIAN,SCHE 1 W/O SEX
2012-2013,JAN,PAPER,SR-PRE,SR CHG.COND-PRE,REGULAR,,AFFIRMED,PRA,EDMONTON,FEDERAL,DETERMINATE,MALE,WHITE,CAUCASIAN,NON SCHEDULE
2012-2013,APR,PAPER,SR-PRE,SR CHG.COND-PRE,REGULAR,,AFFIRMED,ONT,NOT APPLICABLE,FEDERAL,DETERMINATE,FEMALE,WHITE,CAUCASIAN,SCHE 1 W/O SEX
2012-2013,AUG,PAPER,SR-PRE,SR CHG.COND-PRE,REGULAR,,AFFIRMED,PRA,EDMONTON,FEDERAL,DETERMINATE,MALE,WHITE,CAUCASIAN,SCHE 1 WITH SEX
2012-2013,MAR,PAPER,SR-PRE,SR CHG.COND-PRE,REGULAR,,AFFIRMED,ONT,NOT APPLICABLE,FEDERAL,DETERMINATE,MALE,WHITE,CAUCASIAN,SCHE 1 W/O SEX
2012-2013,APR,PAPER,SR-PRE,SR CHG.COND-PRE,REGULAR,,AFFIRMED,ONT,NOT APPLICABLE,FEDERAL,DETERMINATE,MALE,WHITE,CAUCASIAN,SCHE 1 W/O SEX
2012-2013,MAR,PAPER,SR-PRE,SR CHG.COND-PRE,REGULAR,,AFFIRMED,ONT,NOT APPLICABLE,FEDERAL,DETERMINATE,FEMALE,WHITE,CAUCASIAN,SCHE 1 WITH SEX
2012-2013,JUL,PAPER,SR-PRE,SR CHG.COND-PRE,REGULAR,,AFFIRMED,PRA,EDMONTON,FEDERAL,DETERMINATE,MALE,WHITE,CAUCASIAN,SCHE 1 W/O SEX
2012-2013,DEC,PAPER,SR-PRE,SR CHG.COND-PRE,REGULAR,,AFFIRMED,ONT,NOT APPLICABLE,FEDERAL,DETERMINATE,MALE,WHITE,CAUCASIAN,NON SCHEDULE
2012-2013,AUG,PAPER,SR-PRE,SR CHG.COND-PRE,REGULAR,,AFFIRMED,ONT,NOT APPLICABLE,FEDERAL,DETERMINATE,MALE,WHITE,CAUCASIAN,SCHE 1 WITH SEX
2012-2013,OCT,PAPER,SR-PRE,SR CHG.COND-PRE,REGULAR,,AFFIRMED,ONT,NOT APPLICABLE,FEDERAL,DETERMINATE,MALE,WHITE,CAUCASIAN,SCHE 1 W/O SEX
2012-2013,FEB,PAPER,SR-PRE,SR CHG.COND-PRE,REGULAR,,AFFIRMED,PAC,NOT APPLICABLE,FEDERAL,DETERMINATE,MALE,WHITE,CAUCASIAN,SCHE 1 W/O SEX
2012-2013,FEB,PAPER,SR-PRE,SR CHG.COND-PRE,REGULAR,,AFFIRMED,QUE,NOT APPLICABLE,FEDERAL,DETERMINATE,MALE,WHITE,CAUCASIAN,SCHE 1 W/O SEX
2012-2013,JAN,PAPER,SR-PRE,SR CHG.COND-PRE,REGULAR,,AFFIRMED,ATL,NOT APPLICABLE,FEDERAL,DETERMINATE,MALE,WHITE,CAUCASIAN,SCHEDULE 2
2012-2013,FEB,PAPER,SR-PRE,SR CHG.COND-PRE,REGULAR,,AFFIRMED,ATL,NOT APPLICABLE,FEDERAL,DETERMINATE,MALE,WHITE,CAUCASIAN,SCHE 1 WITH SEX
2012-2013,OCT,PAPER,SR-PRE,SR CHG.COND-PRE,REGULAR,,AFFIRMED,PAC,NOT APPLICABLE,FEDERAL,DETERMINATE,MALE,WHITE,CAUCASIAN,SCHE 1 W/O SEX
2012-2013,NOV,PAPER,SR-PRE,SR CHG.COND-PRE,REGULAR,,AFFIRMED,QUE,NOT APPLICABLE,FEDERAL,DETERMINATE,MALE,WHITE,CAUCASIAN,SCHE 1 W/O SEX
2012-2013,JUL,PAPER,SR-PRE,SR CHG.COND-PRE,REGULAR,,AFFIRMED,PRA,SASKATOON,FEDERAL,DETERMINATE,MALE,WHITE,CAUCASIAN,SCHE 1 W/O SEX
2012-2013,SEP,PAPER,SR-PRE,SR CHG.COND-PRE,REGULAR,,AFFIRMED,ONT,NOT APPLICABLE,FEDERAL,DETERMINATE,FEMALE,WHITE,CAUCASIAN,NON SCHEDULE
2012-2013,FEB,PAPER,SR-PRE,SR CHG.COND-PRE,REGULAR,,AFFIRMED,PAC,NOT APPLICABLE,FEDERAL,DETERMINATE,MALE,WHITE,CAUCASIAN,SCHE 1 W/O SEX
2012-2013,SEP,PAPER,SR-PRE,SR CHG.COND-PRE,REGULAR,,AFFIRMED,PRA,EDMONTON,FEDERAL,DETERMINATE,MALE,WHITE,CAUCASIAN,NON SCHEDULE
2012-2013,JAN,PAPER,SR-PRE,SR CHG.COND-PRE,REGULAR,,AFFIRMED,ONT,NOT APPLICABLE,FEDERAL,DETERMINATE,MALE,WHITE,CAUCASIAN,SCHE 1 W/O SEX
2012-2013,MAR,PAPER,SR-PRE,SR CHG.COND-PRE,REGULAR,,AFFIRMED,ATL,NOT APPLICABLE,FEDERAL,DETERMINATE,MALE,WHITE,CAUCASIAN,SCHE 1 W/O SEX
2012-2013,JUL,PAPER,SR-PRE,SR CHG.COND-PRE,REGULAR,,AFFIRMED,ONT,NOT APPLICABLE,FEDERAL,DETERMINATE,MALE,WHITE,CAUCASIAN,SCHE 1 W/O SEX
2012-2013,APR,PAPER,SR-PRE,SR CHG.COND-PRE,REGULAR,,AFFIRMED,PAC,NOT APPLICABLE,FEDERAL,DETERMINATE,MALE,WHITE,CAUCASIAN,SCHE 1 W/O SEX
2012-2013,APR,PAPER,SR-PRE,SR CHG.COND-PRE,REGULAR,,AFFIRMED,QUE,NOT APPLICABLE,FEDERAL,DETERMINATE,MALE,WHITE,CAUCASIAN,NON SCHEDULE
2012-2013,DEC,PAPER,SR-PRE,SR CHG.COND-PRE,REGULAR,,AFFIRMED,ONT,NOT APPLICABLE,FEDERAL,DETERMINATE,MALE,WHITE,CAUCASIAN,SCHE 1 W/O SEX
2012-2013,JAN,PAPER,SR-PRE,SR CHG.COND-PRE,REGULAR,,AFFIRMED,QUE,NOT APPLICABLE,FEDERAL,DETERMINATE,MALE,WHITE,CAUCASIAN,SCHE 1 W/O SEX
2012-2013,APR,PAPER,SR-PRE,SR CHG.COND-PRE,REGULAR,,AFFIRMED,PAC,NOT APPLICABLE,FEDERAL,DETERMINATE,MALE,WHITE,CAUCASIAN,SCHE 1 W/O SEX
2012-2013,JAN,PAPER,SR-PRE,SR CHG.COND-PRE,REGULAR,,AFFIRMED,QUE,NOT APPLICABLE,FEDERAL,DETERMINATE,MALE,WHITE,CAUCASIAN,NON SCHEDULE
2012-2013,DEC,PAPER,SR-PRE,SR CHG.COND-PRE,REGULAR,,AFFIRMED,PRA,EDMONTON,FEDERAL,DETERMINATE,MALE,WHITE,CAUCASIAN,NON SCHEDULE
2012-2013,JUN,PAPER,SR-PRE,SR CHG.COND-PRE,REGULAR,,AFFIRMED,ONT,NOT APPLICABLE,FEDERAL,DETERMINATE,MALE,WHITE,CAUCASIAN,SCHE 1 WITH SEX
2012-2013,DEC,PAPER,SR-PRE,SR CHG.COND-PRE,REGULAR,,AFFIRMED,QUE,NOT APPLICABLE,FEDERAL,DETERMINATE,MALE,WHITE,CAUCASIAN,NON SCHEDULE
2012-2013,APR,PAPER,SR-PRE,SR CHG.COND-PRE,REGULAR,,AFFIRMED,QUE,NOT APPLICABLE,FEDERAL,DETERMINATE,MALE,WHITE,CAUCASIAN,SCHE 1 W/O SEX
2012-2013,JUN,PAPER,SR-PRE,SR CHG.COND-PRE,REGULAR,,AFFIRMED,QUE,NOT APPLICABLE,FEDERAL,DETERMINATE,MALE,WHITE,CAUCASIAN,SCHE 1 W/O SEX
2012-2013,FEB,PAPER,SR-PRE,SR CHG.COND-PRE,REGULAR,,AFFIRMED,PAC,NOT APPLICABLE,FEDERAL,DETERMINATE,FEMALE,WHITE,CAUCASIAN,SCHE 1 W/O SEX
2012-2013,MAR,PAPER,SR-PRE,SR CHG.COND-PRE,REGULAR,,AFFIRMED,QUE,NOT APPLICABLE,FEDERAL,DETERMINATE,MALE,WHITE,CAUCASIAN,SCHE 1 WITH SEX
2012-2013,NOV,PAPER,SR-PRE,SR CHG.COND-PRE,REGULAR,,AFFIRMED,QUE,NOT APPLICABLE,FEDERAL,DETERMINATE,MALE,WHITE,CAUCASIAN,SCHE 1 W/O SEX
2012-2013,FEB,PAPER,SR-PRE,SR CHG.COND-PRE,REGULAR,,AFFIRMED,ONT,NOT APPLICABLE,FEDERAL,DETERMINATE,MALE,WHITE,CAUCASIAN,NON SCHEDULE
2012-2013,AUG,PAPER,SR-PRE,SR CHG.COND-PRE,REGULAR,,AFFIRMED,ONT,NOT APPLICABLE,FEDERAL,DETERMINATE,MALE,WHITE,CAUCASIAN,SCHE 1 W/O SEX
2012-2013,JAN,PAPER,SR-PRE,SR CHG.COND-PRE,REGULAR,,AFFIRMED,ONT,NOT APPLICABLE,FEDERAL,DETERMINATE,MALE,WHITE,CAUCASIAN,SCHEDULE 2
2012-2013,FEB,PAPER,SR-PRE,SR CHG.COND-PRE,REGULAR,,AFFIRMED,PAC,NOT APPLICABLE,FEDERAL,DETERMINATE,MALE,WHITE,CAUCASIAN,SCHE 1 W/O SEX
2012-2013,JAN,PAPER,SR-PRE,SR CHG.COND-PRE,REGULAR,,AFFIRMED,PAC,NOT APPLICABLE,FEDERAL,DETERMINATE,MALE,WHITE,CAUCASIAN,SCHE 1 WITH SEX
2012-2013,APR,PAPER,SR-PRE,SR CHG.COND-PRE,REGULAR,,AFFIRMED,ATL,NOT APPLICABLE,FEDERAL,DETERMINATE,MALE,NORTH AMERICAN,ABORIGINAL,SCHE 1 W/O SEX
2012-2013,NOV,PAPER,SR-PRE,SR CHG.COND-PRE,REGULAR,,AFFIRMED,PAC,NOT APPLICABLE,FEDERAL,DETERMINATE,MALE,NORTH AMERICAN,ABORIGINAL,SCHE 1 W/O SEX
2012-2013,FEB,PAPER,SR-PRE,SR CHG.COND-PRE,REGULAR,,AFFIRMED,ONT,NOT APPLICABLE,FEDERAL,DETERMINATE,MALE,NORTH AMERICAN,ABORIGINAL,SCHE 1 WITH SEX
2012-2013,JUN,PAPER,SR-PRE,SR CHG.COND-PRE,REGULAR,,AFFIRMED,PAC,NOT APPLICABLE,FEDERAL,DETERMINATE,MALE,NORTH AMERICAN,ABORIGINAL,SCHE 1 W/O SEX
2012-2013,JUL,PAPER,SR-PRE,SR CHG.COND-PRE,REGULAR,,AFFIRMED,PAC,NOT APPLICABLE,FEDERAL,DETERMINATE,MALE,NORTH AMERICAN,ABORIGINAL,SCHE 1 W/O SEX
2012-2013,DEC,PAPER,SR-PRE,SR CHG.COND-PRE,REGULAR,,AFFIRMED,ONT,NOT APPLICABLE,FEDERAL,DETERMINATE,MALE,NORTH AMERICAN,ABORIGINAL,SCHE 1 W/O SEX
2012-2013,JUN,PAPER,SR-PRE,SR CHG.COND-PRE,REGULAR,,AFFIRMED,PRA,SASKATOON,FEDERAL,DETERMINATE,MALE,FILIPINO,OTHER/UNKNOWN,SCHEDULE 2
2012-2013,MAR,PAPER,SR-PRE,SR CHG.COND-PRE,REGULAR,,AFFIRMED,QUE,NOT APPLICABLE,FEDERAL,DETERMINATE,MALE,LATIN AMERICAN,OTHER/UNKNOWN,SCHEDULE 2
2012-2013,JAN,PAPER,SR-PRE,SR CHG.COND-PRE,REGULAR,,AFFIRMED,ONT,NOT APPLICABLE,FEDERAL,DETERMINATE,MALE,CARIBBEAN,BLACK,SCHE 1 W/O SEX
2012-2013,MAY,PAPER,SR-PRE,SR CHG.COND-PRE,REGULAR,,PAN.HEAR.ORDER.,ONT,NOT APPLICABLE,FEDERAL,DETERMINATE,MALE,WHITE,CAUCASIAN,SCHE 1 WITH SEX
2012-2013,JUL,PAPER,SR-PRE,SR CHG.COND-PRE,REGULAR,,REVIEW ORDERED,PAC,NOT APPLICABLE,FEDERAL,DETERMINATE,MALE,ARAB/WEST ASIAN,OTHER/UNKNOWN,SCHE 1 W/O SEX
2012-2013,JUL,PAPER,SR-PRE,SR CHG.COND-PRE,REGULAR,,REVIEW ORDERED,ONT,NOT APPLICABLE,FEDERAL,DETERMINATE,MALE,BLACK,BLACK,SCHEDULE 2
2012-2013,AUG,PAPER,SR-PRE,SR CHG.COND-PRE,REGULAR,,REVIEW ORDERED,ONT,NOT APPLICABLE,FEDERAL,DETERMINATE,MALE,WHITE,CAUCASIAN,NON SCHEDULE
2012-2013,DEC,PAPER,SR-PRE,SR CHG.COND-PRE,REGULAR,,REVIEW ORDERED,PRA,EDMONTON,FEDERAL,DETERMINATE,MALE,WHITE,CAUCASIAN,SCHE 1 W/O SEX
2012-2013,MAY,PAPER,SR-PRE,SR CHG.COND-PRE,REGULAR,,REVIEW ORDERED,PAC,NOT APPLICABLE,FEDERAL,DETERMINATE,MALE,WHITE,CAUCASIAN,SCHE 1 W/O SEX
2012-2013,DEC,PAPER,SR-PRE,SR CHG.COND-PRE,REGULAR,,REVIEW ORDERED,QUE,NOT APPLICABLE,FEDERAL,DETERMINATE,MALE,WHITE,CAUCASIAN,SCHE 1 W/O SEX
2012-2013,SEP,PAPER,SR-PRE,SR CHG.COND-PRE,REGULAR,,REVIEW ORDERED,ONT,NOT APPLICABLE,FEDERAL,DETERMINATE,FEMALE,WHITE,CAUCASIAN,NON SCHEDULE
2012-2013,AUG,PAPER,SR-PRE,SR CHG.COND-PRE,REGULAR,,REVIEW ORDERED,ONT,NOT APPLICABLE,FEDERAL,DETERMINATE,MALE,WHITE,CAUCASIAN,NON SCHEDULE
2012-2013,FEB,PAPER,SR-PRE,SR CHG.COND-PRE,REGULAR,,REVIEW ORDERED,QUE,NOT APPLICABLE,FEDERAL,DETERMINATE,MALE,WHITE,CAUCASIAN,SCHE 1 WITH SEX
2012-2013,NOV,PAPER,SR-PRE,SR CHG.COND-PRE,REGULAR,,REVIEW ORDERED,ONT,NOT APPLICABLE,FEDERAL,DETERMINATE,MALE,NORTH AMERICAN,ABORIGINAL,NON SCHEDULE
2012-2013,NOV,PAPER,SR-PRE,SR CHG.COND-PRE,REGULAR,,REVIEW ORDERED,PRA,SASKATOON,FEDERAL,DETERMINATE,MALE,SOUTH ASIAN,ASIAN,SCHE 1 W/O SEX
2012-2013,SEP,PAPER,SR-PRE,SR CHG.COND-PRE,REGULAR,,REVIEW ORDERED,ONT,NOT APPLICABLE,FEDERAL,DETERMINATE,MALE,S. E. ASIAN,ASIAN,SCHEDULE 2
2012-2013,JUL,PAPER,SR-POST,SR NO ACT-POST,REGULAR,,AFFIRMED,ONT,NOT APPLICABLE,FEDERAL,DETERMINATE,MALE,WHITE,CAUCASIAN,SCHE 1 W/O SEX
2012-2013,MAY,PAPER,SR-POST,SR NO ACT-POST,REGULAR,,REVIEW ORDERED,ONT,NOT APPLICABLE,FEDERAL,DETERMINATE,MALE,WHITE,CAUCASIAN,SCHEDULE 2
2012-2013,DEC,PAPER,SR-POST,SR CHG.COND-PST,REGULAR,,AFFIRMED,QUE,NOT APPLICABLE,FEDERAL,DETERMINATE,MALE,WHITE,CAUCASIAN,NON SCHEDULE
2012-2013,SEP,PAPER,SR-POST,SR CHG.COND-PST,REGULAR,,AFFIRMED,ONT,NOT APPLICABLE,FEDERAL,DETERMINATE,MALE,WHITE,CAUCASIAN,SCHE 1 W/O SEX
2013-2014,MAR,PAPER,FP-PRE,FP DENIED,REGULAR,,AFFIRMED,PRA,EDMONTON,PROVINCIAL,DETERMINATE,MALE,UNK,OTHER/UNKNOWN,SCHE 1 W/O SEX
2013-2014,DEC,PAPER,FP-PRE,FP DENIED,REGULAR,,AFFIRMED,QUE,NOT APPLICABLE,FEDERAL,DETERMINATE,MALE,BLACK,BLACK,SCHE 1 W/O SEX
2013-2014,MAY,PAPER,FP-PRE,FP DENIED,REGULAR,,AFFIRMED,ONT,NOT APPLICABLE,FEDERAL,DETERMINATE,MALE,BLACK,BLACK,SCHE 1 W/O SEX
2013-2014,JUN,PAPER,FP-PRE,FP DENIED,REGULAR,,AFFIRMED,ONT,NOT APPLICABLE,FEDERAL,DETERMINATE,MALE,BLACK,BLACK,SCHE 1 W/O SEX
2013-2014,MAY,PAPER,FP-PRE,FP DENIED,REGULAR,,AFFIRMED,ONT,NOT APPLICABLE,FEDERAL,DETERMINATE,MALE,BLACK,BLACK,NON SCHEDULE
2013-2014,MAY,PAPER,FP-PRE,FP DENIED,REGULAR,,AFFIRMED,ONT,NOT APPLICABLE,FEDERAL,DETERMINATE,MALE,BLACK,BLACK,SCHEDULE 2
2013-2014,AUG,PAPER,FP-PRE,FP DENIED,REGULAR,,AFFIRMED,ONT,NOT APPLICABLE,FEDERAL,DETERMINATE,MALE,BLACK,BLACK,SCHE 1 WITH SEX
2013-2014,MAR,PAPER,FP-PRE,FP DENIED,REGULAR,,AFFIRMED,ONT,NOT APPLICABLE,FEDERAL,DETERMINATE,MALE,BLACK,BLACK,NON SCHEDULE
2013-2014,APR,PAPER,FP-PRE,FP DENIED,REGULAR,,AFFIRMED,ONT,NOT APPLICABLE,FEDERAL,DETERMINATE,FEMALE,BLACK,BLACK,NON SCHEDULE
2013-2014,AUG,PAPER,FP-PRE,FP DENIED,REGULAR,,AFFIRMED,ONT,NOT APPLICABLE,FEDERAL,DETERMINATE,MALE,BLACK,BLACK,NON SCHEDULE
2013-2014,APR,PAPER,FP-PRE,FP DENIED,REGULAR,,AFFIRMED,PRA,SASKATOON,FEDERAL,DETERMINATE,MALE,BLACK,BLACK,SCHEDULE 2
2013-2014,OCT,PAPER,FP-PRE,FP DENIED,REGULAR,,AFFIRMED,QUE,NOT APPLICABLE,FEDERAL,INDETERMINATE,MALE,BLACK,BLACK,MURDER 2
2013-2014,SEP,PAPER,FP-PRE,FP DENIED,REGULAR,,AFFIRMED,PRA,SASKATOON,FEDERAL,DETERMINATE,MALE,WHITE,CAUCASIAN,SCHEDULE 2
2013-2014,SEP,PAPER,FP-PRE,FP DENIED,REGULAR,,AFFIRMED,QUE,NOT APPLICABLE,FEDERAL,DETERMINATE,MALE,WHITE,CAUCASIAN,NON SCHEDULE
2013-2014,SEP,PAPER,FP-PRE,FP DENIED,REGULAR,,AFFIRMED,PRA,EDMONTON,FEDERAL,DETERMINATE,MALE,WHITE,CAUCASIAN,NON SCHEDULE
2013-2014,APR,PAPER,FP-PRE,FP DENIED,REGULAR,,AFFIRMED,PRA,SASKATOON,FEDERAL,DETERMINATE,MALE,WHITE,CAUCASIAN,NON SCHEDULE
2013-2014,NOV,PAPER,FP-PRE,FP DENIED,REGULAR,,AFFIRMED,PAC,NOT APPLICABLE,FEDERAL,DETERMINATE,MALE,WHITE,CAUCASIAN,SCHE 1 W/O SEX
2013-2014,OCT,PAPER,FP-PRE,FP DENIED,REGULAR,,AFFIRMED,ONT,NOT APPLICABLE,FEDERAL,DETERMINATE,MALE,WHITE,CAUCASIAN,SCHE 1 WITH SEX
2013-2014,DEC,PAPER,FP-PRE,FP DENIED,REGULAR,,AFFIRMED,PAC,NOT APPLICABLE,FEDERAL,DETERMINATE,MALE,WHITE,CAUCASIAN,NON SCHEDULE
2013-2014,SEP,PAPER,FP-PRE,FP DENIED,REGULAR,,AFFIRMED,QUE,NOT APPLICABLE,FEDERAL,DETERMINATE,MALE,WHITE,CAUCASIAN,SCHEDULE 2
2013-2014,JUL,PAPER,FP-PRE,FP DENIED,REGULAR,,AFFIRMED,QUE,NOT APPLICABLE,FEDERAL,DETERMINATE,MALE,WHITE,CAUCASIAN,SCHE 1 WITH SEX
2013-2014,DEC,PAPER,FP-PRE,FP DENIED,REGULAR,,AFFIRMED,PRA,SASKATOON,FEDERAL,DETERMINATE,MALE,WHITE,CAUCASIAN,SCHE 1 W/O SEX
2013-2014,NOV,PAPER,FP-PRE,FP DENIED,REGULAR,,AFFIRMED,PAC,NOT APPLICABLE,FEDERAL,DETERMINATE,MALE,WHITE,CAUCASIAN,SCHE 1 WITH SEX
2013-2014,SEP,PAPER,FP-PRE,FP DENIED,REGULAR,,AFFIRMED,ONT,NOT APPLICABLE,FEDERAL,DETERMINATE,FEMALE,WHITE,CAUCASIAN,NON SCHEDULE
2013-2014,MAY,PAPER,FP-PRE,FP DENIED,REGULAR,,AFFIRMED,ONT,NOT APPLICABLE,FEDERAL,DETERMINATE,MALE,WHITE,CAUCASIAN,NON SCHEDULE
2013-2014,FEB,PAPER,FP-PRE,FP DENIED,REGULAR,,AFFIRMED,PRA,SASKATOON,FEDERAL,DETERMINATE,MALE,WHITE,CAUCASIAN,NON SCHEDULE
2013-2014,MAR,PAPER,FP-PRE,FP DENIED,REGULAR,,AFFIRMED,ONT,NOT APPLICABLE,FEDERAL,DETERMINATE,MALE,WHITE,CAUCASIAN,NON SCHEDULE
2013-2014,JUL,PAPER,FP-PRE,FP DENIED,REGULAR,,AFFIRMED,ONT,NOT APPLICABLE,FEDERAL,DETERMINATE,MALE,WHITE,CAUCASIAN,NON SCHEDULE
2013-2014,DEC,PAPER,FP-PRE,FP DENIED,REGULAR,,AFFIRMED,PRA,EDMONTON,FEDERAL,DETERMINATE,MALE,WHITE,CAUCASIAN,NON SCHEDULE
2013-2014,SEP,PAPER,FP-PRE,FP DENIED,REGULAR,,AFFIRMED,ONT,NOT APPLICABLE,FEDERAL,DETERMINATE,MALE,WHITE,CAUCASIAN,SCHE 1 WITH SEX
2013-2014,AUG,PAPER,FP-PRE,FP DENIED,REGULAR,,AFFIRMED,QUE,NOT APPLICABLE,FEDERAL,DETERMINATE,MALE,WHITE,CAUCASIAN,SCHE 1 WITH SEX
2013-2014,MAY,PAPER,FP-PRE,FP DENIED,REGULAR,,AFFIRMED,PRA,EDMONTON,FEDERAL,DETERMINATE,MALE,WHITE,CAUCASIAN,NON SCHEDULE
2013-2014,SEP,PAPER,FP-PRE,FP DENIED,REGULAR,,AFFIRMED,PAC,NOT APPLICABLE,PROVINCIAL,DETERMINATE,MALE,WHITE,CAUCASIAN,SCHE 1 W/O SEX
2013-2014,FEB,PAPER,FP-PRE,FP DENIED,REGULAR,,AFFIRMED,QUE,NOT APPLICABLE,FEDERAL,DETERMINATE,FEMALE,WHITE,CAUCASIAN,NON SCHEDULE
2013-2014,JUL,PAPER,FP-PRE,FP DENIED,REGULAR,,AFFIRMED,QUE,NOT APPLICABLE,FEDERAL,DETERMINATE,MALE,WHITE,CAUCASIAN,SCHEDULE 2
2013-2014,JAN,PAPER,FP-PRE,FP DENIED,REGULAR,,AFFIRMED,QUE,NOT APPLICABLE,FEDERAL,DETERMINATE,MALE,WHITE,CAUCASIAN,SCHEDULE 2
2013-2014,JAN,PAPER,FP-PRE,FP DENIED,REGULAR,,AFFIRMED,ONT,NOT APPLICABLE,FEDERAL,DETERMINATE,MALE,WHITE,CAUCASIAN,SCHE 1 W/O SEX
2013-2014,SEP,PAPER,FP-PRE,FP DENIED,REGULAR,,AFFIRMED,ONT,NOT APPLICABLE,FEDERAL,DETERMINATE,MALE,WHITE,CAUCASIAN,NON SCHEDULE
2013-2014,MAR,PAPER,FP-PRE,FP DENIED,REGULAR,,AFFIRMED,ATL,NOT APPLICABLE,FEDERAL,DETERMINATE,MALE,WHITE,CAUCASIAN,SCHE 1 W/O SEX
2013-2014,SEP,PAPER,FP-PRE,FP DENIED,REGULAR,,AFFIRMED,ONT,NOT APPLICABLE,FEDERAL,DETERMINATE,MALE,WHITE,CAUCASIAN,SCHE 1 WITH SEX
2013-2014,JAN,PAPER,FP-PRE,FP DENIED,REGULAR,,AFFIRMED,ONT,NOT APPLICABLE,FEDERAL,DETERMINATE,MALE,WHITE,CAUCASIAN,SCHE 1 W/O SEX
2013-2014,OCT,PAPER,FP-PRE,FP DENIED,REGULAR,,AFFIRMED,PRA,EDMONTON,FEDERAL,DETERMINATE,MALE,WHITE,CAUCASIAN,SCHE 1 W/O SEX
2013-2014,MAR,PAPER,FP-PRE,FP DENIED,REGULAR,,AFFIRMED,PAC,NOT APPLICABLE,FEDERAL,DETERMINATE,MALE,WHITE,CAUCASIAN,NON SCHEDULE
2013-2014,NOV,PAPER,FP-PRE,FP DENIED,REGULAR,,AFFIRMED,QUE,NOT APPLICABLE,FEDERAL,DETERMINATE,MALE,WHITE,CAUCASIAN,SCHE 1 W/O SEX
2013-2014,SEP,PAPER,FP-PRE,FP DENIED,REGULAR,,AFFIRMED,ONT,NOT APPLICABLE,FEDERAL,DETERMINATE,FEMALE,WHITE,CAUCASIAN,NON SCHEDULE
2013-2014,AUG,PAPER,FP-PRE,FP DENIED,REGULAR,,AFFIRMED,QUE,NOT APPLICABLE,FEDERAL,DETERMINATE,MALE,WHITE,CAUCASIAN,SCHE 1 W/O SEX
2013-2014,FEB,PAPER,FP-PRE,FP DENIED,REGULAR,,AFFIRMED,QUE,NOT APPLICABLE,FEDERAL,DETERMINATE,MALE,WHITE,CAUCASIAN,NON SCHEDULE
2013-2014,MAR,PAPER,FP-PRE,FP DENIED,REGULAR,,AFFIRMED,ATL,NOT APPLICABLE,PROVINCIAL,DETERMINATE,MALE,WHITE,CAUCASIAN,NON SCHEDULE
2013-2014,MAY,PAPER,FP-PRE,FP DENIED,REGULAR,,AFFIRMED,PAC,NOT APPLICABLE,PROVINCIAL,DETERMINATE,MALE,WHITE,CAUCASIAN,SCHE 1 WITH SEX
2013-2014,JAN,PAPER,FP-PRE,FP DENIED,REGULAR,,AFFIRMED,QUE,NOT APPLICABLE,FEDERAL,DETERMINATE,MALE,WHITE,CAUCASIAN,SCHEDULE 2
2013-2014,MAR,PAPER,FP-PRE,FP DENIED,REGULAR,,AFFIRMED,QUE,NOT APPLICABLE,FEDERAL,DETERMINATE,MALE,WHITE,CAUCASIAN,SCHEDULE 2
2013-2014,APR,PAPER,FP-PRE,FP DENIED,REGULAR,,AFFIRMED,QUE,NOT APPLICABLE,FEDERAL,DETERMINATE,MALE,WHITE,CAUCASIAN,SCHE 1 WITH SEX
2013-2014,MAY,PAPER,FP-PRE,FP DENIED,REGULAR,,AFFIRMED,QUE,NOT APPLICABLE,FEDERAL,DETERMINATE,MALE,WHITE,CAUCASIAN,SCHEDULE 2
2013-2014,MAR,PAPER,FP-PRE,FP DENIED,REGULAR,,AFFIRMED,ONT,NOT APPLICABLE,FEDERAL,DETERMINATE,MALE,WHITE,CAUCASIAN,NON SCHEDULE
2013-2014,MAY,PAPER,FP-PRE,FP DENIED,REGULAR,,AFFIRMED,QUE,NOT APPLICABLE,FEDERAL,DETERMINATE,MALE,WHITE,CAUCASIAN,NON SCHEDULE
2013-2014,SEP,PAPER,FP-PRE,FP DENIED,REGULAR,,AFFIRMED,PRA,EDMONTON,FEDERAL,DETERMINATE,MALE,WHITE,CAUCASIAN,SCHE 1 WITH SEX
2013-2014,MAR,PAPER,FP-PRE,FP DENIED,REGULAR,,AFFIRMED,PRA,SASKATOON,FEDERAL,DETERMINATE,MALE,WHITE,CAUCASIAN,SCHEDULE 2
2013-2014,MAY,PAPER,FP-PRE,FP DENIED,REGULAR,,AFFIRMED,ATL,NOT APPLICABLE,PROVINCIAL,DETERMINATE,MALE,WHITE,CAUCASIAN,SCHE 1 W/O SEX
2013-2014,AUG,PAPER,FP-PRE,FP DENIED,REGULAR,,AFFIRMED,ONT,NOT APPLICABLE,FEDERAL,DETERMINATE,MALE,WHITE,CAUCASIAN,SCHE 1 W/O SEX
2013-2014,JUN,PAPER,FP-PRE,FP DENIED,REGULAR,,AFFIRMED,ATL,NOT APPLICABLE,PROVINCIAL,DETERMINATE,MALE,WHITE,CAUCASIAN,SCHEDULE 2
2013-2014,AUG,PAPER,FP-PRE,FP DENIED,REGULAR,,AFFIRMED,PAC,NOT APPLICABLE,FEDERAL,INDETERMINATE,MALE,WHITE,CAUCASIAN,SCHE 1 W/O SEX
2013-2014,APR,PAPER,FP-PRE,FP DENIED,REGULAR,,AFFIRMED,ATL,NOT APPLICABLE,FEDERAL,INDETERMINATE,MALE,WHITE,CAUCASIAN,SCHE 1 WITH SEX
2013-2014,SEP,PAPER,FP-PRE,FP DENIED,REGULAR,,AFFIRMED,ONT,NOT APPLICABLE,FEDERAL,INDETERMINATE,MALE,WHITE,CAUCASIAN,SCHE 1 WITH SEX
2013-2014,OCT,PAPER,FP-PRE,FP DENIED,REGULAR,,AFFIRMED,QUE,NOT APPLICABLE,FEDERAL,INDETERMINATE,MALE,WHITE,CAUCASIAN,MURDER 1
2013-2014,JAN,PAPER,FP-PRE,FP DENIED,REGULAR,,AFFIRMED,PAC,NOT APPLICABLE,FEDERAL,INDETERMINATE,MALE,WHITE,CAUCASIAN,MURDER 2
2013-2014,NOV,PAPER,FP-PRE,FP DENIED,REGULAR,,AFFIRMED,PAC,NOT APPLICABLE,FEDERAL,INDETERMINATE,MALE,WHITE,CAUCASIAN,MURDER 2
2013-2014,FEB,PAPER,FP-PRE,FP DENIED,REGULAR,,AFFIRMED,ONT,NOT APPLICABLE,FEDERAL,INDETERMINATE,MALE,WHITE,CAUCASIAN,MURDER 2
2013-2014,FEB,PAPER,FP-PRE,FP DENIED,REGULAR,,AFFIRMED,QUE,NOT APPLICABLE,FEDERAL,INDETERMINATE,MALE,WHITE,CAUCASIAN,MURDER 2
2013-2014,NOV,PAPER,FP-PRE,FP DENIED,REGULAR,,AFFIRMED,ONT,NOT APPLICABLE,FEDERAL,INDETERMINATE,MALE,WHITE,CAUCASIAN,MURDER 2
2013-2014,NOV,PAPER,FP-PRE,FP DENIED,REGULAR,,AFFIRMED,PAC,NOT APPLICABLE,FEDERAL,INDETERMINATE,MALE,EAST INDIAN,OTHER/UNKNOWN,SCHE 1 WITH SEX
2013-2014,MAR,PAPER,FP-PRE,FP DENIED,REGULAR,,AFFIRMED,PRA,EDMONTON,FEDERAL,DETERMINATE,MALE,METIS,ABORIGINAL,SCHE 1 W/O SEX
2013-2014,JAN,PAPER,FP-PRE,FP DENIED,REGULAR,,AFFIRMED,PAC,NOT APPLICABLE,FEDERAL,DETERMINATE,MALE,METIS,ABORIGINAL,SCHEDULE 2
2013-2014,OCT,PAPER,FP-PRE,FP DENIED,REGULAR,,AFFIRMED,PRA,EDMONTON,FEDERAL,DETERMINATE,MALE,METIS,ABORIGINAL,SCHEDULE 2
2013-2014,MAR,PAPER,FP-PRE,FP DENIED,REGULAR,,AFFIRMED,PAC,NOT APPLICABLE,FEDERAL,DETERMINATE,MALE,METIS,ABORIGINAL,SCHE 1 W/O SEX
2013-2014,SEP,PAPER,FP-PRE,FP DENIED,REGULAR,,AFFIRMED,PRA,SASKATOON,FEDERAL,DETERMINATE,MALE,METIS,ABORIGINAL,NON SCHEDULE
2013-2014,JAN,PAPER,FP-PRE,FP DENIED,REGULAR,,AFFIRMED,QUE,NOT APPLICABLE,FEDERAL,DETERMINATE,MALE,METIS,ABORIGINAL,SCHE 1 W/O SEX
2013-2014,FEB,PAPER,FP-PRE,FP DENIED,REGULAR,,AFFIRMED,QUE,NOT APPLICABLE,FEDERAL,DETERMINATE,MALE,METIS,ABORIGINAL,SCHE 1 W/O SEX
2013-2014,OCT,PAPER,FP-PRE,FP DENIED,REGULAR,,AFFIRMED,QUE,NOT APPLICABLE,FEDERAL,INDETERMINATE,MALE,METIS,ABORIGINAL,SCHE 1 WITH SEX
2013-2014,DEC,PAPER,FP-PRE,FP DENIED,REGULAR,,AFFIRMED,PAC,NOT APPLICABLE,FEDERAL,INDETERMINATE,MALE,METIS,ABORIGINAL,MURDER 1
2013-2014,FEB,PAPER,FP-PRE,FP DENIED,REGULAR,,AFFIRMED,PRA,EDMONTON,FEDERAL,DETERMINATE,MALE,NORTH AMERICAN,ABORIGINAL,SCHE 1 W/O SEX
2013-2014,JAN,PAPER,FP-PRE,FP DENIED,REGULAR,,AFFIRMED,ONT,NOT APPLICABLE,FEDERAL,DETERMINATE,MALE,NORTH AMERICAN,ABORIGINAL,SCHE 1 W/O SEX
2013-2014,OCT,PAPER,FP-PRE,FP DENIED,REGULAR,,AFFIRMED,QUE,NOT APPLICABLE,FEDERAL,DETERMINATE,MALE,NORTH AMERICAN,ABORIGINAL,SCHE 1 W/O SEX
2013-2014,AUG,PAPER,FP-PRE,FP DENIED,REGULAR,,AFFIRMED,QUE,NOT APPLICABLE,FEDERAL,DETERMINATE,FEMALE,NORTH AMERICAN,ABORIGINAL,SCHEDULE 2
2013-2014,JAN,PAPER,FP-PRE,FP DENIED,REGULAR,,AFFIRMED,PRA,EDMONTON,FEDERAL,DETERMINATE,FEMALE,NORTH AMERICAN,ABORIGINAL,SCHE 1 W/O SEX
2013-2014,JAN,PAPER,FP-PRE,FP DENIED,REGULAR,,AFFIRMED,PAC,NOT APPLICABLE,FEDERAL,DETERMINATE,MALE,NORTH AMERICAN,ABORIGINAL,SCHE 1 W/O SEX
2013-2014,FEB,PAPER,FP-PRE,FP DENIED,REGULAR,,AFFIRMED,PRA,EDMONTON,FEDERAL,DETERMINATE,FEMALE,NORTH AMERICAN,ABORIGINAL,NON SCHEDULE
2013-2014,MAY,PAPER,FP-PRE,FP DENIED,REGULAR,,AFFIRMED,PRA,SASKATOON,FEDERAL,INDETERMINATE,MALE,NORTH AMERICAN,ABORIGINAL,SCHE 1 WITH SEX
2013-2014,JUL,PAPER,FP-PRE,FP DENIED,REGULAR,,AFFIRMED,PAC,NOT APPLICABLE,FEDERAL,DETERMINATE,MALE,CHINESE,ASIAN,SCHE 1 W/O SEX
2013-2014,APR,PAPER,FP-PRE,FP DENIED,REGULAR,,AFFIRMED,PAC,NOT APPLICABLE,PROVINCIAL,DETERMINATE,MALE,FILIPINO,OTHER/UNKNOWN,SCHEDULE 2
2013-2014,MAR,PAPER,FP-PRE,FP DENIED,REGULAR,,AFFIRMED,QUE,NOT APPLICABLE,FEDERAL,DETERMINATE,MALE,LATIN AMERICAN,OTHER/UNKNOWN,SCHE 1 W/O SEX
2013-2014,FEB,PAPER,FP-PRE,FP DENIED,REGULAR,,AFFIRMED,PRA,EDMONTON,FEDERAL,DETERMINATE,MALE,S. E. ASIAN,ASIAN,SCHE 1 W/O SEX
2013-2014,SEP,PAPER,FP-PRE,FP DENIED,REGULAR,,AFFIRMED,PAC,NOT APPLICABLE,PROVINCIAL,DETERMINATE,MALE,S. E. ASIAN,ASIAN,SCHE 1 W/O SEX
2013-2014,SEP,PAPER,FP-PRE,FP DENIED,REGULAR,,AFFIRMED,QUE,NOT APPLICABLE,FEDERAL,DETERMINATE,MALE,S. E. ASIAN,ASIAN,SCHEDULE 2
2013-2014,MAY,PAPER,FP-PRE,FP DENIED,REGULAR,,AFFIRMED,PAC,NOT APPLICABLE,FEDERAL,INDETERMINATE,MALE,S. E. ASIAN,ASIAN,MURDER 2
2013-2014,NOV,PAPER,FP-PRE,FP DENIED,REGULAR,,AFFIRMED,ONT,NOT APPLICABLE,FEDERAL,DETERMINATE,MALE,ASIAN-SOUTH,ASIAN,SCHE 1 W/O SEX
2013-2014,SEP,PAPER,FP-PRE,FP DENIED,REGULAR,,AFFIRMED,PRA,EDMONTON,FEDERAL,DETERMINATE,MALE,ASIAN-SOUTH,ASIAN,SCHE 1 WITH SEX
2013-2014,FEB,PAPER,FP-PRE,FP DENIED,REGULAR,,AFFIRMED,PRA,SASKATOON,FEDERAL,DETERMINATE,MALE,MULTIRAC/ETHNIC,OTHER/UNKNOWN,SCHEDULE 2
2013-2014,JUL,PAPER,FP-PRE,FP DENIED,REGULAR,,AFFIRMED,PRA,EDMONTON,FEDERAL,DETERMINATE,MALE,MULTIRAC/ETHNIC,OTHER/UNKNOWN,SCHEDULE 2
2013-2014,JUN,PAPER,FP-PRE,FP DENIED,REGULAR,,AFFIRMED,QUE,NOT APPLICABLE,FEDERAL,DETERMINATE,MALE,MULTIRAC/ETHNIC,OTHER/UNKNOWN,SCHE 1 W/O SEX
2013-2014,MAY,PAPER,FP-PRE,FP DENIED,REGULAR,,PAN.HEAR.ORDER.,QUE,NOT APPLICABLE,FEDERAL,DETERMINATE,MALE,BLACK,BLACK,SCHEDULE 2
2013-2014,FEB,PAPER,FP-PRE,FP DENIED,REGULAR,,PAN.HEAR.ORDER.,ONT,NOT APPLICABLE,FEDERAL,DETERMINATE,FEMALE,BLACK,BLACK,SCHEDULE 2
2013-2014,FEB,PAPER,FP-PRE,FP DENIED,REGULAR,,PAN.HEAR.ORDER.,ONT,NOT APPLICABLE,FEDERAL,DETERMINATE,FEMALE,BLACK,BLACK,SCHEDULE 2
2013-2014,MAR,PAPER,FP-PRE,FP DENIED,REGULAR,,PAN.HEAR.ORDER.,PRA,EDMONTON,FEDERAL,DETERMINATE,MALE,WHITE,CAUCASIAN,NON SCHEDULE
2013-2014,JUN,PAPER,FP-PRE,FP DENIED,REGULAR,,PAN.HEAR.ORDER.,PRA,EDMONTON,FEDERAL,DETERMINATE,MALE,WHITE,CAUCASIAN,NON SCHEDULE
2013-2014,DEC,PAPER,FP-PRE,FP DENIED,REGULAR,,PAN.HEAR.ORDER.,PRA,SASKATOON,FEDERAL,DETERMINATE,MALE,NORTH AMERICAN,ABORIGINAL,SCHE 1 W/O SEX
2013-2014,MAR,PAPER,FP-PRE,FP DENIED,REGULAR,,PAN.HEAR.ORDER.,ONT,NOT APPLICABLE,FEDERAL,DETERMINATE,MALE,NORTH AMERICAN,ABORIGINAL,SCHE 1 W/O SEX
2013-2014,MAY,PAPER,FP-PRE,FP DENIED,REGULAR,,PAN.HEAR.ORDER.,PAC,NOT APPLICABLE,FEDERAL,DETERMINATE,FEMALE,SOUTH ASIAN,ASIAN,NON SCHEDULE
2013-2014,JUN,PAPER,FP-PRE,FP DENIED,REGULAR,,PAN.HEAR.ORDER.,ONT,NOT APPLICABLE,FEDERAL,DETERMINATE,MALE,S. E. ASIAN,ASIAN,SCHE 1 W/O SEX
2013-2014,JUL,PAPER,FP-PRE,FP NO ACTION,REGULAR,,AFFIRMED,PAC,NOT APPLICABLE,FEDERAL,DETERMINATE,FEMALE,WHITE,CAUCASIAN,NON SCHEDULE
2013-2014,MAY,PAPER,FP-POST,FP REVOKED,REGULAR,,AFFIRMED,QUE,NOT APPLICABLE,FEDERAL,DETERMINATE,MALE,WHITE,CAUCASIAN,SCHE 1 W/O SEX
2013-2014,MAY,PAPER,FP-POST,FP REVOKED,REGULAR,,AFFIRMED,PRA,EDMONTON,FEDERAL,DETERMINATE,MALE,WHITE,CAUCASIAN,SCHEDULE 2
2013-2014,MAR,PAPER,FP-POST,FP REVOKED,REGULAR,,AFFIRMED,ONT,NOT APPLICABLE,FEDERAL,INDETERMINATE,MALE,WHITE,CAUCASIAN,SCHE 1 WITH SEX
2013-2014,MAY,PAPER,FP-POST,FP REVOKED,REGULAR,,AFFIRMED,ONT,NOT APPLICABLE,FEDERAL,INDETERMINATE,MALE,WHITE,CAUCASIAN,MURDER 2
2013-2014,OCT,PAPER,FP-POST,FP REVOKED,REGULAR,,AFFIRMED,PAC,NOT APPLICABLE,FEDERAL,INDETERMINATE,MALE,WHITE,CAUCASIAN,MURDER 2
2013-2014,AUG,PAPER,FP-POST,FP REVOKED,REGULAR,,AFFIRMED,ONT,NOT APPLICABLE,FEDERAL,INDETERMINATE,MALE,WHITE,CAUCASIAN,MURDER 2
2013-2014,APR,PAPER,FP-POST,FP REVOKED,REGULAR,,AFFIRMED,PRA,SASKATOON,FEDERAL,INDETERMINATE,MALE,WHITE,CAUCASIAN,MURDER 1
2013-2014,MAY,PAPER,FP-POST,FP REVOKED,REGULAR,,AFFIRMED,PAC,NOT APPLICABLE,FEDERAL,INDETERMINATE,MALE,WHITE,CAUCASIAN,MURDER 1
2013-2014,MAY,PAPER,FP-POST,FP REVOKED,REGULAR,,AFFIRMED,ONT,NOT APPLICABLE,FEDERAL,INDETERMINATE,MALE,WHITE,CAUCASIAN,MURDER 2
2013-2014,JUL,PAPER,FP-POST,FP REVOKED,REGULAR,,AFFIRMED,PRA,EDMONTON,FEDERAL,DETERMINATE,MALE,METIS,ABORIGINAL,SCHE 1 W/O SEX
2013-2014,JUN,PAPER,FP-POST,FP REVOKED,REGULAR,,AFFIRMED,PAC,NOT APPLICABLE,FEDERAL,INDETERMINATE,MALE,NORTH AMERICAN,ABORIGINAL,MURDER 1
2013-2014,JAN,PAPER,FP-POST,FP REVOKED,REGULAR,,AFFIRMED,PRA,SASKATOON,FEDERAL,INDETERMINATE,MALE,NORTH AMERICAN,ABORIGINAL,MURDER 2
2013-2014,APR,PAPER,FP-POST,FP REVOKED,REGULAR,,AFFIRMED,ONT,NOT APPLICABLE,FEDERAL,INDETERMINATE,MALE,NORTH AMERICAN,ABORIGINAL,MURDER 2
2013-2014,MAY,PAPER,FP-POST,FP REVOKED,REGULAR,,AFFIRMED,ONT,NOT APPLICABLE,FEDERAL,DETERMINATE,MALE,S. E. ASIAN,ASIAN,NON SCHEDULE
2013-2014,JAN,PAPER,FP-POST,FP REVOKED,REGULAR,,REVIEW ORDERED,ONT,NOT APPLICABLE,FEDERAL,DETERMINATE,MALE,WHITE,CAUCASIAN,SCHEDULE 2
2013-2014,OCT,PAPER,FP-POST,FP REVOKED,REGULAR,,REVIEW ORDERED,QUE,NOT APPLICABLE,FEDERAL,INDETERMINATE,MALE,WHITE,CAUCASIAN,MURDER 1
2013-2014,JUN,PAPER,FP-POST,FP REVOKED,APR,APR-INITIAL,AFFIRMED,ONT,NOT APPLICABLE,FEDERAL,DETERMINATE,MALE,BLACK,BLACK,SCHEDULE 2
2013-2014,SEP,PAPER,FP-POST,FP REVOKED,APR,APR-INITIAL,AFFIRMED,ATL,NOT APPLICABLE,FEDERAL,DETERMINATE,MALE,WHITE,CAUCASIAN,SCHEDULE 2
2013-2014,NOV,PAPER,FP-POST,FP REVOKED,APR,APR-INITIAL,AFFIRMED,QUE,NOT APPLICABLE,FEDERAL,DETERMINATE,MALE,LATIN AMERICAN,OTHER/UNKNOWN,SCHEDULE 2
2013-2014,AUG,PAPER,DP-PRE,DP DENIED,REGULAR,,AFFIRMED,PAC,NOT APPLICABLE,PROVINCIAL,DETERMINATE,MALE,UNK,OTHER/UNKNOWN,SCHE 1 W/O SEX
2013-2014,MAR,PAPER,DP-PRE,DP DENIED,REGULAR,,AFFIRMED,PRA,EDMONTON,PROVINCIAL,DETERMINATE,MALE,UNK,OTHER/UNKNOWN,SCHE 1 W/O SEX
2013-2014,APR,PAPER,DP-PRE,DP DENIED,REGULAR,,AFFIRMED,PRA,SASKATOON,FEDERAL,DETERMINATE,MALE,BLACK,BLACK,SCHEDULE 2
2013-2014,AUG,PAPER,DP-PRE,DP DENIED,REGULAR,,AFFIRMED,ONT,NOT APPLICABLE,FEDERAL,DETERMINATE,MALE,BLACK,BLACK,NON SCHEDULE
2013-2014,JUN,PAPER,DP-PRE,DP DENIED,REGULAR,,AFFIRMED,ONT,NOT APPLICABLE,FEDERAL,DETERMINATE,MALE,BLACK,BLACK,SCHE 1 W/O SEX
2013-2014,MAY,PAPER,DP-PRE,DP DENIED,REGULAR,,AFFIRMED,ONT,NOT APPLICABLE,FEDERAL,DETERMINATE,MALE,BLACK,BLACK,SCHEDULE 2
2013-2014,DEC,PAPER,DP-PRE,DP DENIED,REGULAR,,AFFIRMED,QUE,NOT APPLICABLE,FEDERAL,DETERMINATE,MALE,BLACK,BLACK,SCHE 1 W/O SEX
2013-2014,AUG,PAPER,DP-PRE,DP DENIED,REGULAR,,AFFIRMED,ONT,NOT APPLICABLE,FEDERAL,DETERMINATE,MALE,BLACK,BLACK,SCHE 1 WITH SEX
2013-2014,APR,PAPER,DP-PRE,DP DENIED,REGULAR,,AFFIRMED,ONT,NOT APPLICABLE,FEDERAL,DETERMINATE,FEMALE,BLACK,BLACK,NON SCHEDULE
2013-2014,DEC,PAPER,DP-PRE,DP DENIED,REGULAR,,AFFIRMED,ATL,NOT APPLICABLE,FEDERAL,DETERMINATE,MALE,BLACK,BLACK,SCHE 1 W/O SEX
2013-2014,MAY,PAPER,DP-PRE,DP DENIED,REGULAR,,AFFIRMED,ONT,NOT APPLICABLE,FEDERAL,DETERMINATE,MALE,BLACK,BLACK,NON SCHEDULE
2013-2014,APR,PAPER,DP-PRE,DP DENIED,REGULAR,,AFFIRMED,PAC,NOT APPLICABLE,FEDERAL,INDETERMINATE,MALE,BLACK,BLACK,MURDER 1
2013-2014,JUL,PAPER,DP-PRE,DP DENIED,REGULAR,,AFFIRMED,ATL,NOT APPLICABLE,FEDERAL,INDETERMINATE,MALE,BLACK,BLACK,MURDER 2
2013-2014,MAY,PAPER,DP-PRE,DP DENIED,REGULAR,,AFFIRMED,ONT,NOT APPLICABLE,FEDERAL,INDETERMINATE,MALE,BLACK,BLACK,MURDER 2
2013-2014,MAY,PAPER,DP-PRE,DP DENIED,REGULAR,,AFFIRMED,ONT,NOT APPLICABLE,FEDERAL,INDETERMINATE,MALE,BLACK,BLACK,MURDER 2
2013-2014,OCT,PAPER,DP-PRE,DP DENIED,REGULAR,,AFFIRMED,QUE,NOT APPLICABLE,FEDERAL,INDETERMINATE,MALE,BLACK,BLACK,MURDER 2
2013-2014,MAR,PAPER,DP-PRE,DP DENIED,REGULAR,,AFFIRMED,ONT,NOT APPLICABLE,FEDERAL,DETERMINATE,MALE,WHITE,CAUCASIAN,NON SCHEDULE
2013-2014,OCT,PAPER,DP-PRE,DP DENIED,REGULAR,,AFFIRMED,PRA,EDMONTON,FEDERAL,DETERMINATE,MALE,WHITE,CAUCASIAN,SCHE 1 WITH SEX
2013-2014,SEP,PAPER,DP-PRE,DP DENIED,REGULAR,,AFFIRMED,QUE,NOT APPLICABLE,FEDERAL,DETERMINATE,MALE,WHITE,CAUCASIAN,NON SCHEDULE
2013-2014,FEB,PAPER,DP-PRE,DP DENIED,REGULAR,,AFFIRMED,QUE,NOT APPLICABLE,FEDERAL,DETERMINATE,FEMALE,WHITE,CAUCASIAN,NON SCHEDULE
2013-2014,AUG,PAPER,DP-PRE,DP DENIED,REGULAR,,AFFIRMED,QUE,NOT APPLICABLE,FEDERAL,DETERMINATE,MALE,WHITE,CAUCASIAN,SCHEDULE 2
2013-2014,FEB,PAPER,DP-PRE,DP DENIED,REGULAR,,AFFIRMED,QUE,NOT APPLICABLE,FEDERAL,DETERMINATE,MALE,WHITE,CAUCASIAN,NON SCHEDULE
2013-2014,JAN,PAPER,DP-PRE,DP DENIED,REGULAR,,AFFIRMED,PAC,NOT APPLICABLE,PROVINCIAL,DETERMINATE,MALE,WHITE,CAUCASIAN,NON SCHEDULE
2013-2014,JAN,PAPER,DP-PRE,DP DENIED,REGULAR,,AFFIRMED,PAC,NOT APPLICABLE,PROVINCIAL,DETERMINATE,MALE,WHITE,CAUCASIAN,SCHEDULE 2
2013-2014,JUL,PAPER,DP-PRE,DP DENIED,REGULAR,,AFFIRMED,PAC,NOT APPLICABLE,FEDERAL,DETERMINATE,MALE,WHITE,CAUCASIAN,SCHE 1 W/O SEX
2013-2014,MAY,PAPER,DP-PRE,DP DENIED,REGULAR,,AFFIRMED,QUE,NOT APPLICABLE,FEDERAL,DETERMINATE,MALE,WHITE,CAUCASIAN,SCHEDULE 2
2013-2014,JAN,PAPER,DP-PRE,DP DENIED,REGULAR,,AFFIRMED,QUE,NOT APPLICABLE,FEDERAL,DETERMINATE,MALE,WHITE,CAUCASIAN,SCHEDULE 2
2013-2014,MAR,PAPER,DP-PRE,DP DENIED,REGULAR,,AFFIRMED,PAC,NOT APPLICABLE,FEDERAL,DETERMINATE,MALE,WHITE,CAUCASIAN,NON SCHEDULE
2013-2014,MAY,PAPER,DP-PRE,DP DENIED,REGULAR,,AFFIRMED,PRA,EDMONTON,FEDERAL,DETERMINATE,MALE,WHITE,CAUCASIAN,SCHE 1 WITH SEX
2013-2014,SEP,PAPER,DP-PRE,DP DENIED,REGULAR,,AFFIRMED,ONT,NOT APPLICABLE,FEDERAL,DETERMINATE,MALE,WHITE,CAUCASIAN,SCHE 1 WITH SEX
2013-2014,SEP,PAPER,DP-PRE,DP DENIED,REGULAR,,AFFIRMED,PRA,EDMONTON,FEDERAL,DETERMINATE,MALE,WHITE,CAUCASIAN,NON SCHEDULE
2013-2014,SEP,PAPER,DP-PRE,DP DENIED,REGULAR,,AFFIRMED,ONT,NOT APPLICABLE,FEDERAL,DETERMINATE,MALE,WHITE,CAUCASIAN,SCHE 1 WITH SEX
2013-2014,FEB,PAPER,DP-PRE,DP DENIED,REGULAR,,AFFIRMED,ATL,NOT APPLICABLE,FEDERAL,DETERMINATE,MALE,WHITE,CAUCASIAN,SCHEDULE 2
2013-2014,FEB,PAPER,DP-PRE,DP DENIED,REGULAR,,AFFIRMED,ONT,NOT APPLICABLE,FEDERAL,DETERMINATE,MALE,WHITE,CAUCASIAN,NON SCHEDULE
2013-2014,MAR,PAPER,DP-PRE,DP DENIED,REGULAR,,AFFIRMED,PRA,SASKATOON,FEDERAL,DETERMINATE,MALE,WHITE,CAUCASIAN,SCHEDULE 2
2013-2014,MAY,PAPER,DP-PRE,DP DENIED,REGULAR,,AFFIRMED,PAC,NOT APPLICABLE,FEDERAL,DETERMINATE,MALE,WHITE,CAUCASIAN,NON SCHEDULE
2013-2014,AUG,PAPER,DP-PRE,DP DENIED,REGULAR,,AFFIRMED,QUE,NOT APPLICABLE,FEDERAL,DETERMINATE,MALE,WHITE,CAUCASIAN,SCHE 1 WITH SEX
2013-2014,SEP,PAPER,DP-PRE,DP DENIED,REGULAR,,AFFIRMED,PAC,NOT APPLICABLE,PROVINCIAL,DETERMINATE,MALE,WHITE,CAUCASIAN,SCHE 1 W/O SEX
2013-2014,MAY,PAPER,DP-PRE,DP DENIED,REGULAR,,AFFIRMED,ATL,NOT APPLICABLE,PROVINCIAL,DETERMINATE,MALE,WHITE,CAUCASIAN,SCHE 1 W/O SEX
2013-2014,APR,PAPER,DP-PRE,DP DENIED,REGULAR,,AFFIRMED,ATL,NOT APPLICABLE,FEDERAL,DETERMINATE,FEMALE,WHITE,CAUCASIAN,NON SCHEDULE
2013-2014,JUL,PAPER,DP-PRE,DP DENIED,REGULAR,,AFFIRMED,QUE,NOT APPLICABLE,FEDERAL,DETERMINATE,MALE,WHITE,CAUCASIAN,SCHE 1 WITH SEX
2013-2014,DEC,PAPER,DP-PRE,DP DENIED,REGULAR,,AFFIRMED,PRA,SASKATOON,FEDERAL,DETERMINATE,MALE,WHITE,CAUCASIAN,SCHE 1 W/O SEX
2013-2014,SEP,PAPER,DP-PRE,DP DENIED,REGULAR,,AFFIRMED,ATL,NOT APPLICABLE,PROVINCIAL,DETERMINATE,MALE,WHITE,CAUCASIAN,NON SCHEDULE
2013-2014,JUL,PAPER,DP-PRE,DP DENIED,REGULAR,,AFFIRMED,PAC,NOT APPLICABLE,FEDERAL,DETERMINATE,MALE,WHITE,CAUCASIAN,SCHE 1 W/O SEX
2013-2014,MAY,PAPER,DP-PRE,DP DENIED,REGULAR,,AFFIRMED,ATL,NOT APPLICABLE,FEDERAL,DETERMINATE,MALE,WHITE,CAUCASIAN,SCHE 1 W/O SEX
2013-2014,APR,PAPER,DP-PRE,DP DENIED,REGULAR,,AFFIRMED,PRA,EDMONTON,FEDERAL,DETERMINATE,MALE,WHITE,CAUCASIAN,NON SCHEDULE
2013-2014,OCT,PAPER,DP-PRE,DP DENIED,REGULAR,,AFFIRMED,PRA,EDMONTON,FEDERAL,DETERMINATE,MALE,WHITE,CAUCASIAN,SCHE 1 W/O SEX
2013-2014,JUL,PAPER,DP-PRE,DP DENIED,REGULAR,,AFFIRMED,ONT,NOT APPLICABLE,FEDERAL,DETERMINATE,MALE,WHITE,CAUCASIAN,NON SCHEDULE
2013-2014,APR,PAPER,DP-PRE,DP DENIED,REGULAR,,AFFIRMED,ONT,NOT APPLICABLE,FEDERAL,DETERMINATE,MALE,WHITE,CAUCASIAN,SCHEDULE 2
2013-2014,MAY,PAPER,DP-PRE,DP DENIED,REGULAR,,AFFIRMED,ONT,NOT APPLICABLE,FEDERAL,DETERMINATE,MALE,WHITE,CAUCASIAN,SCHEDULE 2
2013-2014,NOV,PAPER,DP-PRE,DP DENIED,REGULAR,,AFFIRMED,ATL,NOT APPLICABLE,FEDERAL,DETERMINATE,MALE,WHITE,CAUCASIAN,SCHEDULE 2
2013-2014,OCT,PAPER,DP-PRE,DP DENIED,REGULAR,,AFFIRMED,ONT,NOT APPLICABLE,FEDERAL,DETERMINATE,MALE,WHITE,CAUCASIAN,SCHE 1 W/O SEX
2013-2014,FEB,PAPER,DP-PRE,DP DENIED,REGULAR,,AFFIRMED,PRA,EDMONTON,FEDERAL,DETERMINATE,MALE,WHITE,CAUCASIAN,SCHEDULE 2
2013-2014,SEP,PAPER,DP-PRE,DP DENIED,REGULAR,,AFFIRMED,ATL,NOT APPLICABLE,PROVINCIAL,DETERMINATE,MALE,WHITE,CAUCASIAN,SCHE 1 WITH SEX
2013-2014,NOV,PAPER,DP-PRE,DP DENIED,REGULAR,,AFFIRMED,PAC,NOT APPLICABLE,FEDERAL,DETERMINATE,MALE,WHITE,CAUCASIAN,SCHE 1 W/O SEX
2013-2014,MAY,PAPER,DP-PRE,DP DENIED,REGULAR,,AFFIRMED,PRA,EDMONTON,FEDERAL,DETERMINATE,MALE,WHITE,CAUCASIAN,NON SCHEDULE
2013-2014,DEC,PAPER,DP-PRE,DP DENIED,REGULAR,,AFFIRMED,PAC,NOT APPLICABLE,FEDERAL,DETERMINATE,MALE,WHITE,CAUCASIAN,NON SCHEDULE
2013-2014,JAN,PAPER,DP-PRE,DP DENIED,REGULAR,,AFFIRMED,QUE,NOT APPLICABLE,FEDERAL,DETERMINATE,MALE,WHITE,CAUCASIAN,SCHEDULE 2
2013-2014,NOV,PAPER,DP-PRE,DP DENIED,REGULAR,,AFFIRMED,PAC,NOT APPLICABLE,FEDERAL,DETERMINATE,MALE,WHITE,CAUCASIAN,SCHE 1 WITH SEX
2013-2014,APR,PAPER,DP-PRE,DP DENIED,REGULAR,,AFFIRMED,QUE,NOT APPLICABLE,FEDERAL,DETERMINATE,MALE,WHITE,CAUCASIAN,SCHE 1 WITH SEX
2013-2014,SEP,PAPER,DP-PRE,DP DENIED,REGULAR,,AFFIRMED,ONT,NOT APPLICABLE,FEDERAL,DETERMINATE,MALE,WHITE,CAUCASIAN,NON SCHEDULE
2013-2014,MAR,PAPER,DP-PRE,DP DENIED,REGULAR,,AFFIRMED,QUE,NOT APPLICABLE,FEDERAL,DETERMINATE,MALE,WHITE,CAUCASIAN,SCHEDULE 2
2013-2014,FEB,PAPER,DP-PRE,DP DENIED,REGULAR,,AFFIRMED,PRA,SASKATOON,FEDERAL,DETERMINATE,MALE,WHITE,CAUCASIAN,NON SCHEDULE
2013-2014,SEP,PAPER,DP-PRE,DP DENIED,REGULAR,,AFFIRMED,PAC,NOT APPLICABLE,FEDERAL,DETERMINATE,MALE,WHITE,CAUCASIAN,SCHE 1 W/O SEX
2013-2014,MAR,PAPER,DP-PRE,DP DENIED,REGULAR,,AFFIRMED,ATL,NOT APPLICABLE,FEDERAL,DETERMINATE,MALE,WHITE,CAUCASIAN,SCHE 1 W/O SEX
2013-2014,FEB,PAPER,DP-PRE,DP DENIED,REGULAR,,AFFIRMED,ONT,NOT APPLICABLE,FEDERAL,DETERMINATE,MALE,WHITE,CAUCASIAN,SCHEDULE 2
2013-2014,DEC,PAPER,DP-PRE,DP DENIED,REGULAR,,AFFIRMED,PRA,EDMONTON,FEDERAL,DETERMINATE,MALE,WHITE,CAUCASIAN,NON SCHEDULE
2013-2014,JAN,PAPER,DP-PRE,DP DENIED,REGULAR,,AFFIRMED,ATL,NOT APPLICABLE,PROVINCIAL,DETERMINATE,MALE,WHITE,CAUCASIAN,SCHE 1 WITH SEX
2013-2014,APR,PAPER,DP-PRE,DP DENIED,REGULAR,,AFFIRMED,PRA,SASKATOON,FEDERAL,DETERMINATE,MALE,WHITE,CAUCASIAN,NON SCHEDULE
2013-2014,AUG,PAPER,DP-PRE,DP DENIED,REGULAR,,AFFIRMED,QUE,NOT APPLICABLE,FEDERAL,DETERMINATE,MALE,WHITE,CAUCASIAN,SCHE 1 W/O SEX
2013-2014,OCT,PAPER,DP-PRE,DP DENIED,REGULAR,,AFFIRMED,ONT,NOT APPLICABLE,FEDERAL,DETERMINATE,MALE,WHITE,CAUCASIAN,SCHE 1 WITH SEX
2013-2014,SEP,PAPER,DP-PRE,DP DENIED,REGULAR,,AFFIRMED,QUE,NOT APPLICABLE,FEDERAL,DETERMINATE,MALE,WHITE,CAUCASIAN,SCHEDULE 2
2013-2014,AUG,PAPER,DP-PRE,DP DENIED,REGULAR,,AFFIRMED,ATL,NOT APPLICABLE,PROVINCIAL,DETERMINATE,MALE,WHITE,CAUCASIAN,SCHE 1 WITH SEX
2013-2014,SEP,PAPER,DP-PRE,DP DENIED,REGULAR,,AFFIRMED,ONT,NOT APPLICABLE,FEDERAL,DETERMINATE,MALE,WHITE,CAUCASIAN,SCHEDULE 2
2013-2014,JUN,PAPER,DP-PRE,DP DENIED,REGULAR,,AFFIRMED,PAC,NOT APPLICABLE,PROVINCIAL,DETERMINATE,MALE,WHITE,CAUCASIAN,NON SCHEDULE
2013-2014,NOV,PAPER,DP-PRE,DP DENIED,REGULAR,,AFFIRMED,ONT,NOT APPLICABLE,FEDERAL,DETERMINATE,MALE,WHITE,CAUCASIAN,SCHE 1 W/O SEX
2013-2014,JUN,PAPER,DP-PRE,DP DENIED,REGULAR,,AFFIRMED,ATL,NOT APPLICABLE,PROVINCIAL,DETERMINATE,MALE,WHITE,CAUCASIAN,SCHEDULE 2
2013-2014,NOV,PAPER,DP-PRE,DP DENIED,REGULAR,,AFFIRMED,QUE,NOT APPLICABLE,FEDERAL,DETERMINATE,MALE,WHITE,CAUCASIAN,SCHE 1 W/O SEX
2013-2014,APR,PAPER,DP-PRE,DP DENIED,REGULAR,,AFFIRMED,ATL,NOT APPLICABLE,FEDERAL,INDETERMINATE,MALE,WHITE,CAUCASIAN,SCHE 1 WITH SEX
2013-2014,SEP,PAPER,DP-PRE,DP DENIED,REGULAR,,AFFIRMED,ONT,NOT APPLICABLE,FEDERAL,INDETERMINATE,MALE,WHITE,CAUCASIAN,SCHE 1 WITH SEX
2013-2014,AUG,PAPER,DP-PRE,DP DENIED,REGULAR,,AFFIRMED,PAC,NOT APPLICABLE,FEDERAL,INDETERMINATE,MALE,WHITE,CAUCASIAN,SCHE 1 W/O SEX
2013-2014,OCT,PAPER,DP-PRE,DP DENIED,REGULAR,,AFFIRMED,QUE,NOT APPLICABLE,FEDERAL,INDETERMINATE,MALE,WHITE,CAUCASIAN,MURDER 1
2013-2014,FEB,PAPER,DP-PRE,DP DENIED,REGULAR,,AFFIRMED,PRA,EDMONTON,FEDERAL,INDETERMINATE,MALE,WHITE,CAUCASIAN,MURDER 2
2013-2014,JUL,PAPER,DP-PRE,DP DENIED,REGULAR,,AFFIRMED,PRA,SASKATOON,FEDERAL,INDETERMINATE,FEMALE,WHITE,CAUCASIAN,MURDER 2
2013-2014,DEC,PAPER,DP-PRE,DP DENIED,REGULAR,,AFFIRMED,PAC,NOT APPLICABLE,FEDERAL,INDETERMINATE,MALE,WHITE,CAUCASIAN,MURDER 2
2013-2014,FEB,PAPER,DP-PRE,DP DENIED,REGULAR,,AFFIRMED,QUE,NOT APPLICABLE,FEDERAL,INDETERMINATE,MALE,WHITE,CAUCASIAN,MURDER 2
2013-2014,APR,PAPER,DP-PRE,DP DENIED,REGULAR,,AFFIRMED,ONT,NOT APPLICABLE,FEDERAL,INDETERMINATE,MALE,WHITE,CAUCASIAN,MURDER 2
2013-2014,FEB,PAPER,DP-PRE,DP DENIED,REGULAR,,AFFIRMED,PAC,NOT APPLICABLE,FEDERAL,INDETERMINATE,MALE,WHITE,CAUCASIAN,MURDER 2
2013-2014,JUL,PAPER,DP-PRE,DP DENIED,REGULAR,,AFFIRMED,ONT,NOT APPLICABLE,FEDERAL,INDETERMINATE,MALE,WHITE,CAUCASIAN,MURDER 1
2013-2014,JUN,PAPER,DP-PRE,DP DENIED,REGULAR,,AFFIRMED,ONT,NOT APPLICABLE,FEDERAL,INDETERMINATE,MALE,WHITE,CAUCASIAN,MURDER 2
2013-2014,NOV,PAPER,DP-PRE,DP DENIED,REGULAR,,AFFIRMED,ONT,NOT APPLICABLE,FEDERAL,INDETERMINATE,MALE,WHITE,CAUCASIAN,MURDER 2
2013-2014,JUL,PAPER,DP-PRE,DP DENIED,REGULAR,,AFFIRMED,ONT,NOT APPLICABLE,FEDERAL,INDETERMINATE,MALE,WHITE,CAUCASIAN,MURDER 2
2013-2014,NOV,PAPER,DP-PRE,DP DENIED,REGULAR,,AFFIRMED,PAC,NOT APPLICABLE,FEDERAL,INDETERMINATE,MALE,EAST INDIAN,OTHER/UNKNOWN,SCHE 1 WITH SEX
2013-2014,JAN,PAPER,DP-PRE,DP DENIED,REGULAR,,AFFIRMED,QUE,NOT APPLICABLE,FEDERAL,DETERMINATE,MALE,METIS,ABORIGINAL,SCHE 1 W/O SEX
2013-2014,FEB,PAPER,DP-PRE,DP DENIED,REGULAR,,AFFIRMED,QUE,NOT APPLICABLE,FEDERAL,DETERMINATE,MALE,METIS,ABORIGINAL,SCHE 1 W/O SEX
2013-2014,SEP,PAPER,DP-PRE,DP DENIED,REGULAR,,AFFIRMED,PRA,SASKATOON,FEDERAL,DETERMINATE,MALE,METIS,ABORIGINAL,NON SCHEDULE
2013-2014,JAN,PAPER,DP-PRE,DP DENIED,REGULAR,,AFFIRMED,PAC,NOT APPLICABLE,FEDERAL,DETERMINATE,MALE,METIS,ABORIGINAL,SCHEDULE 2
2013-2014,MAR,PAPER,DP-PRE,DP DENIED,REGULAR,,AFFIRMED,PRA,EDMONTON,FEDERAL,DETERMINATE,MALE,METIS,ABORIGINAL,SCHE 1 W/O SEX
2013-2014,OCT,PAPER,DP-PRE,DP DENIED,REGULAR,,AFFIRMED,QUE,NOT APPLICABLE,FEDERAL,INDETERMINATE,MALE,METIS,ABORIGINAL,SCHE 1 WITH SEX
2013-2014,DEC,PAPER,DP-PRE,DP DENIED,REGULAR,,AFFIRMED,PAC,NOT APPLICABLE,FEDERAL,INDETERMINATE,MALE,METIS,ABORIGINAL,MURDER 1
2013-2014,JAN,PAPER,DP-PRE,DP DENIED,REGULAR,,AFFIRMED,PAC,NOT APPLICABLE,PROVINCIAL,DETERMINATE,MALE,NORTH AMERICAN,ABORIGINAL,NON SCHEDULE
2013-2014,FEB,PAPER,DP-PRE,DP DENIED,REGULAR,,AFFIRMED,PRA,EDMONTON,FEDERAL,DETERMINATE,FEMALE,NORTH AMERICAN,ABORIGINAL,NON SCHEDULE
2013-2014,AUG,PAPER,DP-PRE,DP DENIED,REGULAR,,AFFIRMED,QUE,NOT APPLICABLE,FEDERAL,DETERMINATE,FEMALE,NORTH AMERICAN,ABORIGINAL,SCHEDULE 2
2013-2014,JAN,PAPER,DP-PRE,DP DENIED,REGULAR,,AFFIRMED,PRA,EDMONTON,FEDERAL,DETERMINATE,FEMALE,NORTH AMERICAN,ABORIGINAL,SCHE 1 W/O SEX
2013-2014,MAR,PAPER,DP-PRE,DP DENIED,REGULAR,,AFFIRMED,PAC,NOT APPLICABLE,PROVINCIAL,DETERMINATE,MALE,NORTH AMERICAN,ABORIGINAL,NON SCHEDULE
2013-2014,NOV,PAPER,DP-PRE,DP DENIED,REGULAR,,AFFIRMED,PRA,EDMONTON,FEDERAL,DETERMINATE,MALE,NORTH AMERICAN,ABORIGINAL,NON SCHEDULE
2013-2014,MAR,PAPER,DP-PRE,DP DENIED,REGULAR,,AFFIRMED,PRA,EDMONTON,FEDERAL,DETERMINATE,MALE,NORTH AMERICAN,ABORIGINAL,SCHEDULE 2
2013-2014,FEB,PAPER,DP-PRE,DP DENIED,REGULAR,,AFFIRMED,PRA,EDMONTON,FEDERAL,DETERMINATE,MALE,NORTH AMERICAN,ABORIGINAL,SCHE 1 W/O SEX
2013-2014,FEB,PAPER,DP-PRE,DP DENIED,REGULAR,,AFFIRMED,ATL,NOT APPLICABLE,FEDERAL,DETERMINATE,MALE,NORTH AMERICAN,ABORIGINAL,SCHE 1 WITH SEX
2013-2014,NOV,PAPER,DP-PRE,DP DENIED,REGULAR,,AFFIRMED,PRA,EDMONTON,FEDERAL,DETERMINATE,MALE,NORTH AMERICAN,ABORIGINAL,SCHEDULE 2
2013-2014,FEB,PAPER,DP-PRE,DP DENIED,REGULAR,,AFFIRMED,ATL,NOT APPLICABLE,FEDERAL,DETERMINATE,MALE,NORTH AMERICAN,ABORIGINAL,SCHE 1 W/O SEX
2013-2014,MAY,PAPER,DP-PRE,DP DENIED,REGULAR,,AFFIRMED,PRA,SASKATOON,FEDERAL,INDETERMINATE,MALE,NORTH AMERICAN,ABORIGINAL,SCHE 1 WITH SEX
2013-2014,FEB,PAPER,DP-PRE,DP DENIED,REGULAR,,AFFIRMED,PAC,NOT APPLICABLE,FEDERAL,INDETERMINATE,MALE,NORTH AMERICAN,ABORIGINAL,SCHE 1 W/O SEX
2013-2014,NOV,PAPER,DP-PRE,DP DENIED,REGULAR,,AFFIRMED,PAC,NOT APPLICABLE,FEDERAL,INDETERMINATE,FEMALE,NORTH AMERICAN,ABORIGINAL,MURDER 2
2013-2014,MAR,PAPER,DP-PRE,DP DENIED,REGULAR,,AFFIRMED,ONT,NOT APPLICABLE,FEDERAL,DETERMINATE,MALE,OTHER,OTHER/UNKNOWN,SCHE 1 W/O SEX
2013-2014,JUL,PAPER,DP-PRE,DP DENIED,REGULAR,,AFFIRMED,PAC,NOT APPLICABLE,FEDERAL,DETERMINATE,MALE,CHINESE,ASIAN,SCHE 1 W/O SEX
2013-2014,MAR,PAPER,DP-PRE,DP DENIED,REGULAR,,AFFIRMED,QUE,NOT APPLICABLE,FEDERAL,DETERMINATE,MALE,LATIN AMERICAN,OTHER/UNKNOWN,SCHE 1 W/O SEX
2013-2014,MAY,PAPER,DP-PRE,DP DENIED,REGULAR,,AFFIRMED,PAC,NOT APPLICABLE,FEDERAL,DETERMINATE,MALE,LATIN AMERICAN,OTHER/UNKNOWN,SCHE 1 WITH SEX
2013-2014,FEB,PAPER,DP-PRE,DP DENIED,REGULAR,,AFFIRMED,PRA,EDMONTON,FEDERAL,DETERMINATE,MALE,S. E. ASIAN,ASIAN,SCHE 1 W/O SEX
2013-2014,SEP,PAPER,DP-PRE,DP DENIED,REGULAR,,AFFIRMED,QUE,NOT APPLICABLE,FEDERAL,DETERMINATE,MALE,S. E. ASIAN,ASIAN,SCHEDULE 2
2013-2014,MAR,PAPER,DP-PRE,DP DENIED,REGULAR,,AFFIRMED,PAC,NOT APPLICABLE,PROVINCIAL,DETERMINATE,MALE,ASI-E/SOUTHEAST,ASIAN,SCHEDULE 2
2013-2014,SEP,PAPER,DP-PRE,DP DENIED,REGULAR,,AFFIRMED,PRA,EDMONTON,FEDERAL,DETERMINATE,MALE,ASIAN-SOUTH,ASIAN,SCHE 1 WITH SEX
2013-2014,FEB,PAPER,DP-PRE,DP DENIED,REGULAR,,AFFIRMED,ONT,NOT APPLICABLE,FEDERAL,DETERMINATE,MALE,EURO.-SOUTHERN,CAUCASIAN,NON SCHEDULE
2013-2014,FEB,PAPER,DP-PRE,DP DENIED,REGULAR,,AFFIRMED,PRA,SASKATOON,FEDERAL,DETERMINATE,MALE,MULTIRAC/ETHNIC,OTHER/UNKNOWN,SCHEDULE 2
2013-2014,JUN,PAPER,DP-PRE,DP DENIED,REGULAR,,AFFIRMED,QUE,NOT APPLICABLE,FEDERAL,DETERMINATE,MALE,MULTIRAC/ETHNIC,OTHER/UNKNOWN,SCHE 1 W/O SEX
2013-2014,FEB,PAPER,DP-PRE,DP DENIED,REGULAR,,AFFIRMED,ONT,NOT APPLICABLE,FEDERAL,DETERMINATE,MALE,MULTIRAC/ETHNIC,OTHER/UNKNOWN,SCHE 1 W/O SEX
2013-2014,JUL,PAPER,DP-PRE,DP DENIED,REGULAR,,AFFIRMED,PRA,EDMONTON,FEDERAL,DETERMINATE,MALE,MULTIRAC/ETHNIC,OTHER/UNKNOWN,SCHEDULE 2
2013-2014,DEC,PAPER,DP-PRE,DP DENIED,REGULAR,,PAN.HEAR.ORDER.,ONT,NOT APPLICABLE,FEDERAL,DETERMINATE,MALE,BLACK,BLACK,SCHEDULE 2
2013-2014,MAY,PAPER,DP-PRE,DP DENIED,REGULAR,,PAN.HEAR.ORDER.,QUE,NOT APPLICABLE,FEDERAL,DETERMINATE,MALE,BLACK,BLACK,SCHEDULE 2
2013-2014,JAN,PAPER,DP-PRE,DP DENIED,REGULAR,,PAN.HEAR.ORDER.,ONT,NOT APPLICABLE,FEDERAL,DETERMINATE,FEMALE,BLACK,BLACK,SCHE 1 W/O SEX
2013-2014,APR,PAPER,DP-PRE,DP DENIED,REGULAR,,PAN.HEAR.ORDER.,QUE,NOT APPLICABLE,FEDERAL,DETERMINATE,MALE,WHITE,CAUCASIAN,SCHE 1 W/O SEX
2013-2014,MAR,PAPER,DP-PRE,DP DENIED,REGULAR,,PAN.HEAR.ORDER.,PRA,EDMONTON,FEDERAL,DETERMINATE,MALE,WHITE,CAUCASIAN,NON SCHEDULE
2013-2014,AUG,PAPER,DP-PRE,DP DENIED,REGULAR,,PAN.HEAR.ORDER.,QUE,NOT APPLICABLE,FEDERAL,DETERMINATE,MALE,WHITE,CAUCASIAN,SCHE 1 W/O SEX
2013-2014,OCT,PAPER,DP-PRE,DP DENIED,REGULAR,,PAN.HEAR.ORDER.,PRA,SASKATOON,FEDERAL,DETERMINATE,MALE,WHITE,CAUCASIAN,NON SCHEDULE
2013-2014,NOV,PAPER,DP-PRE,DP DENIED,REGULAR,,PAN.HEAR.ORDER.,ONT,NOT APPLICABLE,FEDERAL,DETERMINATE,FEMALE,WHITE,CAUCASIAN,NON SCHEDULE
2013-2014,JUN,PAPER,DP-PRE,DP DENIED,REGULAR,,PAN.HEAR.ORDER.,PRA,EDMONTON,FEDERAL,DETERMINATE,MALE,WHITE,CAUCASIAN,NON SCHEDULE
2013-2014,JAN,PAPER,DP-PRE,DP DENIED,REGULAR,,PAN.HEAR.ORDER.,QUE,NOT APPLICABLE,FEDERAL,DETERMINATE,MALE,WHITE,CAUCASIAN,NON SCHEDULE
2013-2014,MAY,PAPER,DP-PRE,DP DENIED,REGULAR,,PAN.HEAR.ORDER.,PRA,EDMONTON,FEDERAL,DETERMINATE,FEMALE,METIS,ABORIGINAL,SCHE 1 W/O SEX
2013-2014,MAR,PAPER,DP-PRE,DP DENIED,REGULAR,,PAN.HEAR.ORDER.,ONT,NOT APPLICABLE,FEDERAL,DETERMINATE,MALE,NORTH AMERICAN,ABORIGINAL,SCHE 1 W/O SEX
2013-2014,DEC,PAPER,DP-PRE,DP DENIED,REGULAR,,PAN.HEAR.ORDER.,PRA,SASKATOON,FEDERAL,DETERMINATE,MALE,NORTH AMERICAN,ABORIGINAL,SCHE 1 W/O SEX
2013-2014,MAY,PAPER,DP-PRE,DP DENIED,REGULAR,,PAN.HEAR.ORDER.,PAC,NOT APPLICABLE,FEDERAL,DETERMINATE,FEMALE,SOUTH ASIAN,ASIAN,NON SCHEDULE
2013-2014,JUN,PAPER,DP-PRE,DP DENIED,REGULAR,,PAN.HEAR.ORDER.,ONT,NOT APPLICABLE,FEDERAL,DETERMINATE,MALE,S. E. ASIAN,ASIAN,SCHE 1 W/O SEX
2013-2014,AUG,PAPER,DP-PRE,DP DENIED,REGULAR,,REVIEW ORDERED,PAC,NOT APPLICABLE,PROVINCIAL,DETERMINATE,MALE,BLACK,BLACK,NON SCHEDULE
2013-2014,AUG,PAPER,DP-PRE,DP DENIED,REGULAR,,REVIEW ORDERED,PAC,NOT APPLICABLE,PROVINCIAL,DETERMINATE,MALE,WHITE,CAUCASIAN,SCHE 1 W/O SEX
2013-2014,JAN,PAPER,DP-PRE,DP DENIED,REGULAR,,REVIEW ORDERED,ATL,NOT APPLICABLE,PROVINCIAL,DETERMINATE,MALE,WHITE,CAUCASIAN,SCHE 1 W/O SEX
2013-2014,MAY,PAPER,DP-POST,DP REVOKED,REGULAR,,AFFIRMED,QUE,NOT APPLICABLE,FEDERAL,DETERMINATE,MALE,ARAB/WEST ASIAN,OTHER/UNKNOWN,SCHE 1 W/O SEX
2013-2014,FEB,PAPER,DP-POST,DP REVOKED,REGULAR,,AFFIRMED,ATL,NOT APPLICABLE,FEDERAL,DETERMINATE,MALE,BLACK,BLACK,NON SCHEDULE
2013-2014,AUG,PAPER,DP-POST,DP REVOKED,REGULAR,,AFFIRMED,ATL,NOT APPLICABLE,FEDERAL,DETERMINATE,MALE,WHITE,CAUCASIAN,SCHEDULE 2
2013-2014,OCT,PAPER,DP-POST,DP REVOKED,REGULAR,,AFFIRMED,ONT,NOT APPLICABLE,FEDERAL,DETERMINATE,MALE,WHITE,CAUCASIAN,SCHE 1 WITH SEX
2013-2014,MAR,PAPER,DP-POST,DP REVOKED,REGULAR,,AFFIRMED,QUE,NOT APPLICABLE,FEDERAL,DETERMINATE,MALE,WHITE,CAUCASIAN,SCHEDULE 2
2013-2014,FEB,PAPER,DP-POST,DP REVOKED,REGULAR,,AFFIRMED,PRA,SASKATOON,FEDERAL,DETERMINATE,MALE,WHITE,CAUCASIAN,SCHE 1 W/O SEX
2013-2014,MAY,PAPER,DP-POST,DP REVOKED,REGULAR,,AFFIRMED,QUE,NOT APPLICABLE,FEDERAL,DETERMINATE,MALE,WHITE,CAUCASIAN,NON SCHEDULE
2013-2014,AUG,PAPER,DP-POST,DP REVOKED,REGULAR,,AFFIRMED,PRA,EDMONTON,FEDERAL,DETERMINATE,MALE,WHITE,CAUCASIAN,SCHEDULE 2
2013-2014,MAR,PAPER,DP-POST,DP REVOKED,REGULAR,,AFFIRMED,ATL,NOT APPLICABLE,FEDERAL,DETERMINATE,MALE,WHITE,CAUCASIAN,SCHE 1 W/O SEX
2013-2014,DEC,PAPER,DP-POST,DP REVOKED,REGULAR,,AFFIRMED,PAC,NOT APPLICABLE,FEDERAL,DETERMINATE,MALE,WHITE,CAUCASIAN,SCHE 1 W/O SEX
2013-2014,FEB,PAPER,DP-POST,DP REVOKED,REGULAR,,AFFIRMED,QUE,NOT APPLICABLE,FEDERAL,DETERMINATE,MALE,WHITE,CAUCASIAN,SCHE 1 W/O SEX
2013-2014,MAY,PAPER,DP-POST,DP REVOKED,REGULAR,,AFFIRMED,PRA,SASKATOON,FEDERAL,DETERMINATE,MALE,WHITE,CAUCASIAN,SCHE 1 WITH SEX
2013-2014,MAR,PAPER,DP-POST,DP REVOKED,REGULAR,,AFFIRMED,PRA,SASKATOON,FEDERAL,DETERMINATE,MALE,WHITE,CAUCASIAN,SCHE 1 W/O SEX
2013-2014,FEB,PAPER,DP-POST,DP REVOKED,REGULAR,,AFFIRMED,QUE,NOT APPLICABLE,FEDERAL,DETERMINATE,MALE,WHITE,CAUCASIAN,SCHE 1 W/O SEX
2013-2014,MAY,PAPER,DP-POST,DP REVOKED,REGULAR,,AFFIRMED,ONT,NOT APPLICABLE,FEDERAL,DETERMINATE,MALE,WHITE,CAUCASIAN,SCHE 1 W/O SEX
2013-2014,JAN,PAPER,DP-POST,DP REVOKED,REGULAR,,AFFIRMED,ONT,NOT APPLICABLE,FEDERAL,INDETERMINATE,MALE,WHITE,CAUCASIAN,SCHE 1 W/O SEX
2013-2014,JAN,PAPER,DP-POST,DP REVOKED,REGULAR,,AFFIRMED,PAC,NOT APPLICABLE,FEDERAL,INDETERMINATE,MALE,WHITE,CAUCASIAN,MURDER 2
2013-2014,FEB,PAPER,DP-POST,DP REVOKED,REGULAR,,AFFIRMED,ONT,NOT APPLICABLE,FEDERAL,INDETERMINATE,MALE,WHITE,CAUCASIAN,MURDER 2
2013-2014,JAN,PAPER,DP-POST,DP REVOKED,REGULAR,,AFFIRMED,QUE,NOT APPLICABLE,FEDERAL,DETERMINATE,MALE,METIS,ABORIGINAL,SCHEDULE 2
2013-2014,NOV,PAPER,DP-POST,DP REVOKED,REGULAR,,AFFIRMED,QUE,NOT APPLICABLE,FEDERAL,DETERMINATE,MALE,METIS,ABORIGINAL,SCHE 1 W/O SEX
2013-2014,JAN,PAPER,DP-POST,DP REVOKED,REGULAR,,AFFIRMED,PRA,SASKATOON,FEDERAL,DETERMINATE,MALE,METIS,ABORIGINAL,SCHE 1 W/O SEX
2013-2014,SEP,PAPER,DP-POST,DP REVOKED,REGULAR,,AFFIRMED,QUE,NOT APPLICABLE,FEDERAL,DETERMINATE,MALE,METIS,ABORIGINAL,SCHE 1 W/O SEX
2013-2014,AUG,PAPER,DP-POST,DP REVOKED,REGULAR,,AFFIRMED,PRA,EDMONTON,FEDERAL,DETERMINATE,MALE,S. E. ASIAN,ASIAN,SCHE 1 W/O SEX
2013-2014,JAN,PAPER,DP-POST,DP REVOKED,REGULAR,,REVIEW ORDERED,ONT,NOT APPLICABLE,FEDERAL,DETERMINATE,MALE,BLACK,BLACK,NON SCHEDULE
2013-2014,DEC,PAPER,DP-POST,DP REVOKED,REGULAR,,REVIEW ORDERED,ATL,NOT APPLICABLE,FEDERAL,DETERMINATE,MALE,BLACK,BLACK,SCHEDULE 2
2013-2014,OCT,PAPER,DP-POST,DP REVOKED,REGULAR,,REVIEW ORDERED,QUE,NOT APPLICABLE,FEDERAL,DETERMINATE,MALE,WHITE,CAUCASIAN,SCHEDULE 2
2013-2014,NOV,PAPER,DP-POST,DP REVOKED,REGULAR,,REVIEW ORDERED,ONT,NOT APPLICABLE,FEDERAL,DETERMINATE,MALE,WHITE,CAUCASIAN,SCHEDULE 2
2013-2014,JAN,PAPER,DP-POST,DP REVOKED,REGULAR,,REVIEW ORDERED,ONT,NOT APPLICABLE,FEDERAL,DETERMINATE,MALE,WHITE,CAUCASIAN,SCHE 1 W/O SEX
2013-2014,NOV,PAPER,DP-POST,DP REVOKED,REGULAR,,REVIEW ORDERED,PAC,NOT APPLICABLE,FEDERAL,DETERMINATE,MALE,WHITE,CAUCASIAN,SCHE 1 W/O SEX
2013-2014,OCT,PAPER,DP-POST,DP REVOKED,REGULAR,,REVIEW ORDERED,PRA,SASKATOON,FEDERAL,DETERMINATE,MALE,WHITE,CAUCASIAN,SCHEDULE 2
2013-2014,MAR,PAPER,DP-POST,DP REVOKED,REGULAR,,REVIEW ORDERED,PRA,EDMONTON,FEDERAL,DETERMINATE,MALE,WHITE,CAUCASIAN,SCHE 1 W/O SEX
2013-2014,OCT,PAPER,DP-POST,DP REVOKED,REGULAR,,REVIEW ORDERED,PRA,EDMONTON,FEDERAL,DETERMINATE,MALE,WHITE,CAUCASIAN,SCHE 1 W/O SEX
2013-2014,FEB,PAPER,DP-POST,DP REVOKED,REGULAR,,REVIEW ORDERED,PAC,NOT APPLICABLE,FEDERAL,DETERMINATE,MALE,WHITE,CAUCASIAN,NON SCHEDULE
2013-2014,AUG,PAPER,DP-POST,DP REVOKED,REGULAR,,REVIEW ORDERED,ATL,NOT APPLICABLE,FEDERAL,INDETERMINATE,MALE,WHITE,CAUCASIAN,MURDER 2
2013-2014,JUL,PAPER,DP-POST,DP REVOKED,REGULAR,,REVIEW ORDERED,PAC,NOT APPLICABLE,FEDERAL,DETERMINATE,MALE,SOUTH ASIAN,ASIAN,SCHE 1 W/O SEX
2013-2014,SEP,PAPER,UTA-PRE,UTA NOT AUTHOR.,REGULAR,,AFFIRMED,ONT,NOT APPLICABLE,FEDERAL,DETERMINATE,MALE,WHITE,CAUCASIAN,SCHE 1 WITH SEX
2013-2014,JUN,PAPER,UTA-PRE,UTA NOT AUTHOR.,REGULAR,,AFFIRMED,ONT,NOT APPLICABLE,FEDERAL,INDETERMINATE,MALE,WHITE,CAUCASIAN,MURDER 2
2013-2014,JUN,PAPER,UTA-PRE,UTA NOT AUTHOR.,REGULAR,,AFFIRMED,ONT,NOT APPLICABLE,FEDERAL,INDETERMINATE,MALE,WHITE,CAUCASIAN,MURDER 1
2013-2014,FEB,PAPER,UTA-PRE,UTA NOT AUTHOR.,REGULAR,,AFFIRMED,ONT,NOT APPLICABLE,FEDERAL,INDETERMINATE,MALE,WHITE,CAUCASIAN,MURDER 2
2013-2014,DEC,PAPER,UTA-PRE,UTA NOT AUTHOR.,REGULAR,,AFFIRMED,QUE,NOT APPLICABLE,FEDERAL,DETERMINATE,MALE,WHITE,CAUCASIAN,SCHE 1 W/O SEX
2013-2014,JUN,PAPER,UTA-PRE,UTA NOT AUTHOR.,REGULAR,,AFFIRMED,ONT,NOT APPLICABLE,FEDERAL,INDETERMINATE,MALE,WHITE,CAUCASIAN,MURDER 1
2013-2014,JUL,PAPER,UTA-PRE,UTA NOT AUTHOR.,REGULAR,,AFFIRMED,PRA,SASKATOON,FEDERAL,INDETERMINATE,FEMALE,WHITE,CAUCASIAN,MURDER 2
2013-2014,FEB,PAPER,UTA-PRE,UTA NOT AUTHOR.,REGULAR,,AFFIRMED,ONT,NOT APPLICABLE,FEDERAL,INDETERMINATE,MALE,WHITE,CAUCASIAN,MURDER 2
2013-2014,FEB,PAPER,UTA-PRE,UTA NOT AUTHOR.,REGULAR,,AFFIRMED,PRA,EDMONTON,FEDERAL,INDETERMINATE,MALE,WHITE,CAUCASIAN,MURDER 2
2013-2014,DEC,PAPER,UTA-PRE,UTA NOT AUTHOR.,REGULAR,,AFFIRMED,PAC,NOT APPLICABLE,FEDERAL,INDETERMINATE,MALE,METIS,ABORIGINAL,MURDER 1
2013-2014,JUL,PAPER,UTA-PRE,UTA NOT AUTHOR.,REGULAR,,AFFIRMED,ONT,NOT APPLICABLE,FEDERAL,INDETERMINATE,MALE,WHITE,CAUCASIAN,MURDER 2
2013-2014,DEC,PAPER,UTA-PRE,UTA NOT AUTHOR.,REGULAR,,AFFIRMED,PAC,NOT APPLICABLE,FEDERAL,INDETERMINATE,MALE,METIS,ABORIGINAL,MURDER 1
2013-2014,DEC,PAPER,UTA-PRE,UTA NOT AUTHOR.,REGULAR,,AFFIRMED,PAC,NOT APPLICABLE,FEDERAL,INDETERMINATE,MALE,METIS,ABORIGINAL,MURDER 1
2013-2014,DEC,PAPER,UTA-PRE,UTA NOT AUTHOR.,REGULAR,,AFFIRMED,PAC,NOT APPLICABLE,FEDERAL,INDETERMINATE,MALE,METIS,ABORIGINAL,MURDER 1
2013-2014,DEC,PAPER,UTA-PRE,UTA NOT AUTHOR.,REGULAR,,AFFIRMED,PAC,NOT APPLICABLE,FEDERAL,INDETERMINATE,MALE,WHITE,CAUCASIAN,MURDER 2
2013-2014,MAY,PAPER,UTA-POST,UTA AUTH.CAN.PT,REGULAR,,AFFIRMED,PRA,EDMONTON,FEDERAL,INDETERMINATE,MALE,WHITE,CAUCASIAN,MURDER 2
2013-2014,MAY,PAPER,UTA-POST,UTA AUTH.CAN.PT,REGULAR,,AFFIRMED,PRA,EDMONTON,FEDERAL,INDETERMINATE,MALE,WHITE,CAUCASIAN,MURDER 2
2013-2014,DEC,PAPER,SR-POST,SR REVOKED,REGULAR,,AFFIRMED,ONT,NOT APPLICABLE,FEDERAL,DETERMINATE,MALE,ASIATIC,ASIAN,SCHE 1 W/O SEX
2013-2014,JAN,PAPER,SR-POST,SR REVOKED,REGULAR,,AFFIRMED,ONT,NOT APPLICABLE,FEDERAL,DETERMINATE,MALE,BLACK,BLACK,SCHE 1 W/O SEX
2013-2014,JAN,PAPER,SR-POST,SR REVOKED,REGULAR,,AFFIRMED,QUE,NOT APPLICABLE,FEDERAL,DETERMINATE,MALE,BLACK,BLACK,SCHEDULE 2
2013-2014,JUN,PAPER,SR-POST,SR REVOKED,REGULAR,,AFFIRMED,ONT,NOT APPLICABLE,FEDERAL,DETERMINATE,MALE,BLACK,BLACK,SCHEDULE 2
2013-2014,APR,PAPER,SR-POST,SR REVOKED,REGULAR,,AFFIRMED,PRA,SASKATOON,FEDERAL,DETERMINATE,MALE,WHITE,CAUCASIAN,SCHE 1 W/O SEX
2013-2014,FEB,PAPER,SR-POST,SR REVOKED,REGULAR,,AFFIRMED,PAC,NOT APPLICABLE,FEDERAL,DETERMINATE,MALE,WHITE,CAUCASIAN,SCHE 1 W/O SEX
2013-2014,MAR,PAPER,SR-POST,SR REVOKED,REGULAR,,AFFIRMED,PRA,EDMONTON,FEDERAL,DETERMINATE,MALE,WHITE,CAUCASIAN,SCHE 1 W/O SEX
2013-2014,DEC,PAPER,SR-POST,SR REVOKED,REGULAR,,AFFIRMED,PRA,SASKATOON,FEDERAL,DETERMINATE,MALE,WHITE,CAUCASIAN,NON SCHEDULE
2013-2014,OCT,PAPER,SR-POST,SR REVOKED,REGULAR,,AFFIRMED,ONT,NOT APPLICABLE,FEDERAL,DETERMINATE,MALE,WHITE,CAUCASIAN,SCHE 1 W/O SEX
2013-2014,DEC,PAPER,SR-POST,SR REVOKED,REGULAR,,AFFIRMED,QUE,NOT APPLICABLE,FEDERAL,DETERMINATE,MALE,WHITE,CAUCASIAN,SCHE 1 W/O SEX
2013-2014,AUG,PAPER,SR-POST,SR REVOKED,REGULAR,,AFFIRMED,PRA,EDMONTON,FEDERAL,DETERMINATE,MALE,WHITE,CAUCASIAN,SCHE 1 W/O SEX
2013-2014,MAY,PAPER,SR-POST,SR REVOKED,REGULAR,,AFFIRMED,ONT,NOT APPLICABLE,FEDERAL,DETERMINATE,MALE,WHITE,CAUCASIAN,SCHE 1 W/O SEX
2013-2014,MAR,PAPER,SR-POST,SR REVOKED,REGULAR,,AFFIRMED,ONT,NOT APPLICABLE,FEDERAL,DETERMINATE,MALE,WHITE,CAUCASIAN,NON SCHEDULE
2013-2014,JAN,PAPER,SR-POST,SR REVOKED,REGULAR,,AFFIRMED,PAC,NOT APPLICABLE,FEDERAL,DETERMINATE,MALE,WHITE,CAUCASIAN,SCHE 1 W/O SEX
2013-2014,NOV,PAPER,SR-POST,SR REVOKED,REGULAR,,AFFIRMED,QUE,NOT APPLICABLE,FEDERAL,DETERMINATE,MALE,WHITE,CAUCASIAN,SCHE 1 W/O SEX
2013-2014,JUL,PAPER,SR-POST,SR REVOKED,REGULAR,,AFFIRMED,ONT,NOT APPLICABLE,FEDERAL,DETERMINATE,MALE,WHITE,CAUCASIAN,SCHE 1 W/O SEX
2013-2014,MAR,PAPER,SR-POST,SR REVOKED,REGULAR,,AFFIRMED,QUE,NOT APPLICABLE,FEDERAL,DETERMINATE,MALE,WHITE,CAUCASIAN,SCHE 1 W/O SEX
2013-2014,SEP,PAPER,SR-POST,SR REVOKED,REGULAR,,AFFIRMED,ONT,NOT APPLICABLE,FEDERAL,DETERMINATE,MALE,WHITE,CAUCASIAN,SCHE 1 W/O SEX
2013-2014,MAR,PAPER,SR-POST,SR REVOKED,REGULAR,,AFFIRMED,PRA,SASKATOON,FEDERAL,DETERMINATE,MALE,WHITE,CAUCASIAN,SCHE 1 W/O SEX
2013-2014,APR,PAPER,SR-POST,SR REVOKED,REGULAR,,AFFIRMED,ONT,NOT APPLICABLE,FEDERAL,DETERMINATE,MALE,WHITE,CAUCASIAN,NON SCHEDULE
2013-2014,SEP,PAPER,SR-POST,SR REVOKED,REGULAR,,AFFIRMED,ONT,NOT APPLICABLE,FEDERAL,DETERMINATE,MALE,WHITE,CAUCASIAN,SCHE 1 W/O SEX
2013-2014,OCT,PAPER,SR-POST,SR REVOKED,REGULAR,,AFFIRMED,QUE,NOT APPLICABLE,FEDERAL,DETERMINATE,MALE,WHITE,CAUCASIAN,SCHE 1 W/O SEX
2013-2014,JAN,PAPER,SR-POST,SR REVOKED,REGULAR,,AFFIRMED,ONT,NOT APPLICABLE,FEDERAL,DETERMINATE,MALE,WHITE,CAUCASIAN,NON SCHEDULE
2013-2014,FEB,PAPER,SR-POST,SR REVOKED,REGULAR,,AFFIRMED,QUE,NOT APPLICABLE,FEDERAL,DETERMINATE,MALE,WHITE,CAUCASIAN,SCHE 1 W/O SEX
2013-2014,MAY,PAPER,SR-POST,SR REVOKED,REGULAR,,AFFIRMED,QUE,NOT APPLICABLE,FEDERAL,DETERMINATE,MALE,WHITE,CAUCASIAN,SCHE 1 WITH SEX
2013-2014,FEB,PAPER,SR-POST,SR REVOKED,REGULAR,,AFFIRMED,QUE,NOT APPLICABLE,FEDERAL,DETERMINATE,MALE,WHITE,CAUCASIAN,SCHE 1 WITH SEX
2013-2014,JAN,PAPER,SR-POST,SR REVOKED,REGULAR,,AFFIRMED,QUE,NOT APPLICABLE,FEDERAL,DETERMINATE,MALE,METIS,ABORIGINAL,SCHE 1 W/O SEX
2013-2014,JUL,PAPER,SR-POST,SR REVOKED,REGULAR,,AFFIRMED,QUE,NOT APPLICABLE,FEDERAL,DETERMINATE,MALE,METIS,ABORIGINAL,NON SCHEDULE
2013-2014,NOV,PAPER,SR-POST,SR REVOKED,REGULAR,,AFFIRMED,PRA,EDMONTON,FEDERAL,DETERMINATE,MALE,METIS,ABORIGINAL,SCHE 1 W/O SEX
2013-2014,MAY,PAPER,SR-POST,SR REVOKED,REGULAR,,AFFIRMED,PRA,SASKATOON,FEDERAL,DETERMINATE,MALE,NORTH AMERICAN,ABORIGINAL,SCHE 1 W/O SEX
2013-2014,MAY,PAPER,SR-POST,SR REVOKED,REGULAR,,AFFIRMED,PRA,EDMONTON,FEDERAL,DETERMINATE,MALE,NORTH AMERICAN,ABORIGINAL,NON SCHEDULE
2013-2014,MAR,PAPER,SR-POST,SR REVOKED,REGULAR,,AFFIRMED,QUE,NOT APPLICABLE,FEDERAL,DETERMINATE,MALE,NORTH AMERICAN,ABORIGINAL,SCHE 1 W/O SEX
2013-2014,SEP,PAPER,SR-POST,SR REVOKED,REGULAR,,AFFIRMED,PAC,NOT APPLICABLE,FEDERAL,DETERMINATE,MALE,NORTH AMERICAN,ABORIGINAL,NON SCHEDULE
2013-2014,OCT,PAPER,SR-POST,SR REVOKED,REGULAR,,AFFIRMED,ONT,NOT APPLICABLE,FEDERAL,DETERMINATE,MALE,NORTH AMERICAN,ABORIGINAL,SCHE 1 W/O SEX
2013-2014,SEP,PAPER,SR-POST,SR REVOKED,REGULAR,,AFFIRMED,ONT,NOT APPLICABLE,FEDERAL,DETERMINATE,MALE,OTHER,OTHER/UNKNOWN,SCHE 1 W/O SEX
2013-2014,MAR,PAPER,SR-POST,SR REVOKED,REGULAR,,AFFIRMED,PAC,NOT APPLICABLE,FEDERAL,DETERMINATE,MALE,SOUTH ASIAN,ASIAN,SCHE 1 W/O SEX
2013-2014,NOV,PAPER,SR-POST,SR REVOKED,REGULAR,,PAN.HEAR.ORDER.,PRA,EDMONTON,FEDERAL,DETERMINATE,MALE,METIS,ABORIGINAL,SCHE 1 W/O SEX
2013-2014,MAR,PAPER,SR-POST,SR REVOKED,REGULAR,,REVIEW ORDERED,ONT,NOT APPLICABLE,FEDERAL,DETERMINATE,MALE,ARAB/WEST ASIAN,OTHER/UNKNOWN,NON SCHEDULE
2013-2014,NOV,PAPER,SR-POST,SR REVOKED,REGULAR,,REVIEW ORDERED,ONT,NOT APPLICABLE,FEDERAL,DETERMINATE,MALE,BLACK,BLACK,SCHEDULE 2
2013-2014,DEC,PAPER,SR-POST,SR REVOKED,REGULAR,,REVIEW ORDERED,PRA,EDMONTON,FEDERAL,DETERMINATE,MALE,WHITE,CAUCASIAN,SCHE 1 W/O SEX
2013-2014,DEC,PAPER,SR-POST,SR REVOKED,REGULAR,,REVIEW ORDERED,PAC,NOT APPLICABLE,FEDERAL,DETERMINATE,MALE,WHITE,CAUCASIAN,SCHE 1 W/O SEX
2013-2014,AUG,PAPER,SR-POST,SR REVOKED,REGULAR,,REVIEW ORDERED,PRA,EDMONTON,FEDERAL,DETERMINATE,MALE,WHITE,CAUCASIAN,NON SCHEDULE
2013-2014,JUN,PAPER,SR-POST,SR REVOKED,REGULAR,,REVIEW ORDERED,ONT,NOT APPLICABLE,FEDERAL,DETERMINATE,MALE,WHITE,CAUCASIAN,SCHE 1 W/O SEX
2013-2014,JUL,PAPER,SR-POST,SR REVOKED,REGULAR,,REVIEW ORDERED,PRA,EDMONTON,FEDERAL,DETERMINATE,FEMALE,METIS,ABORIGINAL,NON SCHEDULE
2013-2014,FEB,PAPER,SR-POST,ONE CH SR REVO.,REGULAR,,REVIEW ORDERED,PRA,SASKATOON,FEDERAL,DETERMINATE,MALE,BLACK,BLACK,SCHE 1 W/O SEX
2013-2014,APR,PAPER,DETENTION,DETENT. ORDERED,REGULAR,,AFFIRMED,ONT,NOT APPLICABLE,FEDERAL,DETERMINATE,MALE,UNK,OTHER/UNKNOWN,SCHE 1 W/O SEX
2013-2014,OCT,PAPER,DETENTION,DETENT. ORDERED,REGULAR,,AFFIRMED,ONT,NOT APPLICABLE,FEDERAL,DETERMINATE,MALE,BLACK,BLACK,SCHE 1 WITH SEX
2013-2014,AUG,PAPER,DETENTION,DETENT. ORDERED,REGULAR,,AFFIRMED,PRA,SASKATOON,FEDERAL,DETERMINATE,MALE,BLACK,BLACK,SCHE 1 W/O SEX
2013-2014,SEP,PAPER,DETENTION,DETENT. ORDERED,REGULAR,,AFFIRMED,PRA,SASKATOON,FEDERAL,DETERMINATE,MALE,WHITE,CAUCASIAN,SCHE 1 W/O SEX
2013-2014,JUL,PAPER,DETENTION,DETENT. ORDERED,REGULAR,,AFFIRMED,QUE,NOT APPLICABLE,FEDERAL,DETERMINATE,MALE,WHITE,CAUCASIAN,SCHEDULE 2
2013-2014,MAY,PAPER,DETENTION,DETENT. ORDERED,REGULAR,,AFFIRMED,PRA,EDMONTON,FEDERAL,DETERMINATE,MALE,WHITE,CAUCASIAN,SCHE 1 WITH SEX
2013-2014,AUG,PAPER,DETENTION,DETENT. ORDERED,REGULAR,,AFFIRMED,PRA,SASKATOON,FEDERAL,DETERMINATE,MALE,WHITE,CAUCASIAN,SCHE 1 W/O SEX
2013-2014,AUG,PAPER,DETENTION,DETENT. ORDERED,REGULAR,,AFFIRMED,ONT,NOT APPLICABLE,FEDERAL,DETERMINATE,MALE,WHITE,CAUCASIAN,SCHE 1 W/O SEX
2013-2014,JUN,PAPER,DETENTION,DETENT. ORDERED,REGULAR,,AFFIRMED,QUE,NOT APPLICABLE,FEDERAL,DETERMINATE,MALE,WHITE,CAUCASIAN,SCHE 1 W/O SEX
2013-2014,AUG,PAPER,DETENTION,DETENT. ORDERED,REGULAR,,AFFIRMED,PRA,SASKATOON,FEDERAL,DETERMINATE,MALE,WHITE,CAUCASIAN,SCHEDULE 2
2013-2014,DEC,PAPER,DETENTION,DETENT. ORDERED,REGULAR,,AFFIRMED,PAC,NOT APPLICABLE,FEDERAL,DETERMINATE,MALE,WHITE,CAUCASIAN,SCHE 1 WITH SEX
2013-2014,JUL,PAPER,DETENTION,DETENT. ORDERED,REGULAR,,AFFIRMED,PRA,SASKATOON,FEDERAL,DETERMINATE,MALE,WHITE,CAUCASIAN,SCHE 1 W/O SEX
2013-2014,JAN,PAPER,DETENTION,DETENT. ORDERED,REGULAR,,AFFIRMED,PAC,NOT APPLICABLE,FEDERAL,DETERMINATE,MALE,WHITE,CAUCASIAN,SCHE 1 W/O SEX
2013-2014,JUL,PAPER,DETENTION,DETENT. ORDERED,REGULAR,,AFFIRMED,ONT,NOT APPLICABLE,FEDERAL,DETERMINATE,MALE,METIS,ABORIGINAL,SCHE 1 W/O SEX
2013-2014,NOV,PAPER,DETENTION,DETENT. ORDERED,REGULAR,,AFFIRMED,PAC,NOT APPLICABLE,FEDERAL,DETERMINATE,MALE,NORTH AMERICAN,ABORIGINAL,SCHE 1 W/O SEX
2013-2014,OCT,PAPER,DETENTION,DETENT. ORDERED,REGULAR,,AFFIRMED,ONT,NOT APPLICABLE,FEDERAL,DETERMINATE,MALE,NORTH AMERICAN,ABORIGINAL,SCHE 1 WITH SEX
2013-2014,FEB,PAPER,DETENTION,DETENT. ORDERED,REGULAR,,AFFIRMED,PRA,SASKATOON,FEDERAL,DETERMINATE,MALE,NORTH AMERICAN,ABORIGINAL,SCHE 1 W/O SEX
2013-2014,NOV,PAPER,DETENTION,DETENT. ORDERED,REGULAR,,AFFIRMED,PRA,SASKATOON,FEDERAL,DETERMINATE,MALE,NORTH AMERICAN,ABORIGINAL,NON SCHEDULE
2013-2014,SEP,PAPER,DETENTION,DETENT. ORDERED,REGULAR,,AFFIRMED,PRA,SASKATOON,FEDERAL,DETERMINATE,MALE,NORTH AMERICAN,ABORIGINAL,SCHE 1 W/O SEX
2013-2014,JAN,PAPER,DETENTION,DETENT. ORDERED,REGULAR,,AFFIRMED,ONT,NOT APPLICABLE,FEDERAL,DETERMINATE,MALE,NORTH AMERICAN,ABORIGINAL,SCHE 1 WITH SEX
2013-2014,APR,PAPER,DETENTION,DETENT. ORDERED,REGULAR,,AFFIRMED,ATL,NOT APPLICABLE,FEDERAL,DETERMINATE,MALE,OTHER,OTHER/UNKNOWN,SCHE 1 WITH SEX
2013-2014,JAN,PAPER,DETENTION,DETENT. ORDERED,REGULAR,,AFFIRMED,PRA,EDMONTON,FEDERAL,DETERMINATE,MALE,LATIN AMERICAN,OTHER/UNKNOWN,SCHE 1 WITH SEX
2013-2014,SEP,PAPER,DETENTION,DETENT. ORDERED,REGULAR,,AFFIRMED,ONT,NOT APPLICABLE,FEDERAL,DETERMINATE,MALE,S. E. ASIAN,ASIAN,SCHE 1 WITH SEX
2013-2014,JAN,PAPER,DETENTION,DETENT. ORDERED,REGULAR,,AFFIRMED,ONT,NOT APPLICABLE,FEDERAL,DETERMINATE,MALE,CARIBBEAN,BLACK,NON SCHEDULE
2013-2014,JAN,PAPER,DETENTION,DETENT. ORDERED,REGULAR,,PAN.HEAR.ORDER.,PRA,EDMONTON,FEDERAL,DETERMINATE,MALE,WHITE,CAUCASIAN,SCHE 1 WITH SEX
2013-2014,OCT,PAPER,DETENTION,DETENT. ORDERED,REGULAR,,PAN.HEAR.ORDER.,ONT,NOT APPLICABLE,FEDERAL,DETERMINATE,MALE,NORTH AMERICAN,ABORIGINAL,SCHE 1 W/O SEX
2013-2014,FEB,PAPER,DETENTION,DET ORD.CONFIR.,REGULAR,,AFFIRMED,ATL,NOT APPLICABLE,FEDERAL,DETERMINATE,MALE,WHITE,CAUCASIAN,SCHE 1 WITH SEX
2013-2014,MAR,PAPER,DETENTION,DET ORD.CONFIR.,REGULAR,,AFFIRMED,PRA,SASKATOON,FEDERAL,DETERMINATE,MALE,WHITE,CAUCASIAN,SCHE 1 W/O SEX
2013-2014,AUG,PAPER,DETENTION,DET ORD.CONFIR.,REGULAR,,AFFIRMED,ONT,NOT APPLICABLE,FEDERAL,DETERMINATE,MALE,INUIT,ABORIGINAL,SCHE 1 WITH SEX
2013-2014,JAN,PAPER,DETENTION,DET ORD.CONFIR.,REGULAR,,AFFIRMED,QUE,NOT APPLICABLE,FEDERAL,DETERMINATE,MALE,METIS,ABORIGINAL,SCHE 1 W/O SEX
2013-2014,JAN,PAPER,DETENTION,DET ORD.CONFIR.,REGULAR,,AFFIRMED,ONT,NOT APPLICABLE,FEDERAL,DETERMINATE,MALE,S. E. ASIAN,ASIAN,SCHE 1 W/O SEX
2013-2014,JAN,PAPER,DETENTION,DET ORD.CONFIR.,REGULAR,,PAN.HEAR.ORDER.,ATL,NOT APPLICABLE,FEDERAL,DETERMINATE,MALE,WHITE,CAUCASIAN,SCHE 1 WITH SEX
2013-2014,FEB,PAPER,ETA,ETA NOT APPR.,REGULAR,,AFFIRMED,PRA,EDMONTON,FEDERAL,INDETERMINATE,MALE,NORTH AMERICAN,ABORIGINAL,MURDER 1
2013-2014,SEP,PAPER,ETA,ETA NOT APPR.,REGULAR,,AFFIRMED,ATL,NOT APPLICABLE,FEDERAL,INDETERMINATE,MALE,NORTH AMERICAN,ABORIGINAL,MURDER 2
2013-2014,MAY,PAPER,ETA,ETA NOT APPR.,REGULAR,,AFFIRMED,PRA,SASKATOON,FEDERAL,INDETERMINATE,MALE,WHITE,CAUCASIAN,MURDER 2
2013-2014,JAN,PAPER,ETA,ETA NOT APPR.,REGULAR,,PAN.HEAR.ORDER.,PRA,EDMONTON,FEDERAL,INDETERMINATE,MALE,WHITE,CAUCASIAN,MURDER 1
2013-2014,MAY,PAPER,ETA,ETA NOT APPR.,REGULAR,,PAN.HEAR.ORDER.,PRA,EDMONTON,FEDERAL,INDETERMINATE,FEMALE,NORTH AMERICAN,ABORIGINAL,MURDER 2
2013-2014,FEB,PAPER,ETA,ETA NOT APPR.,REGULAR,,AFFIRMED,PRA,EDMONTON,FEDERAL,INDETERMINATE,MALE,NORTH AMERICAN,ABORIGINAL,MURDER 1
2013-2014,FEB,PAPER,ETA,ETA NOT APPR.,REGULAR,,AFFIRMED,PRA,EDMONTON,FEDERAL,INDETERMINATE,MALE,NORTH AMERICAN,ABORIGINAL,MURDER 1
2013-2014,JAN,PAPER,DP-POST,DP REV R N RECR,REGULAR,,AFFIRMED,PAC,NOT APPLICABLE,PROVINCIAL,DETERMINATE,MALE,WHITE,CAUCASIAN,NON SCHEDULE
2013-2014,APR,PAPER,DP-PRE,DAY PAR NOT DIR,APR,APR-FINAL,AFFIRMED,PAC,NOT APPLICABLE,FEDERAL,DETERMINATE,MALE,CHINESE,ASIAN,NON SCHEDULE
2013-2014,DEC,PAPER,DP-PRE,DAY PAR. GRANT.,REGULAR,,AFFIRMED,ONT,NOT APPLICABLE,FEDERAL,DETERMINATE,MALE,WHITE,CAUCASIAN,SCHEDULE 2
2013-2014,JUL,PAPER,FP-POST,FP DIR REV CONF,REGULAR,,AFFIRMED,QUE,NOT APPLICABLE,FEDERAL,DETERMINATE,MALE,WHITE,CAUCASIAN,SCHEDULE 2
2013-2014,OCT,PAPER,DP-POST,DP DIR REV CONF,REGULAR,,AFFIRMED,ONT,NOT APPLICABLE,FEDERAL,DETERMINATE,MALE,WHITE,CAUCASIAN,NON SCHEDULE
2013-2014,NOV,PAPER,FP-POST,FP NO ACT-POST,REGULAR,,AFFIRMED,PRA,SASKATOON,FEDERAL,INDETERMINATE,MALE,WHITE,CAUCASIAN,MURDER 2
2013-2014,AUG,PAPER,FP-POST,FP NO ACT-POST,REGULAR,,REVIEW ORDERED,QUE,NOT APPLICABLE,FEDERAL,DETERMINATE,MALE,WHITE,CAUCASIAN,SCHEDULE 2
2013-2014,MAR,PAPER,FP-POST,FP NO ACT-POST,REGULAR,,REVIEW ORDERED,QUE,NOT APPLICABLE,FEDERAL,DETERMINATE,MALE,WHITE,CAUCASIAN,SCHEDULE 2
2013-2014,JAN,PAPER,FP-POST,FP NO ACT-POST,REGULAR,,REVIEW ORDERED,PRA,EDMONTON,FEDERAL,INDETERMINATE,MALE,OTHER,OTHER/UNKNOWN,MURDER 1
2013-2014,JUN,PAPER,FP-POST,FP NO ACT-POST,APR,APR-INITIAL,AFFIRMED,PRA,EDMONTON,FEDERAL,DETERMINATE,MALE,WHITE,CAUCASIAN,SCHEDULE 2
2013-2014,SEP,PAPER,FP-POST,FP CHG.COND-PST,REGULAR,,AFFIRMED,ATL,NOT APPLICABLE,FEDERAL,DETERMINATE,MALE,WHITE,CAUCASIAN,SCHEDULE 2
2013-2014,MAY,PAPER,FP-POST,FP CHG.COND-PST,REGULAR,,AFFIRMED,PAC,NOT APPLICABLE,FEDERAL,DETERMINATE,MALE,WHITE,CAUCASIAN,NON SCHEDULE
2013-2014,JUL,PAPER,FP-POST,FP CHG.COND-PST,REGULAR,,AFFIRMED,ONT,NOT APPLICABLE,FEDERAL,DETERMINATE,MALE,WHITE,CAUCASIAN,SCHE 1 WITH SEX
2013-2014,DEC,PAPER,DP-PRE,DP CONTINUED,REGULAR,,AFFIRMED,ONT,NOT APPLICABLE,FEDERAL,DETERMINATE,FEMALE,BLACK,BLACK,SCHEDULE 2
2013-2014,MAY,PAPER,DP-PRE,DP CONTINUED,REGULAR,,AFFIRMED,QUE,NOT APPLICABLE,FEDERAL,DETERMINATE,MALE,WHITE,CAUCASIAN,NON SCHEDULE
2013-2014,SEP,PAPER,DP-PRE,DP CONTINUED,REGULAR,,AFFIRMED,ONT,NOT APPLICABLE,FEDERAL,DETERMINATE,FEMALE,NORTH AMERICAN,ABORIGINAL,SCHE 1 W/O SEX
2013-2014,APR,PAPER,DP-POST,DP NO ACT-POST,REGULAR,,AFFIRMED,ONT,NOT APPLICABLE,FEDERAL,INDETERMINATE,MALE,NORTH AMERICAN,ABORIGINAL,MURDER 2
2013-2014,AUG,PAPER,SR-PRE,SR CHG.COND-PRE,REGULAR,,AFFIRMED,PAC,NOT APPLICABLE,FEDERAL,DETERMINATE,MALE,ARAB/WEST ASIAN,OTHER/UNKNOWN,SCHE 1 W/O SEX
2013-2014,FEB,PAPER,SR-PRE,SR CHG.COND-PRE,REGULAR,,AFFIRMED,ONT,NOT APPLICABLE,FEDERAL,DETERMINATE,MALE,BLACK,BLACK,SCHE 1 W/O SEX
2013-2014,APR,PAPER,SR-PRE,SR CHG.COND-PRE,REGULAR,,AFFIRMED,ONT,NOT APPLICABLE,FEDERAL,DETERMINATE,MALE,BLACK,BLACK,SCHE 1 W/O SEX
2013-2014,FEB,PAPER,SR-PRE,SR CHG.COND-PRE,REGULAR,,AFFIRMED,QUE,NOT APPLICABLE,FEDERAL,DETERMINATE,MALE,BLACK,BLACK,SCHE 1 W/O SEX
2013-2014,FEB,PAPER,SR-PRE,SR CHG.COND-PRE,REGULAR,,AFFIRMED,ATL,NOT APPLICABLE,FEDERAL,DETERMINATE,MALE,BLACK,BLACK,SCHEDULE 2
2013-2014,JUN,PAPER,SR-PRE,SR CHG.COND-PRE,REGULAR,,AFFIRMED,QUE,NOT APPLICABLE,FEDERAL,DETERMINATE,MALE,BLACK,BLACK,SCHE 1 W/O SEX
2013-2014,AUG,PAPER,SR-PRE,SR CHG.COND-PRE,REGULAR,,AFFIRMED,ONT,NOT APPLICABLE,FEDERAL,DETERMINATE,MALE,WHITE,CAUCASIAN,SCHE 1 W/O SEX
2013-2014,FEB,PAPER,SR-PRE,SR CHG.COND-PRE,REGULAR,,AFFIRMED,ONT,NOT APPLICABLE,FEDERAL,DETERMINATE,MALE,WHITE,CAUCASIAN,SCHEDULE 2
2013-2014,OCT,PAPER,SR-PRE,SR CHG.COND-PRE,REGULAR,,AFFIRMED,PRA,SASKATOON,FEDERAL,DETERMINATE,MALE,WHITE,CAUCASIAN,SCHE 1 W/O SEX
2013-2014,MAR,PAPER,SR-PRE,SR CHG.COND-PRE,REGULAR,,AFFIRMED,QUE,NOT APPLICABLE,FEDERAL,DETERMINATE,MALE,WHITE,CAUCASIAN,SCHE 1 W/O SEX
2013-2014,APR,PAPER,SR-PRE,SR CHG.COND-PRE,REGULAR,,AFFIRMED,ONT,NOT APPLICABLE,FEDERAL,DETERMINATE,MALE,WHITE,CAUCASIAN,NON SCHEDULE
2013-2014,APR,PAPER,SR-PRE,SR CHG.COND-PRE,REGULAR,,AFFIRMED,ONT,NOT APPLICABLE,FEDERAL,DETERMINATE,MALE,WHITE,CAUCASIAN,NON SCHEDULE
2013-2014,APR,PAPER,SR-PRE,SR CHG.COND-PRE,REGULAR,,AFFIRMED,ATL,NOT APPLICABLE,FEDERAL,DETERMINATE,MALE,WHITE,CAUCASIAN,SCHE 1 WITH SEX
2013-2014,JUN,PAPER,SR-PRE,SR CHG.COND-PRE,REGULAR,,AFFIRMED,PRA,EDMONTON,FEDERAL,DETERMINATE,MALE,WHITE,CAUCASIAN,SCHE 1 W/O SEX
2013-2014,APR,PAPER,SR-PRE,SR CHG.COND-PRE,REGULAR,,AFFIRMED,ONT,NOT APPLICABLE,FEDERAL,DETERMINATE,MALE,WHITE,CAUCASIAN,SCHE 1 W/O SEX
2013-2014,OCT,PAPER,SR-PRE,SR CHG.COND-PRE,REGULAR,,AFFIRMED,PAC,NOT APPLICABLE,FEDERAL,DETERMINATE,MALE,WHITE,CAUCASIAN,SCHE 1 W/O SEX
2013-2014,JUL,PAPER,SR-PRE,SR CHG.COND-PRE,REGULAR,,AFFIRMED,QUE,NOT APPLICABLE,FEDERAL,DETERMINATE,MALE,WHITE,CAUCASIAN,NON SCHEDULE
2013-2014,AUG,PAPER,SR-PRE,SR CHG.COND-PRE,REGULAR,,AFFIRMED,ONT,NOT APPLICABLE,FEDERAL,DETERMINATE,MALE,WHITE,CAUCASIAN,SCHE 1 W/O SEX
2013-2014,APR,PAPER,SR-PRE,SR CHG.COND-PRE,REGULAR,,AFFIRMED,PAC,NOT APPLICABLE,FEDERAL,DETERMINATE,MALE,WHITE,CAUCASIAN,SCHE 1 W/O SEX
2013-2014,JAN,PAPER,SR-PRE,SR CHG.COND-PRE,REGULAR,,AFFIRMED,PRA,SASKATOON,FEDERAL,DETERMINATE,MALE,WHITE,CAUCASIAN,SCHE 1 W/O SEX
2013-2014,MAY,PAPER,SR-PRE,SR CHG.COND-PRE,REGULAR,,AFFIRMED,ONT,NOT APPLICABLE,FEDERAL,DETERMINATE,MALE,WHITE,CAUCASIAN,SCHE 1 W/O SEX
2013-2014,SEP,PAPER,SR-PRE,SR CHG.COND-PRE,REGULAR,,AFFIRMED,ONT,NOT APPLICABLE,FEDERAL,DETERMINATE,MALE,WHITE,CAUCASIAN,SCHE 1 W/O SEX
2013-2014,OCT,PAPER,SR-PRE,SR CHG.COND-PRE,REGULAR,,AFFIRMED,PAC,NOT APPLICABLE,FEDERAL,DETERMINATE,MALE,WHITE,CAUCASIAN,SCHE 1 W/O SEX
2013-2014,JUN,PAPER,SR-PRE,SR CHG.COND-PRE,REGULAR,,AFFIRMED,ONT,NOT APPLICABLE,FEDERAL,DETERMINATE,MALE,WHITE,CAUCASIAN,SCHE 1 W/O SEX
2013-2014,JUN,PAPER,SR-PRE,SR CHG.COND-PRE,REGULAR,,AFFIRMED,ONT,NOT APPLICABLE,FEDERAL,DETERMINATE,MALE,WHITE,CAUCASIAN,SCHE 1 W/O SEX
2013-2014,MAY,PAPER,SR-PRE,SR CHG.COND-PRE,REGULAR,,AFFIRMED,QUE,NOT APPLICABLE,FEDERAL,DETERMINATE,MALE,WHITE,CAUCASIAN,SCHE 1 W/O SEX
2013-2014,NOV,PAPER,SR-PRE,SR CHG.COND-PRE,REGULAR,,AFFIRMED,ATL,NOT APPLICABLE,FEDERAL,DETERMINATE,MALE,WHITE,CAUCASIAN,SCHE 1 W/O SEX
2013-2014,OCT,PAPER,SR-PRE,SR CHG.COND-PRE,REGULAR,,AFFIRMED,ONT,NOT APPLICABLE,FEDERAL,DETERMINATE,MALE,WHITE,CAUCASIAN,SCHE 1 W/O SEX
2013-2014,FEB,PAPER,SR-PRE,SR CHG.COND-PRE,REGULAR,,AFFIRMED,PAC,NOT APPLICABLE,FEDERAL,DETERMINATE,MALE,WHITE,CAUCASIAN,SCHE 1 W/O SEX
2013-2014,JUL,PAPER,SR-PRE,SR CHG.COND-PRE,REGULAR,,AFFIRMED,ATL,NOT APPLICABLE,FEDERAL,DETERMINATE,MALE,WHITE,CAUCASIAN,SCHEDULE 2
2013-2014,AUG,PAPER,SR-PRE,SR CHG.COND-PRE,REGULAR,,AFFIRMED,QUE,NOT APPLICABLE,FEDERAL,DETERMINATE,MALE,WHITE,CAUCASIAN,SCHE 1 WITH SEX
2013-2014,AUG,PAPER,SR-PRE,SR CHG.COND-PRE,REGULAR,,AFFIRMED,PRA,EDMONTON,FEDERAL,DETERMINATE,MALE,WHITE,CAUCASIAN,SCHE 1 W/O SEX
2013-2014,MAR,PAPER,SR-PRE,SR CHG.COND-PRE,REGULAR,,AFFIRMED,QUE,NOT APPLICABLE,FEDERAL,DETERMINATE,MALE,WHITE,CAUCASIAN,NON SCHEDULE
2013-2014,JUL,PAPER,SR-PRE,SR CHG.COND-PRE,REGULAR,,AFFIRMED,QUE,NOT APPLICABLE,FEDERAL,DETERMINATE,MALE,WHITE,CAUCASIAN,SCHE 1 W/O SEX
2013-2014,AUG,PAPER,SR-PRE,SR CHG.COND-PRE,REGULAR,,AFFIRMED,ONT,NOT APPLICABLE,FEDERAL,DETERMINATE,MALE,WHITE,CAUCASIAN,SCHE 1 W/O SEX
2013-2014,JUL,PAPER,SR-PRE,SR CHG.COND-PRE,REGULAR,,AFFIRMED,QUE,NOT APPLICABLE,FEDERAL,DETERMINATE,MALE,WHITE,CAUCASIAN,SCHE 1 W/O SEX
2013-2014,NOV,PAPER,SR-PRE,SR CHG.COND-PRE,REGULAR,,AFFIRMED,ONT,NOT APPLICABLE,FEDERAL,DETERMINATE,MALE,WHITE,CAUCASIAN,SCHE 1 W/O SEX
2013-2014,NOV,PAPER,SR-PRE,SR CHG.COND-PRE,REGULAR,,AFFIRMED,PRA,SASKATOON,FEDERAL,DETERMINATE,MALE,WHITE,CAUCASIAN,SCHE 1 W/O SEX
2013-2014,JUN,PAPER,SR-PRE,SR CHG.COND-PRE,REGULAR,,AFFIRMED,QUE,NOT APPLICABLE,FEDERAL,DETERMINATE,MALE,WHITE,CAUCASIAN,SCHE 1 W/O SEX
2013-2014,OCT,PAPER,SR-PRE,SR CHG.COND-PRE,REGULAR,,AFFIRMED,PAC,NOT APPLICABLE,FEDERAL,DETERMINATE,MALE,WHITE,CAUCASIAN,NON SCHEDULE
2013-2014,JUL,PAPER,SR-PRE,SR CHG.COND-PRE,REGULAR,,AFFIRMED,PAC,NOT APPLICABLE,FEDERAL,DETERMINATE,MALE,WHITE,CAUCASIAN,SCHE 1 W/O SEX
2013-2014,MAY,PAPER,SR-PRE,SR CHG.COND-PRE,REGULAR,,AFFIRMED,PRA,EDMONTON,FEDERAL,DETERMINATE,MALE,WHITE,CAUCASIAN,SCHE 1 W/O SEX
2013-2014,FEB,PAPER,SR-PRE,SR CHG.COND-PRE,REGULAR,,AFFIRMED,PRA,SASKATOON,FEDERAL,DETERMINATE,MALE,WHITE,CAUCASIAN,SCHE 1 W/O SEX
2013-2014,AUG,PAPER,SR-PRE,SR CHG.COND-PRE,REGULAR,,AFFIRMED,ATL,NOT APPLICABLE,FEDERAL,DETERMINATE,MALE,WHITE,CAUCASIAN,SCHE 1 W/O SEX
2013-2014,JUL,PAPER,SR-PRE,SR CHG.COND-PRE,REGULAR,,AFFIRMED,ONT,NOT APPLICABLE,FEDERAL,DETERMINATE,MALE,WHITE,CAUCASIAN,NON SCHEDULE
2013-2014,MAY,PAPER,SR-PRE,SR CHG.COND-PRE,REGULAR,,AFFIRMED,PRA,EDMONTON,FEDERAL,DETERMINATE,MALE,METIS,ABORIGINAL,SCHE 1 W/O SEX
2013-2014,OCT,PAPER,SR-PRE,SR CHG.COND-PRE,REGULAR,,AFFIRMED,PRA,SASKATOON,FEDERAL,DETERMINATE,MALE,METIS,ABORIGINAL,NON SCHEDULE
2013-2014,JUL,PAPER,SR-PRE,SR CHG.COND-PRE,REGULAR,,AFFIRMED,PRA,SASKATOON,FEDERAL,DETERMINATE,MALE,METIS,ABORIGINAL,SCHE 1 W/O SEX
2013-2014,JAN,PAPER,SR-PRE,SR CHG.COND-PRE,REGULAR,,AFFIRMED,PAC,NOT APPLICABLE,FEDERAL,DETERMINATE,MALE,METIS,ABORIGINAL,SCHEDULE 2
2013-2014,JUL,PAPER,SR-PRE,SR CHG.COND-PRE,REGULAR,,AFFIRMED,QUE,NOT APPLICABLE,FEDERAL,DETERMINATE,MALE,METIS,ABORIGINAL,NON SCHEDULE
2013-2014,JAN,PAPER,SR-PRE,SR CHG.COND-PRE,REGULAR,,AFFIRMED,ATL,NOT APPLICABLE,FEDERAL,DETERMINATE,MALE,NORTH AMERICAN,ABORIGINAL,SCHE 1 W/O SEX
2013-2014,APR,PAPER,SR-PRE,SR CHG.COND-PRE,REGULAR,,AFFIRMED,ONT,NOT APPLICABLE,FEDERAL,DETERMINATE,MALE,NORTH AMERICAN,ABORIGINAL,SCHE 1 W/O SEX
2013-2014,SEP,PAPER,SR-PRE,SR CHG.COND-PRE,REGULAR,,AFFIRMED,ONT,NOT APPLICABLE,FEDERAL,DETERMINATE,MALE,NORTH AMERICAN,ABORIGINAL,SCHE 1 W/O SEX
2013-2014,JAN,PAPER,SR-PRE,SR CHG.COND-PRE,REGULAR,,AFFIRMED,ONT,NOT APPLICABLE,FEDERAL,DETERMINATE,MALE,NORTH AMERICAN,ABORIGINAL,NON SCHEDULE
2013-2014,MAY,PAPER,SR-PRE,SR CHG.COND-PRE,REGULAR,,AFFIRMED,PRA,EDMONTON,FEDERAL,DETERMINATE,MALE,NORTH AMERICAN,ABORIGINAL,SCHEDULE 2
2013-2014,NOV,PAPER,SR-PRE,SR CHG.COND-PRE,REGULAR,,AFFIRMED,PRA,EDMONTON,FEDERAL,DETERMINATE,FEMALE,NORTH AMERICAN,ABORIGINAL,SCHE 1 W/O SEX
2013-2014,MAY,PAPER,SR-PRE,SR CHG.COND-PRE,REGULAR,,AFFIRMED,PRA,EDMONTON,FEDERAL,DETERMINATE,MALE,NORTH AMERICAN,ABORIGINAL,SCHE 1 W/O SEX
2013-2014,SEP,PAPER,SR-PRE,SR CHG.COND-PRE,REGULAR,,AFFIRMED,ONT,NOT APPLICABLE,FEDERAL,DETERMINATE,MALE,ASI-E/SOUTHEAST,ASIAN,SCHE 1 W/O SEX
2013-2014,NOV,PAPER,SR-PRE,SR CHG.COND-PRE,REGULAR,,REVIEW ORDERED,ONT,NOT APPLICABLE,FEDERAL,DETERMINATE,MALE,BLACK,BLACK,SCHE 1 W/O SEX
2013-2014,MAY,PAPER,SR-PRE,SR CHG.COND-PRE,REGULAR,,REVIEW ORDERED,ONT,NOT APPLICABLE,FEDERAL,DETERMINATE,MALE,BLACK,BLACK,SCHE 1 W/O SEX
2013-2014,NOV,PAPER,SR-PRE,SR CHG.COND-PRE,REGULAR,,REVIEW ORDERED,PRA,EDMONTON,FEDERAL,DETERMINATE,MALE,WHITE,CAUCASIAN,SCHE 1 W/O SEX
2013-2014,AUG,PAPER,SR-PRE,SR CHG.COND-PRE,REGULAR,,REVIEW ORDERED,ONT,NOT APPLICABLE,FEDERAL,DETERMINATE,MALE,WHITE,CAUCASIAN,NON SCHEDULE
2013-2014,MAR,PAPER,SR-PRE,SR CHG.COND-PRE,REGULAR,,REVIEW ORDERED,QUE,NOT APPLICABLE,FEDERAL,DETERMINATE,MALE,WHITE,CAUCASIAN,SCHE 1 WITH SEX
2013-2014,JAN,PAPER,SR-PRE,SR CHG.COND-PRE,REGULAR,,REVIEW ORDERED,ONT,NOT APPLICABLE,FEDERAL,DETERMINATE,MALE,WHITE,CAUCASIAN,SCHE 1 W/O SEX
2013-2014,NOV,PAPER,SR-PRE,SR CHG.COND-PRE,REGULAR,,REVIEW ORDERED,QUE,NOT APPLICABLE,FEDERAL,DETERMINATE,MALE,WHITE,CAUCASIAN,SCHEDULE 2
2013-2014,FEB,PAPER,SR-PRE,SR CHG.COND-PRE,REGULAR,,REVIEW ORDERED,ONT,NOT APPLICABLE,FEDERAL,DETERMINATE,MALE,WHITE,CAUCASIAN,SCHEDULE 2
2013-2014,AUG,PAPER,SR-PRE,SR CHG.COND-PRE,REGULAR,,REVIEW ORDERED,PRA,EDMONTON,FEDERAL,DETERMINATE,MALE,WHITE,CAUCASIAN,NON SCHEDULE
2013-2014,SEP,PAPER,SR-PRE,SR CHG.COND-PRE,REGULAR,,REVIEW ORDERED,ONT,NOT APPLICABLE,FEDERAL,DETERMINATE,MALE,WHITE,CAUCASIAN,SCHE 1 WITH SEX
2013-2014,APR,PAPER,SR-PRE,SR CHG.COND-PRE,REGULAR,,REVIEW ORDERED,ONT,NOT APPLICABLE,FEDERAL,DETERMINATE,MALE,WHITE,CAUCASIAN,NON SCHEDULE
2013-2014,AUG,PAPER,SR-PRE,SR CHG.COND-PRE,REGULAR,,REVIEW ORDERED,PRA,SASKATOON,FEDERAL,DETERMINATE,MALE,METIS,ABORIGINAL,SCHE 1 W/O SEX
2013-2014,SEP,PAPER,SR-POST,SR NO ACT-POST,REGULAR,,REVIEW ORDERED,QUE,NOT APPLICABLE,FEDERAL,DETERMINATE,MALE,WHITE,CAUCASIAN,SCHE 1 WITH SEX
2013-2014,JUL,PAPER,SR-POST,SR CHG.COND-PST,REGULAR,,AFFIRMED,ONT,NOT APPLICABLE,FEDERAL,DETERMINATE,MALE,WHITE,CAUCASIAN,SCHE 1 W/O SEX
2013-2014,SEP,PAPER,SR-POST,SR CHG.COND-PST,REGULAR,,AFFIRMED,ONT,NOT APPLICABLE,FEDERAL,DETERMINATE,MALE,NORTH AMERICAN,ABORIGINAL,SCHEDULE 2
2013-2014,JAN,PAPER,SR-POST,SR CHG.COND-PST,REGULAR,,AFFIRMED,ONT,NOT APPLICABLE,FEDERAL,DETERMINATE,MALE,S. E. ASIAN,ASIAN,SCHE 1 W/O SEX
2013-2014,JAN,PAPER,SR-POST,SR CHG.COND-PST,REGULAR,,REVIEW ORDERED,QUE,NOT APPLICABLE,FEDERAL,DETERMINATE,MALE,BLACK,BLACK,SCHE 1 WITH SEX
2013-2014,FEB,PAPER,SR-POST,SR CHG.COND-PST,REGULAR,,REVIEW ORDERED,QUE,NOT APPLICABLE,FEDERAL,DETERMINATE,MALE,WHITE,CAUCASIAN,SCHE 1 WITH SEX
2013-2014,MAY,PAPER,SR-POST,SR CHG.COND-PST,REGULAR,,REVIEW ORDERED,ONT,NOT APPLICABLE,FEDERAL,DETERMINATE,MALE,WHITE,CAUCASIAN,NON SCHEDULE
2014-2015,OCT,PAPER,FP-PRE,FP DENIED,REGULAR,,AFFIRMED,PAC,NOT APPLICABLE,PROVINCIAL,DETERMINATE,MALE,UNK,OTHER/UNKNOWN,SCHE 1 W/O SEX
2014-2015,MAY,PAPER,FP-PRE,FP DENIED,REGULAR,,AFFIRMED,PRA,EDMONTON,PROVINCIAL,DETERMINATE,MALE,UNK,OTHER/UNKNOWN,SCHE 1 W/O SEX
2014-2015,JUN,PAPER,FP-PRE,FP DENIED,REGULAR,,AFFIRMED,PRA,SASKATOON,PROVINCIAL,DETERMINATE,MALE,UNK,OTHER/UNKNOWN,SCHE 1 W/O SEX
2014-2015,MAR,PAPER,FP-PRE,FP DENIED,REGULAR,,AFFIRMED,PRA,EDMONTON,FEDERAL,DETERMINATE,MALE,ARAB/WEST ASIAN,OTHER/UNKNOWN,NON SCHEDULE
2014-2015,NOV,PAPER,FP-PRE,FP DENIED,REGULAR,,AFFIRMED,ONT,NOT APPLICABLE,FEDERAL,DETERMINATE,MALE,ARAB/WEST ASIAN,OTHER/UNKNOWN,SCHEDULE 2
2014-2015,MAR,PAPER,FP-PRE,FP DENIED,REGULAR,,AFFIRMED,QUE,NOT APPLICABLE,FEDERAL,DETERMINATE,MALE,ARAB/WEST ASIAN,OTHER/UNKNOWN,SCHE 1 W/O SEX
2014-2015,FEB,PAPER,FP-PRE,FP DENIED,REGULAR,,AFFIRMED,PAC,NOT APPLICABLE,FEDERAL,INDETERMINATE,MALE,ARAB/WEST ASIAN,OTHER/UNKNOWN,SCHE 1 W/O SEX
2014-2015,SEP,PAPER,FP-PRE,FP DENIED,REGULAR,,AFFIRMED,QUE,NOT APPLICABLE,FEDERAL,INDETERMINATE,MALE,ARAB/WEST ASIAN,OTHER/UNKNOWN,MURDER 2
2014-2015,SEP,PAPER,FP-PRE,FP DENIED,REGULAR,,AFFIRMED,QUE,NOT APPLICABLE,FEDERAL,INDETERMINATE,MALE,ARAB/WEST ASIAN,OTHER/UNKNOWN,MURDER 2
2014-2015,SEP,PAPER,FP-PRE,FP DENIED,REGULAR,,AFFIRMED,QUE,NOT APPLICABLE,FEDERAL,DETERMINATE,MALE,BLACK,BLACK,SCHE 1 W/O SEX
2014-2015,JAN,PAPER,FP-PRE,FP DENIED,REGULAR,,AFFIRMED,QUE,NOT APPLICABLE,FEDERAL,DETERMINATE,MALE,BLACK,BLACK,SCHE 1 W/O SEX
2014-2015,MAY,PAPER,FP-PRE,FP DENIED,REGULAR,,AFFIRMED,ONT,NOT APPLICABLE,FEDERAL,DETERMINATE,MALE,BLACK,BLACK,SCHE 1 W/O SEX
2014-2015,SEP,PAPER,FP-PRE,FP DENIED,REGULAR,,AFFIRMED,ONT,NOT APPLICABLE,FEDERAL,DETERMINATE,MALE,BLACK,BLACK,SCHEDULE 2
2014-2015,FEB,PAPER,FP-PRE,FP DENIED,REGULAR,,AFFIRMED,ONT,NOT APPLICABLE,FEDERAL,DETERMINATE,MALE,BLACK,BLACK,SCHE 1 W/O SEX
2014-2015,AUG,PAPER,FP-PRE,FP DENIED,REGULAR,,AFFIRMED,ONT,NOT APPLICABLE,FEDERAL,DETERMINATE,MALE,BLACK,BLACK,SCHE 1 W/O SEX
2014-2015,NOV,PAPER,FP-PRE,FP DENIED,REGULAR,,AFFIRMED,QUE,NOT APPLICABLE,FEDERAL,DETERMINATE,MALE,BLACK,BLACK,SCHE 1 W/O SEX
2014-2015,JAN,PAPER,FP-PRE,FP DENIED,REGULAR,,AFFIRMED,ONT,NOT APPLICABLE,FEDERAL,DETERMINATE,MALE,BLACK,BLACK,SCHE 1 WITH SEX
2014-2015,FEB,PAPER,FP-PRE,FP DENIED,REGULAR,,AFFIRMED,PAC,NOT APPLICABLE,FEDERAL,INDETERMINATE,MALE,BLACK,BLACK,SCHE 1 W/O SEX
2014-2015,SEP,PAPER,FP-PRE,FP DENIED,REGULAR,,AFFIRMED,ONT,NOT APPLICABLE,FEDERAL,INDETERMINATE,MALE,BLACK,BLACK,SCHE 1 WITH SEX
2014-2015,APR,PAPER,FP-PRE,FP DENIED,REGULAR,,AFFIRMED,QUE,NOT APPLICABLE,FEDERAL,INDETERMINATE,MALE,BLACK,BLACK,MURDER 2
2014-2015,FEB,PAPER,FP-PRE,FP DENIED,REGULAR,,AFFIRMED,PRA,EDMONTON,FEDERAL,DETERMINATE,MALE,WHITE,CAUCASIAN,NON SCHEDULE
2014-2015,MAR,PAPER,FP-PRE,FP DENIED,REGULAR,,AFFIRMED,QUE,NOT APPLICABLE,FEDERAL,DETERMINATE,MALE,WHITE,CAUCASIAN,SCHE 1 W/O SEX
2014-2015,AUG,PAPER,FP-PRE,FP DENIED,REGULAR,,AFFIRMED,QUE,NOT APPLICABLE,FEDERAL,DETERMINATE,MALE,WHITE,CAUCASIAN,SCHEDULE 2
2014-2015,NOV,PAPER,FP-PRE,FP DENIED,REGULAR,,AFFIRMED,QUE,NOT APPLICABLE,FEDERAL,DETERMINATE,MALE,WHITE,CAUCASIAN,NON SCHEDULE
2014-2015,MAY,PAPER,FP-PRE,FP DENIED,REGULAR,,AFFIRMED,PRA,SASKATOON,FEDERAL,DETERMINATE,MALE,WHITE,CAUCASIAN,NON SCHEDULE
2014-2015,SEP,PAPER,FP-PRE,FP DENIED,REGULAR,,AFFIRMED,QUE,NOT APPLICABLE,FEDERAL,DETERMINATE,MALE,WHITE,CAUCASIAN,SCHE 1 W/O SEX
2014-2015,OCT,PAPER,FP-PRE,FP DENIED,REGULAR,,AFFIRMED,QUE,NOT APPLICABLE,FEDERAL,DETERMINATE,MALE,WHITE,CAUCASIAN,SCHE 1 W/O SEX
2014-2015,OCT,PAPER,FP-PRE,FP DENIED,REGULAR,,AFFIRMED,PRA,EDMONTON,FEDERAL,DETERMINATE,MALE,WHITE,CAUCASIAN,NON SCHEDULE
2014-2015,JUN,PAPER,FP-PRE,FP DENIED,REGULAR,,AFFIRMED,PRA,EDMONTON,FEDERAL,DETERMINATE,FEMALE,WHITE,CAUCASIAN,SCHEDULE 2
2014-2015,JAN,PAPER,FP-PRE,FP DENIED,REGULAR,,AFFIRMED,QUE,NOT APPLICABLE,FEDERAL,DETERMINATE,MALE,WHITE,CAUCASIAN,NON SCHEDULE
2014-2015,JUN,PAPER,FP-PRE,FP DENIED,REGULAR,,AFFIRMED,QUE,NOT APPLICABLE,FEDERAL,DETERMINATE,FEMALE,WHITE,CAUCASIAN,SCHE 1 W/O SEX
2014-2015,JAN,PAPER,FP-PRE,FP DENIED,REGULAR,,AFFIRMED,PRA,EDMONTON,FEDERAL,DETERMINATE,MALE,WHITE,CAUCASIAN,SCHE 1 W/O SEX
2014-2015,NOV,PAPER,FP-PRE,FP DENIED,REGULAR,,AFFIRMED,QUE,NOT APPLICABLE,FEDERAL,DETERMINATE,MALE,WHITE,CAUCASIAN,SCHEDULE 2
2014-2015,APR,PAPER,FP-PRE,FP DENIED,REGULAR,,AFFIRMED,PRA,EDMONTON,FEDERAL,DETERMINATE,MALE,WHITE,CAUCASIAN,SCHE 1 WITH SEX
2014-2015,MAY,PAPER,FP-PRE,FP DENIED,REGULAR,,AFFIRMED,PRA,SASKATOON,FEDERAL,DETERMINATE,FEMALE,WHITE,CAUCASIAN,NON SCHEDULE
2014-2015,OCT,PAPER,FP-PRE,FP DENIED,REGULAR,,AFFIRMED,QUE,NOT APPLICABLE,FEDERAL,DETERMINATE,MALE,WHITE,CAUCASIAN,SCHE 1 W/O SEX
2014-2015,JAN,PAPER,FP-PRE,FP DENIED,REGULAR,,AFFIRMED,QUE,NOT APPLICABLE,FEDERAL,DETERMINATE,MALE,WHITE,CAUCASIAN,SCHE 1 WITH SEX
2014-2015,AUG,PAPER,FP-PRE,FP DENIED,REGULAR,,AFFIRMED,QUE,NOT APPLICABLE,FEDERAL,DETERMINATE,MALE,WHITE,CAUCASIAN,SCHE 1 WITH SEX
2014-2015,NOV,PAPER,FP-PRE,FP DENIED,REGULAR,,AFFIRMED,QUE,NOT APPLICABLE,FEDERAL,DETERMINATE,MALE,WHITE,CAUCASIAN,NON SCHEDULE
2014-2015,DEC,PAPER,FP-PRE,FP DENIED,REGULAR,,AFFIRMED,ONT,NOT APPLICABLE,FEDERAL,DETERMINATE,MALE,WHITE,CAUCASIAN,SCHE 1 WITH SEX
2014-2015,APR,PAPER,FP-PRE,FP DENIED,REGULAR,,AFFIRMED,ATL,NOT APPLICABLE,FEDERAL,DETERMINATE,MALE,WHITE,CAUCASIAN,NON SCHEDULE
2014-2015,AUG,PAPER,FP-PRE,FP DENIED,REGULAR,,AFFIRMED,PRA,SASKATOON,FEDERAL,DETERMINATE,MALE,WHITE,CAUCASIAN,SCHEDULE 2
2014-2015,SEP,PAPER,FP-PRE,FP DENIED,REGULAR,,AFFIRMED,PRA,EDMONTON,FEDERAL,DETERMINATE,MALE,WHITE,CAUCASIAN,NON SCHEDULE
2014-2015,NOV,PAPER,FP-PRE,FP DENIED,REGULAR,,AFFIRMED,QUE,NOT APPLICABLE,FEDERAL,DETERMINATE,MALE,WHITE,CAUCASIAN,SCHEDULE 2
2014-2015,SEP,PAPER,FP-PRE,FP DENIED,REGULAR,,AFFIRMED,ONT,NOT APPLICABLE,FEDERAL,DETERMINATE,MALE,WHITE,CAUCASIAN,SCHE 1 WITH SEX
2014-2015,APR,PAPER,FP-PRE,FP DENIED,REGULAR,,AFFIRMED,ONT,NOT APPLICABLE,FEDERAL,DETERMINATE,MALE,WHITE,CAUCASIAN,NON SCHEDULE
2014-2015,AUG,PAPER,FP-PRE,FP DENIED,REGULAR,,AFFIRMED,ATL,NOT APPLICABLE,PROVINCIAL,DETERMINATE,MALE,WHITE,CAUCASIAN,SCHE 1 W/O SEX
2014-2015,NOV,PAPER,FP-PRE,FP DENIED,REGULAR,,AFFIRMED,ONT,NOT APPLICABLE,FEDERAL,DETERMINATE,MALE,WHITE,CAUCASIAN,SCHEDULE 2
2014-2015,JUN,PAPER,FP-PRE,FP DENIED,REGULAR,,AFFIRMED,PRA,EDMONTON,FEDERAL,DETERMINATE,MALE,WHITE,CAUCASIAN,SCHEDULE 2
2014-2015,AUG,PAPER,FP-PRE,FP DENIED,REGULAR,,AFFIRMED,QUE,NOT APPLICABLE,FEDERAL,DETERMINATE,MALE,WHITE,CAUCASIAN,SCHEDULE 2
2014-2015,JUL,PAPER,FP-PRE,FP DENIED,REGULAR,,AFFIRMED,ATL,NOT APPLICABLE,FEDERAL,DETERMINATE,MALE,WHITE,CAUCASIAN,SCHE 1 W/O SEX
2014-2015,FEB,PAPER,FP-PRE,FP DENIED,REGULAR,,AFFIRMED,ONT,NOT APPLICABLE,FEDERAL,DETERMINATE,MALE,WHITE,CAUCASIAN,SCHEDULE 2
2014-2015,NOV,PAPER,FP-PRE,FP DENIED,REGULAR,,AFFIRMED,QUE,NOT APPLICABLE,FEDERAL,DETERMINATE,MALE,WHITE,CAUCASIAN,NON SCHEDULE
2014-2015,MAY,PAPER,FP-PRE,FP DENIED,REGULAR,,AFFIRMED,ONT,NOT APPLICABLE,FEDERAL,DETERMINATE,MALE,WHITE,CAUCASIAN,NON SCHEDULE
2014-2015,APR,PAPER,FP-PRE,FP DENIED,REGULAR,,AFFIRMED,PRA,SASKATOON,FEDERAL,DETERMINATE,MALE,WHITE,CAUCASIAN,SCHE 1 WITH SEX
2014-2015,JUN,PAPER,FP-PRE,FP DENIED,REGULAR,,AFFIRMED,QUE,NOT APPLICABLE,FEDERAL,DETERMINATE,MALE,WHITE,CAUCASIAN,SCHE 1 W/O SEX
2014-2015,NOV,PAPER,FP-PRE,FP DENIED,REGULAR,,AFFIRMED,QUE,NOT APPLICABLE,FEDERAL,DETERMINATE,MALE,WHITE,CAUCASIAN,SCHE 1 W/O SEX
2014-2015,SEP,PAPER,FP-PRE,FP DENIED,REGULAR,,AFFIRMED,ATL,NOT APPLICABLE,PROVINCIAL,DETERMINATE,MALE,WHITE,CAUCASIAN,SCHEDULE 2
2014-2015,AUG,PAPER,FP-PRE,FP DENIED,REGULAR,,AFFIRMED,QUE,NOT APPLICABLE,FEDERAL,DETERMINATE,MALE,WHITE,CAUCASIAN,SCHE 1 WITH SEX
2014-2015,FEB,PAPER,FP-PRE,FP DENIED,REGULAR,,AFFIRMED,PRA,EDMONTON,FEDERAL,DETERMINATE,MALE,WHITE,CAUCASIAN,NON SCHEDULE
2014-2015,DEC,PAPER,FP-PRE,FP DENIED,REGULAR,,AFFIRMED,ONT,NOT APPLICABLE,FEDERAL,DETERMINATE,MALE,WHITE,CAUCASIAN,SCHE 1 W/O SEX
2014-2015,NOV,PAPER,FP-PRE,FP DENIED,REGULAR,,AFFIRMED,PRA,EDMONTON,FEDERAL,DETERMINATE,MALE,WHITE,CAUCASIAN,NON SCHEDULE
2014-2015,SEP,PAPER,FP-PRE,FP DENIED,REGULAR,,AFFIRMED,QUE,NOT APPLICABLE,FEDERAL,DETERMINATE,MALE,WHITE,CAUCASIAN,SCHE 1 W/O SEX
2014-2015,JAN,PAPER,FP-PRE,FP DENIED,REGULAR,,AFFIRMED,PRA,SASKATOON,FEDERAL,DETERMINATE,MALE,WHITE,CAUCASIAN,SCHEDULE 2
2014-2015,DEC,PAPER,FP-PRE,FP DENIED,REGULAR,,AFFIRMED,QUE,NOT APPLICABLE,FEDERAL,DETERMINATE,MALE,WHITE,CAUCASIAN,SCHE 1 W/O SEX
2014-2015,NOV,PAPER,FP-PRE,FP DENIED,REGULAR,,AFFIRMED,QUE,NOT APPLICABLE,FEDERAL,DETERMINATE,MALE,WHITE,CAUCASIAN,NON SCHEDULE
2014-2015,FEB,PAPER,FP-PRE,FP DENIED,REGULAR,,AFFIRMED,QUE,NOT APPLICABLE,FEDERAL,DETERMINATE,MALE,WHITE,CAUCASIAN,NON SCHEDULE
2014-2015,JAN,PAPER,FP-PRE,FP DENIED,REGULAR,,AFFIRMED,QUE,NOT APPLICABLE,FEDERAL,DETERMINATE,MALE,WHITE,CAUCASIAN,SCHE 1 WITH SEX
2014-2015,NOV,PAPER,FP-PRE,FP DENIED,REGULAR,,AFFIRMED,QUE,NOT APPLICABLE,FEDERAL,DETERMINATE,MALE,WHITE,CAUCASIAN,SCHE 1 WITH SEX
2014-2015,MAY,PAPER,FP-PRE,FP DENIED,REGULAR,,AFFIRMED,PAC,NOT APPLICABLE,FEDERAL,DETERMINATE,MALE,WHITE,CAUCASIAN,NON SCHEDULE
2014-2015,JAN,PAPER,FP-PRE,FP DENIED,REGULAR,,AFFIRMED,QUE,NOT APPLICABLE,FEDERAL,DETERMINATE,FEMALE,WHITE,CAUCASIAN,SCHE 1 WITH SEX
2014-2015,JAN,PAPER,FP-PRE,FP DENIED,REGULAR,,AFFIRMED,QUE,NOT APPLICABLE,FEDERAL,DETERMINATE,MALE,WHITE,CAUCASIAN,SCHE 1 W/O SEX
2014-2015,JUN,PAPER,FP-PRE,FP DENIED,REGULAR,,AFFIRMED,PRA,EDMONTON,FEDERAL,DETERMINATE,MALE,WHITE,CAUCASIAN,SCHE 1 W/O SEX
2014-2015,JUL,PAPER,FP-PRE,FP DENIED,REGULAR,,AFFIRMED,QUE,NOT APPLICABLE,FEDERAL,DETERMINATE,MALE,WHITE,CAUCASIAN,NON SCHEDULE
2014-2015,JUN,PAPER,FP-PRE,FP DENIED,REGULAR,,AFFIRMED,ATL,NOT APPLICABLE,PROVINCIAL,DETERMINATE,MALE,WHITE,CAUCASIAN,SCHE 1 WITH SEX
2014-2015,NOV,PAPER,FP-PRE,FP DENIED,REGULAR,,AFFIRMED,QUE,NOT APPLICABLE,FEDERAL,DETERMINATE,MALE,WHITE,CAUCASIAN,SCHEDULE 2
2014-2015,FEB,PAPER,FP-PRE,FP DENIED,REGULAR,,AFFIRMED,QUE,NOT APPLICABLE,FEDERAL,DETERMINATE,MALE,WHITE,CAUCASIAN,SCHE 1 W/O SEX
2014-2015,APR,PAPER,FP-PRE,FP DENIED,REGULAR,,AFFIRMED,ONT,NOT APPLICABLE,FEDERAL,DETERMINATE,MALE,WHITE,CAUCASIAN,SCHE 1 W/O SEX
2014-2015,JAN,PAPER,FP-PRE,FP DENIED,REGULAR,,AFFIRMED,QUE,NOT APPLICABLE,FEDERAL,DETERMINATE,MALE,WHITE,CAUCASIAN,SCHE 1 W/O SEX
2014-2015,DEC,PAPER,FP-PRE,FP DENIED,REGULAR,,AFFIRMED,ATL,NOT APPLICABLE,FEDERAL,DETERMINATE,MALE,WHITE,CAUCASIAN,SCHE 1 WITH SEX
2014-2015,DEC,PAPER,FP-PRE,FP DENIED,REGULAR,,AFFIRMED,PAC,NOT APPLICABLE,PROVINCIAL,DETERMINATE,MALE,WHITE,CAUCASIAN,SCHE 1 W/O SEX
2014-2015,APR,PAPER,FP-PRE,FP DENIED,REGULAR,,AFFIRMED,ONT,NOT APPLICABLE,FEDERAL,DETERMINATE,MALE,WHITE,CAUCASIAN,SCHE 1 W/O SEX
2014-2015,DEC,PAPER,FP-PRE,FP DENIED,REGULAR,,AFFIRMED,QUE,NOT APPLICABLE,FEDERAL,DETERMINATE,MALE,WHITE,CAUCASIAN,SCHEDULE 2
2014-2015,JAN,PAPER,FP-PRE,FP DENIED,REGULAR,,AFFIRMED,QUE,NOT APPLICABLE,FEDERAL,DETERMINATE,MALE,WHITE,CAUCASIAN,NON SCHEDULE
2014-2015,SEP,PAPER,FP-PRE,FP DENIED,REGULAR,,AFFIRMED,ATL,NOT APPLICABLE,FEDERAL,DETERMINATE,MALE,WHITE,CAUCASIAN,SCHEDULE 2
2014-2015,JUN,PAPER,FP-PRE,FP DENIED,REGULAR,,AFFIRMED,PRA,EDMONTON,FEDERAL,DETERMINATE,FEMALE,WHITE,CAUCASIAN,SCHEDULE 2
2014-2015,MAR,PAPER,FP-PRE,FP DENIED,REGULAR,,AFFIRMED,QUE,NOT APPLICABLE,FEDERAL,DETERMINATE,MALE,WHITE,CAUCASIAN,SCHE 1 W/O SEX
2014-2015,JUN,PAPER,FP-PRE,FP DENIED,REGULAR,,AFFIRMED,ONT,NOT APPLICABLE,FEDERAL,DETERMINATE,MALE,WHITE,CAUCASIAN,NON SCHEDULE
2014-2015,AUG,PAPER,FP-PRE,FP DENIED,REGULAR,,AFFIRMED,ONT,NOT APPLICABLE,FEDERAL,DETERMINATE,MALE,WHITE,CAUCASIAN,SCHE 1 WITH SEX
2014-2015,APR,PAPER,FP-PRE,FP DENIED,REGULAR,,AFFIRMED,QUE,NOT APPLICABLE,FEDERAL,DETERMINATE,MALE,WHITE,CAUCASIAN,SCHEDULE 2
2014-2015,AUG,PAPER,FP-PRE,FP DENIED,REGULAR,,AFFIRMED,PRA,SASKATOON,FEDERAL,DETERMINATE,MALE,WHITE,CAUCASIAN,SCHE 1 W/O SEX
2014-2015,NOV,PAPER,FP-PRE,FP DENIED,REGULAR,,AFFIRMED,PAC,NOT APPLICABLE,PROVINCIAL,DETERMINATE,MALE,WHITE,CAUCASIAN,SCHE 1 W/O SEX
2014-2015,APR,PAPER,FP-PRE,FP DENIED,REGULAR,,AFFIRMED,ONT,NOT APPLICABLE,FEDERAL,DETERMINATE,MALE,WHITE,CAUCASIAN,SCHE 1 WITH SEX
2014-2015,FEB,PAPER,FP-PRE,FP DENIED,REGULAR,,AFFIRMED,ATL,NOT APPLICABLE,PROVINCIAL,DETERMINATE,MALE,WHITE,CAUCASIAN,SCHEDULE 2
2014-2015,MAR,PAPER,FP-PRE,FP DENIED,REGULAR,,AFFIRMED,QUE,NOT APPLICABLE,FEDERAL,DETERMINATE,MALE,WHITE,CAUCASIAN,SCHE 1 WITH SEX
2014-2015,SEP,PAPER,FP-PRE,FP DENIED,REGULAR,,AFFIRMED,ONT,NOT APPLICABLE,FEDERAL,DETERMINATE,MALE,WHITE,CAUCASIAN,NON SCHEDULE
2014-2015,SEP,PAPER,FP-PRE,FP DENIED,REGULAR,,AFFIRMED,PRA,EDMONTON,FEDERAL,INDETERMINATE,MALE,WHITE,CAUCASIAN,SCHE 1 WITH SEX
2014-2015,MAY,PAPER,FP-PRE,FP DENIED,REGULAR,,AFFIRMED,ONT,NOT APPLICABLE,FEDERAL,INDETERMINATE,MALE,WHITE,CAUCASIAN,SCHE 1 WITH SEX
2014-2015,NOV,PAPER,FP-PRE,FP DENIED,REGULAR,,AFFIRMED,ATL,NOT APPLICABLE,FEDERAL,INDETERMINATE,MALE,WHITE,CAUCASIAN,SCHE 1 WITH SEX
2014-2015,FEB,PAPER,FP-PRE,FP DENIED,REGULAR,,AFFIRMED,PAC,NOT APPLICABLE,FEDERAL,INDETERMINATE,MALE,WHITE,CAUCASIAN,SCHE 1 WITH SEX
2014-2015,FEB,PAPER,FP-PRE,FP DENIED,REGULAR,,AFFIRMED,PAC,NOT APPLICABLE,FEDERAL,INDETERMINATE,MALE,WHITE,CAUCASIAN,SCHE 1 WITH SEX
2014-2015,DEC,PAPER,FP-PRE,FP DENIED,REGULAR,,AFFIRMED,ONT,NOT APPLICABLE,FEDERAL,INDETERMINATE,MALE,WHITE,CAUCASIAN,SCHE 1 WITH SEX
2014-2015,NOV,PAPER,FP-PRE,FP DENIED,REGULAR,,AFFIRMED,PAC,NOT APPLICABLE,FEDERAL,INDETERMINATE,MALE,WHITE,CAUCASIAN,SCHE 1 WITH SEX
2014-2015,FEB,PAPER,FP-PRE,FP DENIED,REGULAR,,AFFIRMED,PAC,NOT APPLICABLE,FEDERAL,INDETERMINATE,MALE,WHITE,CAUCASIAN,SCHE 1 WITH SEX
2014-2015,JAN,PAPER,FP-PRE,FP DENIED,REGULAR,,AFFIRMED,PAC,NOT APPLICABLE,FEDERAL,INDETERMINATE,MALE,WHITE,CAUCASIAN,NON SCHEDULE
2014-2015,MAY,PAPER,FP-PRE,FP DENIED,REGULAR,,AFFIRMED,PRA,EDMONTON,FEDERAL,INDETERMINATE,MALE,WHITE,CAUCASIAN,SCHE 1 W/O SEX
2014-2015,SEP,PAPER,FP-PRE,FP DENIED,REGULAR,,AFFIRMED,QUE,NOT APPLICABLE,FEDERAL,INDETERMINATE,MALE,WHITE,CAUCASIAN,MURDER 2
2014-2015,FEB,PAPER,FP-PRE,FP DENIED,REGULAR,,AFFIRMED,QUE,NOT APPLICABLE,FEDERAL,INDETERMINATE,MALE,WHITE,CAUCASIAN,MURDER 2
2014-2015,OCT,PAPER,FP-PRE,FP DENIED,REGULAR,,AFFIRMED,QUE,NOT APPLICABLE,FEDERAL,INDETERMINATE,MALE,WHITE,CAUCASIAN,MURDER 2
2014-2015,NOV,PAPER,FP-PRE,FP DENIED,REGULAR,,AFFIRMED,QUE,NOT APPLICABLE,FEDERAL,INDETERMINATE,MALE,WHITE,CAUCASIAN,MURDER 2
2014-2015,SEP,PAPER,FP-PRE,FP DENIED,REGULAR,,AFFIRMED,QUE,NOT APPLICABLE,FEDERAL,INDETERMINATE,MALE,WHITE,CAUCASIAN,MURDER 2
2014-2015,MAY,PAPER,FP-PRE,FP DENIED,REGULAR,,AFFIRMED,ONT,NOT APPLICABLE,FEDERAL,INDETERMINATE,MALE,WHITE,CAUCASIAN,MURDER 2
2014-2015,DEC,PAPER,FP-PRE,FP DENIED,REGULAR,,AFFIRMED,QUE,NOT APPLICABLE,FEDERAL,DETERMINATE,MALE,METIS,ABORIGINAL,SCHE 1 W/O SEX
2014-2015,OCT,PAPER,FP-PRE,FP DENIED,REGULAR,,AFFIRMED,QUE,NOT APPLICABLE,FEDERAL,DETERMINATE,MALE,METIS,ABORIGINAL,NON SCHEDULE
2014-2015,NOV,PAPER,FP-PRE,FP DENIED,REGULAR,,AFFIRMED,QUE,NOT APPLICABLE,FEDERAL,DETERMINATE,MALE,METIS,ABORIGINAL,SCHE 1 W/O SEX
2014-2015,DEC,PAPER,FP-PRE,FP DENIED,REGULAR,,AFFIRMED,QUE,NOT APPLICABLE,FEDERAL,DETERMINATE,MALE,METIS,ABORIGINAL,SCHE 1 W/O SEX
2014-2015,OCT,PAPER,FP-PRE,FP DENIED,REGULAR,,AFFIRMED,PRA,EDMONTON,FEDERAL,DETERMINATE,MALE,METIS,ABORIGINAL,SCHE 1 W/O SEX
2014-2015,JAN,PAPER,FP-PRE,FP DENIED,REGULAR,,AFFIRMED,QUE,NOT APPLICABLE,FEDERAL,DETERMINATE,MALE,METIS,ABORIGINAL,SCHEDULE 2
2014-2015,JUL,PAPER,FP-PRE,FP DENIED,REGULAR,,AFFIRMED,PRA,EDMONTON,FEDERAL,INDETERMINATE,MALE,METIS,ABORIGINAL,MURDER 1
2014-2015,DEC,PAPER,FP-PRE,FP DENIED,REGULAR,,AFFIRMED,QUE,NOT APPLICABLE,FEDERAL,INDETERMINATE,MALE,METIS,ABORIGINAL,MURDER 1
2014-2015,AUG,PAPER,FP-PRE,FP DENIED,REGULAR,,AFFIRMED,PAC,NOT APPLICABLE,PROVINCIAL,DETERMINATE,MALE,NORTH AMERICAN,ABORIGINAL,SCHE 1 W/O SEX
2014-2015,AUG,PAPER,FP-PRE,FP DENIED,REGULAR,,AFFIRMED,PRA,EDMONTON,FEDERAL,DETERMINATE,MALE,NORTH AMERICAN,ABORIGINAL,SCHE 1 W/O SEX
2014-2015,FEB,PAPER,FP-PRE,FP DENIED,REGULAR,,AFFIRMED,ATL,NOT APPLICABLE,FEDERAL,DETERMINATE,MALE,NORTH AMERICAN,ABORIGINAL,SCHE 1 W/O SEX
2014-2015,MAR,PAPER,FP-PRE,FP DENIED,REGULAR,,AFFIRMED,PAC,NOT APPLICABLE,FEDERAL,INDETERMINATE,MALE,NORTH AMERICAN,ABORIGINAL,SCHE 1 W/O SEX
2014-2015,DEC,PAPER,FP-PRE,FP DENIED,REGULAR,,AFFIRMED,ONT,NOT APPLICABLE,FEDERAL,INDETERMINATE,MALE,NORTH AMERICAN,ABORIGINAL,MURDER 2
2014-2015,OCT,PAPER,FP-PRE,FP DENIED,REGULAR,,AFFIRMED,QUE,NOT APPLICABLE,FEDERAL,INDETERMINATE,MALE,NORTH AMERICAN,ABORIGINAL,MURDER 1
2014-2015,AUG,PAPER,FP-PRE,FP DENIED,REGULAR,,AFFIRMED,PAC,NOT APPLICABLE,FEDERAL,INDETERMINATE,MALE,NORTH AMERICAN,ABORIGINAL,MURDER 1
2014-2015,MAR,PAPER,FP-PRE,FP DENIED,REGULAR,,AFFIRMED,PRA,SASKATOON,FEDERAL,INDETERMINATE,MALE,NORTH AMERICAN,ABORIGINAL,MURDER 2
2014-2015,APR,PAPER,FP-PRE,FP DENIED,REGULAR,,AFFIRMED,ATL,NOT APPLICABLE,FEDERAL,INDETERMINATE,MALE,NORTH AMERICAN,ABORIGINAL,MURDER 2
2014-2015,SEP,PAPER,FP-PRE,FP DENIED,REGULAR,,AFFIRMED,ATL,NOT APPLICABLE,FEDERAL,DETERMINATE,MALE,OTHER,OTHER/UNKNOWN,SCHE 1 W/O SEX
2014-2015,JAN,PAPER,FP-PRE,FP DENIED,REGULAR,,AFFIRMED,ONT,NOT APPLICABLE,FEDERAL,DETERMINATE,MALE,CHINESE,ASIAN,NON SCHEDULE
2014-2015,SEP,PAPER,FP-PRE,FP DENIED,REGULAR,,AFFIRMED,ONT,NOT APPLICABLE,FEDERAL,DETERMINATE,MALE,CHINESE,ASIAN,NON SCHEDULE
2014-2015,JUN,PAPER,FP-PRE,FP DENIED,REGULAR,,AFFIRMED,ATL,NOT APPLICABLE,FEDERAL,INDETERMINATE,MALE,CHINESE,ASIAN,MURDER 2
2014-2015,APR,PAPER,FP-PRE,FP DENIED,REGULAR,,AFFIRMED,PRA,SASKATOON,FEDERAL,DETERMINATE,MALE,LATIN AMERICAN,OTHER/UNKNOWN,SCHE 1 WITH SEX
2014-2015,JAN,PAPER,FP-PRE,FP DENIED,REGULAR,,AFFIRMED,PRA,EDMONTON,FEDERAL,DETERMINATE,MALE,LATIN AMERICAN,OTHER/UNKNOWN,SCHE 1 W/O SEX
2014-2015,SEP,PAPER,FP-PRE,FP DENIED,REGULAR,,AFFIRMED,QUE,NOT APPLICABLE,FEDERAL,DETERMINATE,MALE,LATIN AMERICAN,OTHER/UNKNOWN,SCHE 1 W/O SEX
2014-2015,DEC,PAPER,FP-PRE,FP DENIED,REGULAR,,AFFIRMED,PAC,NOT APPLICABLE,FEDERAL,DETERMINATE,MALE,LATIN AMERICAN,OTHER/UNKNOWN,SCHE 1 WITH SEX
2014-2015,MAY,PAPER,FP-PRE,FP DENIED,REGULAR,,AFFIRMED,PRA,EDMONTON,FEDERAL,INDETERMINATE,MALE,LATIN AMERICAN,OTHER/UNKNOWN,MURDER 2
2014-2015,NOV,PAPER,FP-PRE,FP DENIED,REGULAR,,AFFIRMED,ONT,NOT APPLICABLE,FEDERAL,DETERMINATE,MALE,SOUTH ASIAN,ASIAN,NON SCHEDULE
2014-2015,FEB,PAPER,FP-PRE,FP DENIED,REGULAR,,AFFIRMED,PAC,NOT APPLICABLE,FEDERAL,DETERMINATE,MALE,SOUTH ASIAN,ASIAN,SCHE 1 W/O SEX
2014-2015,NOV,PAPER,FP-PRE,FP DENIED,REGULAR,,AFFIRMED,ONT,NOT APPLICABLE,FEDERAL,DETERMINATE,MALE,ARAB,ASIAN,SCHE 1 W/O SEX
2014-2015,NOV,PAPER,FP-PRE,FP DENIED,REGULAR,,AFFIRMED,PAC,NOT APPLICABLE,FEDERAL,DETERMINATE,MALE,ASI-E/SOUTHEAST,ASIAN,NON SCHEDULE
2014-2015,APR,PAPER,FP-PRE,FP DENIED,REGULAR,,AFFIRMED,ONT,NOT APPLICABLE,FEDERAL,DETERMINATE,FEMALE,CARIBBEAN,BLACK,SCHEDULE 2
2014-2015,FEB,PAPER,FP-PRE,FP DENIED,REGULAR,,AFFIRMED,ONT,NOT APPLICABLE,FEDERAL,DETERMINATE,MALE,MULTIRAC/ETHNIC,OTHER/UNKNOWN,SCHE 1 W/O SEX
2014-2015,SEP,PAPER,FP-PRE,FP DENIED,REGULAR,,AFFIRMED,ONT,NOT APPLICABLE,FEDERAL,DETERMINATE,FEMALE,MULTIRAC/ETHNIC,OTHER/UNKNOWN,SCHEDULE 2
2014-2015,APR,PAPER,FP-PRE,FP DENIED,REGULAR,,PAN.HEAR.ORDER.,ONT,NOT APPLICABLE,FEDERAL,DETERMINATE,MALE,BLACK,BLACK,SCHE 1 W/O SEX
2014-2015,NOV,PAPER,FP-PRE,FP DENIED,REGULAR,,PAN.HEAR.ORDER.,ONT,NOT APPLICABLE,FEDERAL,DETERMINATE,MALE,BLACK,BLACK,SCHEDULE 2
2014-2015,FEB,PAPER,FP-PRE,FP DENIED,REGULAR,,PAN.HEAR.ORDER.,ONT,NOT APPLICABLE,FEDERAL,DETERMINATE,FEMALE,BLACK,BLACK,SCHEDULE 2
2014-2015,JAN,PAPER,FP-PRE,FP DENIED,REGULAR,,PAN.HEAR.ORDER.,ONT,NOT APPLICABLE,FEDERAL,INDETERMINATE,MALE,BLACK,BLACK,MURDER 2
2014-2015,SEP,PAPER,FP-PRE,FP DENIED,REGULAR,,PAN.HEAR.ORDER.,QUE,NOT APPLICABLE,FEDERAL,DETERMINATE,MALE,WHITE,CAUCASIAN,SCHE 1 WITH SEX
2014-2015,NOV,PAPER,FP-PRE,FP DENIED,REGULAR,,PAN.HEAR.ORDER.,QUE,NOT APPLICABLE,FEDERAL,DETERMINATE,MALE,WHITE,CAUCASIAN,NON SCHEDULE
2014-2015,JUL,PAPER,FP-PRE,FP DENIED,REGULAR,,PAN.HEAR.ORDER.,ONT,NOT APPLICABLE,FEDERAL,INDETERMINATE,MALE,METIS,ABORIGINAL,SCHE 1 W/O SEX
2014-2015,JAN,PAPER,FP-PRE,FP DENIED,REGULAR,,PAN.HEAR.ORDER.,QUE,NOT APPLICABLE,FEDERAL,DETERMINATE,MALE,NORTH AMERICAN,ABORIGINAL,SCHE 1 W/O SEX
2014-2015,NOV,PAPER,FP-PRE,FP DENIED,REGULAR,,PAN.HEAR.ORDER.,ONT,NOT APPLICABLE,FEDERAL,DETERMINATE,MALE,ARAB,ASIAN,SCHE 1 W/O SEX
2014-2015,OCT,PAPER,FP-PRE,FP DENIED,REGULAR,,PAN.HEAR.ORDER.,ONT,NOT APPLICABLE,FEDERAL,DETERMINATE,FEMALE,CARIBBEAN,BLACK,SCHEDULE 2
2014-2015,AUG,PAPER,FP-PRE,FP DENIED,REGULAR,,REVIEW ORDERED,PRA,EDMONTON,PROVINCIAL,DETERMINATE,MALE,UNK,OTHER/UNKNOWN,SCHE 1 WITH SEX
2014-2015,MAY,PAPER,FP-PRE,FP DENIED,REGULAR,,REVIEW ORDERED,QUE,NOT APPLICABLE,FEDERAL,INDETERMINATE,MALE,WHITE,CAUCASIAN,SCHE 1 W/O SEX
2014-2015,AUG,PAPER,FP-PRE,FP NO ACTION,REGULAR,,AFFIRMED,ONT,NOT APPLICABLE,FEDERAL,DETERMINATE,MALE,WHITE,CAUCASIAN,SCHE 1 W/O SEX
2014-2015,AUG,PAPER,FP-PRE,FP NOT DIRECTED,APR,APR-FINAL,AFFIRMED,PAC,NOT APPLICABLE,FEDERAL,DETERMINATE,MALE,ARAB/WEST ASIAN,OTHER/UNKNOWN,NON SCHEDULE
2014-2015,DEC,PAPER,FP-PRE,FP NOT DIRECTED,APR,APR-FINAL,AFFIRMED,PRA,SASKATOON,FEDERAL,DETERMINATE,MALE,WHITE,CAUCASIAN,NON SCHEDULE
2014-2015,NOV,PAPER,FP-PRE,FP NOT DIRECTED,APR,APR-FINAL,AFFIRMED,PRA,SASKATOON,FEDERAL,DETERMINATE,MALE,WHITE,CAUCASIAN,SCHEDULE 2
2014-2015,DEC,PAPER,FP-PRE,FP NOT DIRECTED,APR,APR-FINAL,AFFIRMED,PRA,SASKATOON,FEDERAL,DETERMINATE,MALE,WHITE,CAUCASIAN,SCHEDULE 2
2014-2015,DEC,PAPER,FP-PRE,FP NOT DIRECTED,APR,APR-FINAL,AFFIRMED,PAC,NOT APPLICABLE,FEDERAL,DETERMINATE,MALE,CHINESE,ASIAN,NON SCHEDULE
2014-2015,NOV,PAPER,FP-POST,FP REVOKED,REGULAR,,AFFIRMED,QUE,NOT APPLICABLE,FEDERAL,DETERMINATE,MALE,ARAB/WEST ASIAN,OTHER/UNKNOWN,SCHE 1 W/O SEX
2014-2015,SEP,PAPER,FP-POST,FP REVOKED,REGULAR,,AFFIRMED,ATL,NOT APPLICABLE,FEDERAL,DETERMINATE,MALE,BLACK,BLACK,SCHEDULE 2
2014-2015,APR,PAPER,FP-POST,FP REVOKED,REGULAR,,AFFIRMED,PAC,NOT APPLICABLE,FEDERAL,DETERMINATE,MALE,WHITE,CAUCASIAN,SCHE 1 W/O SEX
2014-2015,DEC,PAPER,FP-POST,FP REVOKED,REGULAR,,AFFIRMED,ATL,NOT APPLICABLE,FEDERAL,DETERMINATE,MALE,WHITE,CAUCASIAN,NON SCHEDULE
2014-2015,DEC,PAPER,FP-POST,FP REVOKED,REGULAR,,AFFIRMED,PRA,EDMONTON,FEDERAL,DETERMINATE,MALE,WHITE,CAUCASIAN,SCHE 1 W/O SEX
2014-2015,SEP,PAPER,FP-POST,FP REVOKED,REGULAR,,AFFIRMED,ONT,NOT APPLICABLE,FEDERAL,DETERMINATE,MALE,WHITE,CAUCASIAN,SCHEDULE 2
2014-2015,MAY,PAPER,FP-POST,FP REVOKED,REGULAR,,AFFIRMED,PAC,NOT APPLICABLE,FEDERAL,INDETERMINATE,MALE,WHITE,CAUCASIAN,SCHE 1 WITH SEX
2014-2015,MAR,PAPER,FP-POST,FP REVOKED,REGULAR,,AFFIRMED,ONT,NOT APPLICABLE,FEDERAL,INDETERMINATE,MALE,WHITE,CAUCASIAN,MURDER 2
2014-2015,JUN,PAPER,FP-POST,FP REVOKED,REGULAR,,AFFIRMED,PAC,NOT APPLICABLE,FEDERAL,INDETERMINATE,MALE,WHITE,CAUCASIAN,MURDER 2
2014-2015,SEP,PAPER,FP-POST,FP REVOKED,REGULAR,,AFFIRMED,PRA,EDMONTON,FEDERAL,INDETERMINATE,MALE,WHITE,CAUCASIAN,MURDER 2
2014-2015,AUG,PAPER,FP-POST,FP REVOKED,REGULAR,,AFFIRMED,QUE,NOT APPLICABLE,FEDERAL,INDETERMINATE,MALE,WHITE,CAUCASIAN,MURDER 1
2014-2015,OCT,PAPER,FP-POST,FP REVOKED,REGULAR,,AFFIRMED,ONT,NOT APPLICABLE,FEDERAL,INDETERMINATE,MALE,WHITE,CAUCASIAN,MURDER 2
2014-2015,NOV,PAPER,FP-POST,FP REVOKED,REGULAR,,AFFIRMED,ONT,NOT APPLICABLE,FEDERAL,INDETERMINATE,MALE,WHITE,CAUCASIAN,MURDER 2
2014-2015,JAN,PAPER,FP-POST,FP REVOKED,REGULAR,,AFFIRMED,PRA,SASKATOON,FEDERAL,INDETERMINATE,MALE,METIS,ABORIGINAL,MURDER 2
2014-2015,NOV,PAPER,FP-POST,FP REVOKED,REGULAR,,AFFIRMED,PRA,EDMONTON,FEDERAL,INDETERMINATE,MALE,METIS,ABORIGINAL,MURDER 2
2014-2015,JAN,PAPER,FP-POST,FP REVOKED,REGULAR,,AFFIRMED,ONT,NOT APPLICABLE,FEDERAL,DETERMINATE,MALE,LATIN AMERICAN,OTHER/UNKNOWN,SCHEDULE 2
2014-2015,NOV,PAPER,FP-POST,FP REVOKED,REGULAR,,PAN.HEAR.ORDER.,ATL,NOT APPLICABLE,FEDERAL,INDETERMINATE,MALE,ASIATIC,ASIAN,MURDER 2
2014-2015,MAR,PAPER,FP-POST,FP REVOKED,REGULAR,,PAN.HEAR.ORDER.,ONT,NOT APPLICABLE,FEDERAL,DETERMINATE,MALE,WHITE,CAUCASIAN,NON SCHEDULE
2014-2015,JAN,PAPER,FP-POST,FP REVOKED,REGULAR,,PAN.HEAR.ORDER.,QUE,NOT APPLICABLE,FEDERAL,DETERMINATE,MALE,WHITE,CAUCASIAN,SCHE 1 W/O SEX
2014-2015,APR,PAPER,FP-POST,FP REVOKED,REGULAR,,REVIEW ORDERED,QUE,NOT APPLICABLE,FEDERAL,DETERMINATE,MALE,ARAB/WEST ASIAN,OTHER/UNKNOWN,SCHE 1 W/O SEX
2014-2015,OCT,PAPER,FP-POST,FP REVOKED,REGULAR,,REVIEW ORDERED,ATL,NOT APPLICABLE,FEDERAL,DETERMINATE,MALE,WHITE,CAUCASIAN,SCHEDULE 2
2014-2015,OCT,PAPER,FP-POST,FP REVOKED,APR,APR-INITIAL,AFFIRMED,ONT,NOT APPLICABLE,FEDERAL,DETERMINATE,MALE,BLACK,BLACK,SCHEDULE 2
2014-2015,MAY,PAPER,FP-POST,FP REVOKED,APR,APR-INITIAL,AFFIRMED,QUE,NOT APPLICABLE,FEDERAL,DETERMINATE,MALE,WHITE,CAUCASIAN,SCHEDULE 2
2014-2015,APR,PAPER,FP-POST,FP REVOKED,APR,APR-INITIAL,AFFIRMED,PAC,NOT APPLICABLE,FEDERAL,DETERMINATE,MALE,S. E. ASIAN,ASIAN,SCHEDULE 2
2014-2015,JUL,PAPER,FP-POST,FP REVOKED,APR,APR-INITIAL,REVIEW ORDERED,QUE,NOT APPLICABLE,FEDERAL,DETERMINATE,MALE,BLACK,BLACK,SCHEDULE 2
2014-2015,MAY,PAPER,DP-PRE,DP DENIED,REGULAR,,AFFIRMED,PRA,EDMONTON,PROVINCIAL,DETERMINATE,MALE,UNK,OTHER/UNKNOWN,SCHE 1 W/O SEX
2014-2015,NOV,PAPER,DP-PRE,DP DENIED,REGULAR,,AFFIRMED,PAC,NOT APPLICABLE,PROVINCIAL,DETERMINATE,MALE,UNK,OTHER/UNKNOWN,SCHE 1 W/O SEX
2014-2015,JUN,PAPER,DP-PRE,DP DENIED,REGULAR,,AFFIRMED,PAC,NOT APPLICABLE,PROVINCIAL,DETERMINATE,MALE,UNK,OTHER/UNKNOWN,SCHEDULE 2
2014-2015,FEB,PAPER,DP-PRE,DP DENIED,REGULAR,,AFFIRMED,PRA,SASKATOON,PROVINCIAL,DETERMINATE,MALE,UNK,OTHER/UNKNOWN,NON SCHEDULE
2014-2015,MAR,PAPER,DP-PRE,DP DENIED,REGULAR,,AFFIRMED,PRA,EDMONTON,FEDERAL,DETERMINATE,MALE,ARAB/WEST ASIAN,OTHER/UNKNOWN,NON SCHEDULE
2014-2015,JAN,PAPER,DP-PRE,DP DENIED,REGULAR,,AFFIRMED,PAC,NOT APPLICABLE,FEDERAL,DETERMINATE,MALE,ARAB/WEST ASIAN,OTHER/UNKNOWN,SCHE 1 W/O SEX
2014-2015,MAR,PAPER,DP-PRE,DP DENIED,REGULAR,,AFFIRMED,QUE,NOT APPLICABLE,FEDERAL,DETERMINATE,MALE,ARAB/WEST ASIAN,OTHER/UNKNOWN,SCHE 1 W/O SEX
2014-2015,NOV,PAPER,DP-PRE,DP DENIED,REGULAR,,AFFIRMED,QUE,NOT APPLICABLE,FEDERAL,DETERMINATE,MALE,ARAB/WEST ASIAN,OTHER/UNKNOWN,SCHE 1 W/O SEX
2014-2015,FEB,PAPER,DP-PRE,DP DENIED,REGULAR,,AFFIRMED,PAC,NOT APPLICABLE,FEDERAL,INDETERMINATE,MALE,ARAB/WEST ASIAN,OTHER/UNKNOWN,SCHE 1 W/O SEX
2014-2015,SEP,PAPER,DP-PRE,DP DENIED,REGULAR,,AFFIRMED,QUE,NOT APPLICABLE,FEDERAL,INDETERMINATE,MALE,ARAB/WEST ASIAN,OTHER/UNKNOWN,MURDER 2
2014-2015,SEP,PAPER,DP-PRE,DP DENIED,REGULAR,,AFFIRMED,QUE,NOT APPLICABLE,FEDERAL,INDETERMINATE,MALE,ARAB/WEST ASIAN,OTHER/UNKNOWN,MURDER 2
2014-2015,SEP,PAPER,DP-PRE,DP DENIED,REGULAR,,AFFIRMED,QUE,NOT APPLICABLE,FEDERAL,DETERMINATE,MALE,BLACK,BLACK,SCHE 1 W/O SEX
2014-2015,SEP,PAPER,DP-PRE,DP DENIED,REGULAR,,AFFIRMED,ONT,NOT APPLICABLE,FEDERAL,DETERMINATE,FEMALE,BLACK,BLACK,NON SCHEDULE
2014-2015,DEC,PAPER,DP-PRE,DP DENIED,REGULAR,,AFFIRMED,ONT,NOT APPLICABLE,FEDERAL,DETERMINATE,MALE,BLACK,BLACK,SCHEDULE 2
2014-2015,JAN,PAPER,DP-PRE,DP DENIED,REGULAR,,AFFIRMED,QUE,NOT APPLICABLE,FEDERAL,DETERMINATE,MALE,BLACK,BLACK,SCHE 1 W/O SEX
2014-2015,JAN,PAPER,DP-PRE,DP DENIED,REGULAR,,AFFIRMED,ONT,NOT APPLICABLE,FEDERAL,DETERMINATE,MALE,BLACK,BLACK,SCHE 1 WITH SEX
2014-2015,JUN,PAPER,DP-PRE,DP DENIED,REGULAR,,AFFIRMED,ONT,NOT APPLICABLE,FEDERAL,DETERMINATE,FEMALE,BLACK,BLACK,SCHE 1 W/O SEX
2014-2015,APR,PAPER,DP-PRE,DP DENIED,REGULAR,,AFFIRMED,PRA,EDMONTON,FEDERAL,DETERMINATE,MALE,BLACK,BLACK,SCHE 1 W/O SEX
2014-2015,OCT,PAPER,DP-PRE,DP DENIED,REGULAR,,AFFIRMED,PAC,NOT APPLICABLE,PROVINCIAL,DETERMINATE,MALE,BLACK,BLACK,SCHE 1 W/O SEX
2014-2015,FEB,PAPER,DP-PRE,DP DENIED,REGULAR,,AFFIRMED,ONT,NOT APPLICABLE,FEDERAL,DETERMINATE,MALE,BLACK,BLACK,SCHE 1 W/O SEX
2014-2015,NOV,PAPER,DP-PRE,DP DENIED,REGULAR,,AFFIRMED,QUE,NOT APPLICABLE,FEDERAL,DETERMINATE,MALE,BLACK,BLACK,SCHE 1 W/O SEX
2014-2015,FEB,PAPER,DP-PRE,DP DENIED,REGULAR,,AFFIRMED,PAC,NOT APPLICABLE,FEDERAL,INDETERMINATE,MALE,BLACK,BLACK,SCHE 1 W/O SEX
2014-2015,SEP,PAPER,DP-PRE,DP DENIED,REGULAR,,AFFIRMED,ONT,NOT APPLICABLE,FEDERAL,INDETERMINATE,MALE,BLACK,BLACK,SCHE 1 WITH SEX
2014-2015,JUL,PAPER,DP-PRE,DP DENIED,REGULAR,,AFFIRMED,ONT,NOT APPLICABLE,FEDERAL,INDETERMINATE,MALE,BLACK,BLACK,MURDER 2
2014-2015,APR,PAPER,DP-PRE,DP DENIED,REGULAR,,AFFIRMED,QUE,NOT APPLICABLE,FEDERAL,INDETERMINATE,MALE,BLACK,BLACK,MURDER 2
2014-2015,AUG,PAPER,DP-PRE,DP DENIED,REGULAR,,AFFIRMED,QUE,NOT APPLICABLE,FEDERAL,DETERMINATE,MALE,WHITE,CAUCASIAN,SCHEDULE 2
2014-2015,JAN,PAPER,DP-PRE,DP DENIED,REGULAR,,AFFIRMED,QUE,NOT APPLICABLE,FEDERAL,DETERMINATE,MALE,WHITE,CAUCASIAN,SCHE 1 WITH SEX
2014-2015,JUL,PAPER,DP-PRE,DP DENIED,REGULAR,,AFFIRMED,ATL,NOT APPLICABLE,FEDERAL,DETERMINATE,MALE,WHITE,CAUCASIAN,SCHE 1 W/O SEX
2014-2015,MAY,PAPER,DP-PRE,DP DENIED,REGULAR,,AFFIRMED,PRA,SASKATOON,FEDERAL,DETERMINATE,MALE,WHITE,CAUCASIAN,NON SCHEDULE
2014-2015,MAR,PAPER,DP-PRE,DP DENIED,REGULAR,,AFFIRMED,QUE,NOT APPLICABLE,FEDERAL,DETERMINATE,MALE,WHITE,CAUCASIAN,SCHE 1 W/O SEX
2014-2015,AUG,PAPER,DP-PRE,DP DENIED,REGULAR,,AFFIRMED,QUE,NOT APPLICABLE,FEDERAL,DETERMINATE,MALE,WHITE,CAUCASIAN,SCHEDULE 2
2014-2015,AUG,PAPER,DP-PRE,DP DENIED,REGULAR,,AFFIRMED,ONT,NOT APPLICABLE,FEDERAL,DETERMINATE,MALE,WHITE,CAUCASIAN,SCHE 1 WITH SEX
2014-2015,OCT,PAPER,DP-PRE,DP DENIED,REGULAR,,AFFIRMED,PRA,EDMONTON,FEDERAL,DETERMINATE,MALE,WHITE,CAUCASIAN,NON SCHEDULE
2014-2015,FEB,PAPER,DP-PRE,DP DENIED,REGULAR,,AFFIRMED,ONT,NOT APPLICABLE,FEDERAL,DETERMINATE,MALE,WHITE,CAUCASIAN,SCHEDULE 2
2014-2015,JUL,PAPER,DP-PRE,DP DENIED,REGULAR,,AFFIRMED,QUE,NOT APPLICABLE,FEDERAL,DETERMINATE,MALE,WHITE,CAUCASIAN,NON SCHEDULE
2014-2015,APR,PAPER,DP-PRE,DP DENIED,REGULAR,,AFFIRMED,PRA,SASKATOON,FEDERAL,DETERMINATE,MALE,WHITE,CAUCASIAN,SCHE 1 WITH SEX
2014-2015,FEB,PAPER,DP-PRE,DP DENIED,REGULAR,,AFFIRMED,QUE,NOT APPLICABLE,FEDERAL,DETERMINATE,MALE,WHITE,CAUCASIAN,SCHE 1 W/O SEX
2014-2015,JAN,PAPER,DP-PRE,DP DENIED,REGULAR,,AFFIRMED,ATL,NOT APPLICABLE,FEDERAL,DETERMINATE,FEMALE,WHITE,CAUCASIAN,NON SCHEDULE
2014-2015,FEB,PAPER,DP-PRE,DP DENIED,REGULAR,,AFFIRMED,PRA,EDMONTON,FEDERAL,DETERMINATE,MALE,WHITE,CAUCASIAN,NON SCHEDULE
2014-2015,SEP,PAPER,DP-PRE,DP DENIED,REGULAR,,AFFIRMED,QUE,NOT APPLICABLE,FEDERAL,DETERMINATE,MALE,WHITE,CAUCASIAN,SCHE 1 W/O SEX
2014-2015,NOV,PAPER,DP-PRE,DP DENIED,REGULAR,,AFFIRMED,PRA,EDMONTON,FEDERAL,DETERMINATE,MALE,WHITE,CAUCASIAN,NON SCHEDULE
2014-2015,DEC,PAPER,DP-PRE,DP DENIED,REGULAR,,AFFIRMED,ATL,NOT APPLICABLE,FEDERAL,DETERMINATE,MALE,WHITE,CAUCASIAN,SCHE 1 WITH SEX
2014-2015,JAN,PAPER,DP-PRE,DP DENIED,REGULAR,,AFFIRMED,PRA,SASKATOON,FEDERAL,DETERMINATE,MALE,WHITE,CAUCASIAN,SCHEDULE 2
2014-2015,MAY,PAPER,DP-PRE,DP DENIED,REGULAR,,AFFIRMED,PRA,EDMONTON,FEDERAL,DETERMINATE,MALE,WHITE,CAUCASIAN,SCHEDULE 2
2014-2015,JAN,PAPER,DP-PRE,DP DENIED,REGULAR,,AFFIRMED,QUE,NOT APPLICABLE,FEDERAL,DETERMINATE,MALE,WHITE,CAUCASIAN,SCHE 1 WITH SEX
2014-2015,FEB,PAPER,DP-PRE,DP DENIED,REGULAR,,AFFIRMED,QUE,NOT APPLICABLE,FEDERAL,DETERMINATE,MALE,WHITE,CAUCASIAN,NON SCHEDULE
2014-2015,MAY,PAPER,DP-PRE,DP DENIED,REGULAR,,AFFIRMED,ONT,NOT APPLICABLE,FEDERAL,DETERMINATE,MALE,WHITE,CAUCASIAN,NON SCHEDULE
2014-2015,JAN,PAPER,DP-PRE,DP DENIED,REGULAR,,AFFIRMED,PAC,NOT APPLICABLE,FEDERAL,DETERMINATE,MALE,WHITE,CAUCASIAN,SCHE 1 W/O SEX
2014-2015,DEC,PAPER,DP-PRE,DP DENIED,REGULAR,,AFFIRMED,QUE,NOT APPLICABLE,FEDERAL,DETERMINATE,MALE,WHITE,CAUCASIAN,SCHE 1 W/O SEX
2014-2015,DEC,PAPER,DP-PRE,DP DENIED,REGULAR,,AFFIRMED,ONT,NOT APPLICABLE,FEDERAL,DETERMINATE,MALE,WHITE,CAUCASIAN,SCHE 1 WITH SEX
2014-2015,JAN,PAPER,DP-PRE,DP DENIED,REGULAR,,AFFIRMED,PAC,NOT APPLICABLE,PROVINCIAL,DETERMINATE,MALE,WHITE,CAUCASIAN,NON SCHEDULE
2014-2015,JAN,PAPER,DP-PRE,DP DENIED,REGULAR,,AFFIRMED,PAC,NOT APPLICABLE,FEDERAL,DETERMINATE,MALE,WHITE,CAUCASIAN,SCHE 1 W/O SEX
2014-2015,DEC,PAPER,DP-PRE,DP DENIED,REGULAR,,AFFIRMED,QUE,NOT APPLICABLE,FEDERAL,DETERMINATE,MALE,WHITE,CAUCASIAN,SCHEDULE 2
2014-2015,NOV,PAPER,DP-PRE,DP DENIED,REGULAR,,AFFIRMED,QUE,NOT APPLICABLE,FEDERAL,DETERMINATE,MALE,WHITE,CAUCASIAN,NON SCHEDULE
2014-2015,JAN,PAPER,DP-PRE,DP DENIED,REGULAR,,AFFIRMED,QUE,NOT APPLICABLE,FEDERAL,DETERMINATE,MALE,WHITE,CAUCASIAN,NON SCHEDULE
2014-2015,DEC,PAPER,DP-PRE,DP DENIED,REGULAR,,AFFIRMED,PRA,SASKATOON,FEDERAL,DETERMINATE,MALE,WHITE,CAUCASIAN,SCHE 1 W/O SEX
2014-2015,FEB,PAPER,DP-PRE,DP DENIED,REGULAR,,AFFIRMED,QUE,NOT APPLICABLE,FEDERAL,DETERMINATE,MALE,WHITE,CAUCASIAN,SCHE 1 W/O SEX
2014-2015,MAY,PAPER,DP-PRE,DP DENIED,REGULAR,,AFFIRMED,PAC,NOT APPLICABLE,FEDERAL,DETERMINATE,MALE,WHITE,CAUCASIAN,NON SCHEDULE
2014-2015,JAN,PAPER,DP-PRE,DP DENIED,REGULAR,,AFFIRMED,QUE,NOT APPLICABLE,FEDERAL,DETERMINATE,FEMALE,WHITE,CAUCASIAN,SCHE 1 WITH SEX
2014-2015,OCT,PAPER,DP-PRE,DP DENIED,REGULAR,,AFFIRMED,QUE,NOT APPLICABLE,FEDERAL,DETERMINATE,MALE,WHITE,CAUCASIAN,SCHE 1 W/O SEX
2014-2015,JAN,PAPER,DP-PRE,DP DENIED,REGULAR,,AFFIRMED,QUE,NOT APPLICABLE,FEDERAL,DETERMINATE,MALE,WHITE,CAUCASIAN,SCHE 1 W/O SEX
2014-2015,JUN,PAPER,DP-PRE,DP DENIED,REGULAR,,AFFIRMED,ONT,NOT APPLICABLE,FEDERAL,DETERMINATE,MALE,WHITE,CAUCASIAN,NON SCHEDULE
2014-2015,DEC,PAPER,DP-PRE,DP DENIED,REGULAR,,AFFIRMED,ONT,NOT APPLICABLE,FEDERAL,DETERMINATE,MALE,WHITE,CAUCASIAN,SCHE 1 W/O SEX
2014-2015,APR,PAPER,DP-PRE,DP DENIED,REGULAR,,AFFIRMED,ONT,NOT APPLICABLE,FEDERAL,DETERMINATE,MALE,WHITE,CAUCASIAN,NON SCHEDULE
2014-2015,NOV,PAPER,DP-PRE,DP DENIED,REGULAR,,AFFIRMED,QUE,NOT APPLICABLE,FEDERAL,DETERMINATE,MALE,WHITE,CAUCASIAN,SCHEDULE 2
2014-2015,JAN,PAPER,DP-PRE,DP DENIED,REGULAR,,AFFIRMED,QUE,NOT APPLICABLE,FEDERAL,DETERMINATE,MALE,WHITE,CAUCASIAN,NON SCHEDULE
2014-2015,JAN,PAPER,DP-PRE,DP DENIED,REGULAR,,AFFIRMED,PRA,EDMONTON,FEDERAL,DETERMINATE,MALE,WHITE,CAUCASIAN,SCHE 1 W/O SEX
2014-2015,JAN,PAPER,DP-PRE,DP DENIED,REGULAR,,AFFIRMED,QUE,NOT APPLICABLE,FEDERAL,DETERMINATE,MALE,WHITE,CAUCASIAN,SCHE 1 W/O SEX
2014-2015,FEB,PAPER,DP-PRE,DP DENIED,REGULAR,,AFFIRMED,PAC,NOT APPLICABLE,FEDERAL,DETERMINATE,MALE,WHITE,CAUCASIAN,SCHE 1 WITH SEX
2014-2015,APR,PAPER,DP-PRE,DP DENIED,REGULAR,,AFFIRMED,PRA,SASKATOON,FEDERAL,DETERMINATE,MALE,WHITE,CAUCASIAN,SCHEDULE 2
2014-2015,JUN,PAPER,DP-PRE,DP DENIED,REGULAR,,AFFIRMED,QUE,NOT APPLICABLE,FEDERAL,DETERMINATE,FEMALE,WHITE,CAUCASIAN,SCHE 1 W/O SEX
2014-2015,MAY,PAPER,DP-PRE,DP DENIED,REGULAR,,AFFIRMED,PRA,SASKATOON,FEDERAL,DETERMINATE,FEMALE,WHITE,CAUCASIAN,NON SCHEDULE
2014-2015,OCT,PAPER,DP-PRE,DP DENIED,REGULAR,,AFFIRMED,QUE,NOT APPLICABLE,FEDERAL,DETERMINATE,MALE,WHITE,CAUCASIAN,SCHE 1 W/O SEX
2014-2015,NOV,PAPER,DP-PRE,DP DENIED,REGULAR,,AFFIRMED,QUE,NOT APPLICABLE,FEDERAL,DETERMINATE,MALE,WHITE,CAUCASIAN,NON SCHEDULE
2014-2015,APR,PAPER,DP-PRE,DP DENIED,REGULAR,,AFFIRMED,PRA,EDMONTON,FEDERAL,DETERMINATE,MALE,WHITE,CAUCASIAN,SCHE 1 WITH SEX
2014-2015,AUG,PAPER,DP-PRE,DP DENIED,REGULAR,,AFFIRMED,QUE,NOT APPLICABLE,FEDERAL,DETERMINATE,MALE,WHITE,CAUCASIAN,SCHE 1 WITH SEX
2014-2015,JUL,PAPER,DP-PRE,DP DENIED,REGULAR,,AFFIRMED,ONT,NOT APPLICABLE,FEDERAL,DETERMINATE,MALE,WHITE,CAUCASIAN,NON SCHEDULE
2014-2015,JUN,PAPER,DP-PRE,DP DENIED,REGULAR,,AFFIRMED,ONT,NOT APPLICABLE,FEDERAL,DETERMINATE,MALE,WHITE,CAUCASIAN,SCHEDULE 2
2014-2015,AUG,PAPER,DP-PRE,DP DENIED,REGULAR,,AFFIRMED,ONT,NOT APPLICABLE,FEDERAL,DETERMINATE,MALE,WHITE,CAUCASIAN,SCHEDULE 2
2014-2015,JUN,PAPER,DP-PRE,DP DENIED,REGULAR,,AFFIRMED,PRA,SASKATOON,FEDERAL,DETERMINATE,MALE,WHITE,CAUCASIAN,SCHE 1 W/O SEX
2014-2015,APR,PAPER,DP-PRE,DP DENIED,REGULAR,,AFFIRMED,ONT,NOT APPLICABLE,FEDERAL,DETERMINATE,MALE,WHITE,CAUCASIAN,NON SCHEDULE
2014-2015,NOV,PAPER,DP-PRE,DP DENIED,REGULAR,,AFFIRMED,QUE,NOT APPLICABLE,FEDERAL,DETERMINATE,MALE,WHITE,CAUCASIAN,SCHE 1 WITH SEX
2014-2015,SEP,PAPER,DP-PRE,DP DENIED,REGULAR,,AFFIRMED,QUE,NOT APPLICABLE,FEDERAL,DETERMINATE,MALE,WHITE,CAUCASIAN,SCHE 1 W/O SEX
2014-2015,JUN,PAPER,DP-PRE,DP DENIED,REGULAR,,AFFIRMED,PRA,EDMONTON,FEDERAL,DETERMINATE,MALE,WHITE,CAUCASIAN,SCHEDULE 2
2014-2015,APR,PAPER,DP-PRE,DP DENIED,REGULAR,,AFFIRMED,ONT,NOT APPLICABLE,FEDERAL,DETERMINATE,MALE,WHITE,CAUCASIAN,SCHE 1 W/O SEX
2014-2015,NOV,PAPER,DP-PRE,DP DENIED,REGULAR,,AFFIRMED,QUE,NOT APPLICABLE,FEDERAL,DETERMINATE,MALE,WHITE,CAUCASIAN,NON SCHEDULE
2014-2015,JUN,PAPER,DP-PRE,DP DENIED,REGULAR,,AFFIRMED,PRA,EDMONTON,FEDERAL,DETERMINATE,FEMALE,WHITE,CAUCASIAN,SCHEDULE 2
2014-2015,OCT,PAPER,DP-PRE,DP DENIED,REGULAR,,AFFIRMED,PRA,EDMONTON,FEDERAL,DETERMINATE,MALE,WHITE,CAUCASIAN,SCHE 1 W/O SEX
2014-2015,NOV,PAPER,DP-PRE,DP DENIED,REGULAR,,AFFIRMED,QUE,NOT APPLICABLE,FEDERAL,DETERMINATE,MALE,WHITE,CAUCASIAN,SCHEDULE 2
2014-2015,FEB,PAPER,DP-PRE,DP DENIED,REGULAR,,AFFIRMED,PRA,EDMONTON,FEDERAL,DETERMINATE,MALE,WHITE,CAUCASIAN,SCHEDULE 2
2014-2015,NOV,PAPER,DP-PRE,DP DENIED,REGULAR,,AFFIRMED,QUE,NOT APPLICABLE,FEDERAL,DETERMINATE,MALE,WHITE,CAUCASIAN,SCHE 1 W/O SEX
2014-2015,SEP,PAPER,DP-PRE,DP DENIED,REGULAR,,AFFIRMED,ATL,NOT APPLICABLE,PROVINCIAL,DETERMINATE,MALE,WHITE,CAUCASIAN,SCHEDULE 2
2014-2015,AUG,PAPER,DP-PRE,DP DENIED,REGULAR,,AFFIRMED,PRA,SASKATOON,FEDERAL,DETERMINATE,MALE,WHITE,CAUCASIAN,SCHE 1 W/O SEX
2014-2015,JUL,PAPER,DP-PRE,DP DENIED,REGULAR,,AFFIRMED,ONT,NOT APPLICABLE,FEDERAL,DETERMINATE,MALE,WHITE,CAUCASIAN,NON SCHEDULE
2014-2015,APR,PAPER,DP-PRE,DP DENIED,REGULAR,,AFFIRMED,QUE,NOT APPLICABLE,FEDERAL,DETERMINATE,MALE,WHITE,CAUCASIAN,SCHEDULE 2
2014-2015,DEC,PAPER,DP-PRE,DP DENIED,REGULAR,,AFFIRMED,ONT,NOT APPLICABLE,FEDERAL,DETERMINATE,MALE,WHITE,CAUCASIAN,SCHE 1 W/O SEX
2014-2015,NOV,PAPER,DP-PRE,DP DENIED,REGULAR,,AFFIRMED,QUE,NOT APPLICABLE,FEDERAL,DETERMINATE,MALE,WHITE,CAUCASIAN,NON SCHEDULE
2014-2015,FEB,PAPER,DP-PRE,DP DENIED,REGULAR,,AFFIRMED,PRA,EDMONTON,FEDERAL,DETERMINATE,MALE,WHITE,CAUCASIAN,NON SCHEDULE
2014-2015,MAR,PAPER,DP-PRE,DP DENIED,REGULAR,,AFFIRMED,QUE,NOT APPLICABLE,FEDERAL,DETERMINATE,MALE,WHITE,CAUCASIAN,SCHE 1 W/O SEX
2014-2015,FEB,PAPER,DP-PRE,DP DENIED,REGULAR,,AFFIRMED,PRA,EDMONTON,FEDERAL,DETERMINATE,MALE,WHITE,CAUCASIAN,SCHE 1 WITH SEX
2014-2015,APR,PAPER,DP-PRE,DP DENIED,REGULAR,,AFFIRMED,ONT,NOT APPLICABLE,FEDERAL,DETERMINATE,MALE,WHITE,CAUCASIAN,SCHE 1 W/O SEX
2014-2015,DEC,PAPER,DP-PRE,DP DENIED,REGULAR,,AFFIRMED,PAC,NOT APPLICABLE,PROVINCIAL,DETERMINATE,MALE,WHITE,CAUCASIAN,SCHEDULE 2
2014-2015,APR,PAPER,DP-PRE,DP DENIED,REGULAR,,AFFIRMED,ATL,NOT APPLICABLE,FEDERAL,DETERMINATE,MALE,WHITE,CAUCASIAN,NON SCHEDULE
2014-2015,AUG,PAPER,DP-PRE,DP DENIED,REGULAR,,AFFIRMED,PRA,SASKATOON,FEDERAL,DETERMINATE,MALE,WHITE,CAUCASIAN,SCHEDULE 2
2014-2015,AUG,PAPER,DP-PRE,DP DENIED,REGULAR,,AFFIRMED,ATL,NOT APPLICABLE,PROVINCIAL,DETERMINATE,MALE,WHITE,CAUCASIAN,SCHE 1 W/O SEX
2014-2015,NOV,PAPER,DP-PRE,DP DENIED,REGULAR,,AFFIRMED,ONT,NOT APPLICABLE,FEDERAL,DETERMINATE,MALE,WHITE,CAUCASIAN,SCHEDULE 2
2014-2015,SEP,PAPER,DP-PRE,DP DENIED,REGULAR,,AFFIRMED,PRA,EDMONTON,FEDERAL,DETERMINATE,MALE,WHITE,CAUCASIAN,NON SCHEDULE
2014-2015,SEP,PAPER,DP-PRE,DP DENIED,REGULAR,,AFFIRMED,ONT,NOT APPLICABLE,FEDERAL,DETERMINATE,MALE,WHITE,CAUCASIAN,SCHE 1 WITH SEX
2014-2015,FEB,PAPER,DP-PRE,DP DENIED,REGULAR,,AFFIRMED,QUE,NOT APPLICABLE,FEDERAL,DETERMINATE,MALE,WHITE,CAUCASIAN,SCHE 1 W/O SEX
2014-2015,JUN,PAPER,DP-PRE,DP DENIED,REGULAR,,AFFIRMED,PRA,EDMONTON,FEDERAL,DETERMINATE,FEMALE,WHITE,CAUCASIAN,SCHEDULE 2
2014-2015,SEP,PAPER,DP-PRE,DP DENIED,REGULAR,,AFFIRMED,ATL,NOT APPLICABLE,FEDERAL,DETERMINATE,MALE,WHITE,CAUCASIAN,SCHEDULE 2
2014-2015,FEB,PAPER,DP-PRE,DP DENIED,REGULAR,,AFFIRMED,PAC,NOT APPLICABLE,PROVINCIAL,DETERMINATE,MALE,WHITE,CAUCASIAN,NON SCHEDULE
2014-2015,JUN,PAPER,DP-PRE,DP DENIED,REGULAR,,AFFIRMED,PRA,EDMONTON,FEDERAL,DETERMINATE,MALE,WHITE,CAUCASIAN,SCHE 1 W/O SEX
2014-2015,SEP,PAPER,DP-PRE,DP DENIED,REGULAR,,AFFIRMED,QUE,NOT APPLICABLE,FEDERAL,DETERMINATE,MALE,WHITE,CAUCASIAN,NON SCHEDULE
2014-2015,APR,PAPER,DP-PRE,DP DENIED,REGULAR,,AFFIRMED,ATL,NOT APPLICABLE,PROVINCIAL,DETERMINATE,MALE,WHITE,CAUCASIAN,NON SCHEDULE
2014-2015,JUL,PAPER,DP-PRE,DP DENIED,REGULAR,,AFFIRMED,PAC,NOT APPLICABLE,PROVINCIAL,DETERMINATE,MALE,WHITE,CAUCASIAN,NON SCHEDULE
2014-2015,JUN,PAPER,DP-PRE,DP DENIED,REGULAR,,AFFIRMED,ONT,NOT APPLICABLE,FEDERAL,DETERMINATE,MALE,WHITE,CAUCASIAN,NON SCHEDULE
2014-2015,AUG,PAPER,DP-PRE,DP DENIED,REGULAR,,AFFIRMED,QUE,NOT APPLICABLE,FEDERAL,DETERMINATE,MALE,WHITE,CAUCASIAN,SCHE 1 WITH SEX
2014-2015,JUN,PAPER,DP-PRE,DP DENIED,REGULAR,,AFFIRMED,QUE,NOT APPLICABLE,FEDERAL,DETERMINATE,MALE,WHITE,CAUCASIAN,SCHE 1 W/O SEX
2014-2015,MAY,PAPER,DP-PRE,DP DENIED,REGULAR,,AFFIRMED,PRA,EDMONTON,FEDERAL,DETERMINATE,MALE,WHITE,CAUCASIAN,SCHEDULE 2
2014-2015,NOV,PAPER,DP-PRE,DP DENIED,REGULAR,,AFFIRMED,ONT,NOT APPLICABLE,FEDERAL,DETERMINATE,MALE,WHITE,CAUCASIAN,SCHE 1 WITH SEX
2014-2015,SEP,PAPER,DP-PRE,DP DENIED,REGULAR,,AFFIRMED,ONT,NOT APPLICABLE,FEDERAL,DETERMINATE,MALE,WHITE,CAUCASIAN,NON SCHEDULE
2014-2015,MAR,PAPER,DP-PRE,DP DENIED,REGULAR,,AFFIRMED,QUE,NOT APPLICABLE,FEDERAL,DETERMINATE,MALE,WHITE,CAUCASIAN,SCHE 1 WITH SEX
2014-2015,MAY,PAPER,DP-PRE,DP DENIED,REGULAR,,AFFIRMED,ONT,NOT APPLICABLE,FEDERAL,INDETERMINATE,MALE,WHITE,CAUCASIAN,SCHE 1 WITH SEX
2014-2015,DEC,PAPER,DP-PRE,DP DENIED,REGULAR,,AFFIRMED,ONT,NOT APPLICABLE,FEDERAL,INDETERMINATE,MALE,WHITE,CAUCASIAN,SCHE 1 WITH SEX
2014-2015,FEB,PAPER,DP-PRE,DP DENIED,REGULAR,,AFFIRMED,PAC,NOT APPLICABLE,FEDERAL,INDETERMINATE,MALE,WHITE,CAUCASIAN,SCHE 1 WITH SEX
2014-2015,NOV,PAPER,DP-PRE,DP DENIED,REGULAR,,AFFIRMED,PAC,NOT APPLICABLE,FEDERAL,INDETERMINATE,MALE,WHITE,CAUCASIAN,SCHE 1 WITH SEX
2014-2015,FEB,PAPER,DP-PRE,DP DENIED,REGULAR,,AFFIRMED,PAC,NOT APPLICABLE,FEDERAL,INDETERMINATE,MALE,WHITE,CAUCASIAN,SCHE 1 WITH SEX
2014-2015,SEP,PAPER,DP-PRE,DP DENIED,REGULAR,,AFFIRMED,PRA,EDMONTON,FEDERAL,INDETERMINATE,MALE,WHITE,CAUCASIAN,SCHE 1 WITH SEX
2014-2015,FEB,PAPER,DP-PRE,DP DENIED,REGULAR,,AFFIRMED,PAC,NOT APPLICABLE,FEDERAL,INDETERMINATE,MALE,WHITE,CAUCASIAN,SCHE 1 WITH SEX
2014-2015,NOV,PAPER,DP-PRE,DP DENIED,REGULAR,,AFFIRMED,ATL,NOT APPLICABLE,FEDERAL,INDETERMINATE,MALE,WHITE,CAUCASIAN,SCHE 1 WITH SEX
2014-2015,JAN,PAPER,DP-PRE,DP DENIED,REGULAR,,AFFIRMED,PAC,NOT APPLICABLE,FEDERAL,INDETERMINATE,MALE,WHITE,CAUCASIAN,NON SCHEDULE
2014-2015,SEP,PAPER,DP-PRE,DP DENIED,REGULAR,,AFFIRMED,PAC,NOT APPLICABLE,FEDERAL,INDETERMINATE,MALE,WHITE,CAUCASIAN,SCHE 1 W/O SEX
2014-2015,DEC,PAPER,DP-PRE,DP DENIED,REGULAR,,AFFIRMED,PRA,EDMONTON,FEDERAL,INDETERMINATE,MALE,WHITE,CAUCASIAN,MURDER 2
2014-2015,FEB,PAPER,DP-PRE,DP DENIED,REGULAR,,AFFIRMED,PAC,NOT APPLICABLE,FEDERAL,INDETERMINATE,MALE,WHITE,CAUCASIAN,MURDER 1
2014-2015,SEP,PAPER,DP-PRE,DP DENIED,REGULAR,,AFFIRMED,QUE,NOT APPLICABLE,FEDERAL,INDETERMINATE,MALE,WHITE,CAUCASIAN,MURDER 2
2014-2015,MAR,PAPER,DP-PRE,DP DENIED,REGULAR,,AFFIRMED,QUE,NOT APPLICABLE,FEDERAL,INDETERMINATE,MALE,WHITE,CAUCASIAN,MURDER 2
2014-2015,AUG,PAPER,DP-PRE,DP DENIED,REGULAR,,AFFIRMED,PRA,SASKATOON,FEDERAL,INDETERMINATE,MALE,WHITE,CAUCASIAN,MURDER 1
2014-2015,APR,PAPER,DP-PRE,DP DENIED,REGULAR,,AFFIRMED,PRA,SASKATOON,FEDERAL,INDETERMINATE,MALE,WHITE,CAUCASIAN,MURDER 2
2014-2015,AUG,PAPER,DP-PRE,DP DENIED,REGULAR,,AFFIRMED,QUE,NOT APPLICABLE,FEDERAL,INDETERMINATE,MALE,WHITE,CAUCASIAN,MURDER 2
2014-2015,JUN,PAPER,DP-PRE,DP DENIED,REGULAR,,AFFIRMED,ONT,NOT APPLICABLE,FEDERAL,INDETERMINATE,MALE,WHITE,CAUCASIAN,MURDER 2
2014-2015,FEB,PAPER,DP-PRE,DP DENIED,REGULAR,,AFFIRMED,ONT,NOT APPLICABLE,FEDERAL,INDETERMINATE,FEMALE,WHITE,CAUCASIAN,MURDER 2
2014-2015,FEB,PAPER,DP-PRE,DP DENIED,REGULAR,,AFFIRMED,QUE,NOT APPLICABLE,FEDERAL,INDETERMINATE,MALE,WHITE,CAUCASIAN,MURDER 2
2014-2015,SEP,PAPER,DP-PRE,DP DENIED,REGULAR,,AFFIRMED,QUE,NOT APPLICABLE,FEDERAL,INDETERMINATE,MALE,WHITE,CAUCASIAN,MURDER 2
2014-2015,NOV,PAPER,DP-PRE,DP DENIED,REGULAR,,AFFIRMED,QUE,NOT APPLICABLE,FEDERAL,INDETERMINATE,MALE,WHITE,CAUCASIAN,MURDER 2
2014-2015,FEB,PAPER,DP-PRE,DP DENIED,REGULAR,,AFFIRMED,ONT,NOT APPLICABLE,FEDERAL,INDETERMINATE,MALE,WHITE,CAUCASIAN,MURDER 2
2014-2015,OCT,PAPER,DP-PRE,DP DENIED,REGULAR,,AFFIRMED,QUE,NOT APPLICABLE,FEDERAL,INDETERMINATE,MALE,WHITE,CAUCASIAN,MURDER 2
2014-2015,DEC,PAPER,DP-PRE,DP DENIED,REGULAR,,AFFIRMED,QUE,NOT APPLICABLE,FEDERAL,DETERMINATE,MALE,METIS,ABORIGINAL,SCHE 1 W/O SEX
2014-2015,NOV,PAPER,DP-PRE,DP DENIED,REGULAR,,AFFIRMED,QUE,NOT APPLICABLE,FEDERAL,DETERMINATE,MALE,METIS,ABORIGINAL,SCHE 1 W/O SEX
2014-2015,DEC,PAPER,DP-PRE,DP DENIED,REGULAR,,AFFIRMED,QUE,NOT APPLICABLE,FEDERAL,DETERMINATE,MALE,METIS,ABORIGINAL,SCHE 1 W/O SEX
2014-2015,OCT,PAPER,DP-PRE,DP DENIED,REGULAR,,AFFIRMED,QUE,NOT APPLICABLE,FEDERAL,DETERMINATE,MALE,METIS,ABORIGINAL,NON SCHEDULE
2014-2015,OCT,PAPER,DP-PRE,DP DENIED,REGULAR,,AFFIRMED,PAC,NOT APPLICABLE,FEDERAL,DETERMINATE,MALE,METIS,ABORIGINAL,NON SCHEDULE
2014-2015,DEC,PAPER,DP-PRE,DP DENIED,REGULAR,,AFFIRMED,PAC,NOT APPLICABLE,PROVINCIAL,DETERMINATE,MALE,METIS,ABORIGINAL,SCHE 1 W/O SEX
2014-2015,OCT,PAPER,DP-PRE,DP DENIED,REGULAR,,AFFIRMED,PRA,EDMONTON,FEDERAL,DETERMINATE,MALE,METIS,ABORIGINAL,SCHE 1 W/O SEX
2014-2015,JAN,PAPER,DP-PRE,DP DENIED,REGULAR,,AFFIRMED,PAC,NOT APPLICABLE,PROVINCIAL,DETERMINATE,MALE,METIS,ABORIGINAL,NON SCHEDULE
2014-2015,JAN,PAPER,DP-PRE,DP DENIED,REGULAR,,AFFIRMED,QUE,NOT APPLICABLE,FEDERAL,DETERMINATE,MALE,METIS,ABORIGINAL,SCHEDULE 2
2014-2015,DEC,PAPER,DP-PRE,DP DENIED,REGULAR,,AFFIRMED,PRA,SASKATOON,FEDERAL,INDETERMINATE,MALE,METIS,ABORIGINAL,SCHE 1 W/O SEX
2014-2015,NOV,PAPER,DP-PRE,DP DENIED,REGULAR,,AFFIRMED,QUE,NOT APPLICABLE,FEDERAL,INDETERMINATE,MALE,METIS,ABORIGINAL,MURDER 1
2014-2015,JUL,PAPER,DP-PRE,DP DENIED,REGULAR,,AFFIRMED,PRA,EDMONTON,FEDERAL,INDETERMINATE,MALE,METIS,ABORIGINAL,MURDER 1
2014-2015,DEC,PAPER,DP-PRE,DP DENIED,REGULAR,,AFFIRMED,QUE,NOT APPLICABLE,FEDERAL,INDETERMINATE,MALE,METIS,ABORIGINAL,MURDER 1
2014-2015,AUG,PAPER,DP-PRE,DP DENIED,REGULAR,,AFFIRMED,PRA,EDMONTON,FEDERAL,DETERMINATE,MALE,NORTH AMERICAN,ABORIGINAL,SCHE 1 W/O SEX
2014-2015,MAR,PAPER,DP-PRE,DP DENIED,REGULAR,,AFFIRMED,ATL,NOT APPLICABLE,FEDERAL,DETERMINATE,MALE,NORTH AMERICAN,ABORIGINAL,SCHEDULE 2
2014-2015,FEB,PAPER,DP-PRE,DP DENIED,REGULAR,,AFFIRMED,PRA,EDMONTON,FEDERAL,DETERMINATE,MALE,NORTH AMERICAN,ABORIGINAL,NON SCHEDULE
2014-2015,FEB,PAPER,DP-PRE,DP DENIED,REGULAR,,AFFIRMED,ATL,NOT APPLICABLE,FEDERAL,DETERMINATE,MALE,NORTH AMERICAN,ABORIGINAL,SCHE 1 W/O SEX
2014-2015,MAR,PAPER,DP-PRE,DP DENIED,REGULAR,,AFFIRMED,PAC,NOT APPLICABLE,FEDERAL,INDETERMINATE,MALE,NORTH AMERICAN,ABORIGINAL,SCHE 1 W/O SEX
2014-2015,APR,PAPER,DP-PRE,DP DENIED,REGULAR,,AFFIRMED,ATL,NOT APPLICABLE,FEDERAL,INDETERMINATE,MALE,NORTH AMERICAN,ABORIGINAL,MURDER 2
2014-2015,AUG,PAPER,DP-PRE,DP DENIED,REGULAR,,AFFIRMED,ATL,NOT APPLICABLE,FEDERAL,INDETERMINATE,MALE,NORTH AMERICAN,ABORIGINAL,MURDER 2
2014-2015,OCT,PAPER,DP-PRE,DP DENIED,REGULAR,,AFFIRMED,QUE,NOT APPLICABLE,FEDERAL,INDETERMINATE,MALE,NORTH AMERICAN,ABORIGINAL,MURDER 1
2014-2015,AUG,PAPER,DP-PRE,DP DENIED,REGULAR,,AFFIRMED,PAC,NOT APPLICABLE,FEDERAL,INDETERMINATE,MALE,NORTH AMERICAN,ABORIGINAL,MURDER 1
2014-2015,DEC,PAPER,DP-PRE,DP DENIED,REGULAR,,AFFIRMED,ONT,NOT APPLICABLE,FEDERAL,INDETERMINATE,MALE,NORTH AMERICAN,ABORIGINAL,MURDER 2
2014-2015,NOV,PAPER,DP-PRE,DP DENIED,REGULAR,,AFFIRMED,ONT,NOT APPLICABLE,FEDERAL,DETERMINATE,MALE,CHINESE,ASIAN,NON SCHEDULE
2014-2015,SEP,PAPER,DP-PRE,DP DENIED,REGULAR,,AFFIRMED,ONT,NOT APPLICABLE,FEDERAL,DETERMINATE,MALE,CHINESE,ASIAN,NON SCHEDULE
2014-2015,JAN,PAPER,DP-PRE,DP DENIED,REGULAR,,AFFIRMED,PAC,NOT APPLICABLE,FEDERAL,DETERMINATE,MALE,CHINESE,ASIAN,NON SCHEDULE
2014-2015,JAN,PAPER,DP-PRE,DP DENIED,REGULAR,,AFFIRMED,PRA,EDMONTON,FEDERAL,DETERMINATE,MALE,LATIN AMERICAN,OTHER/UNKNOWN,SCHE 1 W/O SEX
2014-2015,APR,PAPER,DP-PRE,DP DENIED,REGULAR,,AFFIRMED,PRA,SASKATOON,FEDERAL,DETERMINATE,MALE,LATIN AMERICAN,OTHER/UNKNOWN,SCHE 1 WITH SEX
2014-2015,SEP,PAPER,DP-PRE,DP DENIED,REGULAR,,AFFIRMED,QUE,NOT APPLICABLE,FEDERAL,DETERMINATE,MALE,LATIN AMERICAN,OTHER/UNKNOWN,SCHE 1 W/O SEX
2014-2015,DEC,PAPER,DP-PRE,DP DENIED,REGULAR,,AFFIRMED,PAC,NOT APPLICABLE,FEDERAL,DETERMINATE,MALE,LATIN AMERICAN,OTHER/UNKNOWN,SCHE 1 WITH SEX
2014-2015,FEB,PAPER,DP-PRE,DP DENIED,REGULAR,,AFFIRMED,PAC,NOT APPLICABLE,FEDERAL,DETERMINATE,MALE,SOUTH ASIAN,ASIAN,SCHE 1 W/O SEX
2014-2015,NOV,PAPER,DP-PRE,DP DENIED,REGULAR,,AFFIRMED,ONT,NOT APPLICABLE,FEDERAL,DETERMINATE,MALE,SOUTH ASIAN,ASIAN,NON SCHEDULE
2014-2015,MAR,PAPER,DP-PRE,DP DENIED,REGULAR,,AFFIRMED,PAC,NOT APPLICABLE,PROVINCIAL,DETERMINATE,MALE,S. E. ASIAN,ASIAN,NON SCHEDULE
2014-2015,AUG,PAPER,DP-PRE,DP DENIED,REGULAR,,AFFIRMED,PAC,NOT APPLICABLE,FEDERAL,DETERMINATE,MALE,ASI-E/SOUTHEAST,ASIAN,SCHE 1 W/O SEX
2014-2015,NOV,PAPER,DP-PRE,DP DENIED,REGULAR,,AFFIRMED,ONT,NOT APPLICABLE,FEDERAL,DETERMINATE,MALE,EURO.-WESTERN,CAUCASIAN,NON SCHEDULE
2014-2015,FEB,PAPER,DP-PRE,DP DENIED,REGULAR,,AFFIRMED,ONT,NOT APPLICABLE,FEDERAL,DETERMINATE,MALE,MULTIRAC/ETHNIC,OTHER/UNKNOWN,SCHE 1 W/O SEX
2014-2015,AUG,PAPER,DP-PRE,DP DENIED,REGULAR,,AFFIRMED,PRA,SASKATOON,FEDERAL,DETERMINATE,MALE,MULTIRAC/ETHNIC,OTHER/UNKNOWN,SCHEDULE 2
2014-2015,OCT,PAPER,DP-PRE,DP DENIED,REGULAR,,PAN.HEAR.ORDER.,ONT,NOT APPLICABLE,FEDERAL,DETERMINATE,MALE,BLACK,BLACK,SCHE 1 W/O SEX
2014-2015,APR,PAPER,DP-PRE,DP DENIED,REGULAR,,PAN.HEAR.ORDER.,ONT,NOT APPLICABLE,FEDERAL,DETERMINATE,MALE,BLACK,BLACK,SCHE 1 W/O SEX
2014-2015,NOV,PAPER,DP-PRE,DP DENIED,REGULAR,,PAN.HEAR.ORDER.,ONT,NOT APPLICABLE,FEDERAL,DETERMINATE,MALE,BLACK,BLACK,SCHEDULE 2
2014-2015,SEP,PAPER,DP-PRE,DP DENIED,REGULAR,,PAN.HEAR.ORDER.,QUE,NOT APPLICABLE,FEDERAL,DETERMINATE,MALE,WHITE,CAUCASIAN,SCHE 1 WITH SEX
2014-2015,SEP,PAPER,DP-PRE,DP DENIED,REGULAR,,PAN.HEAR.ORDER.,ONT,NOT APPLICABLE,FEDERAL,DETERMINATE,FEMALE,WHITE,CAUCASIAN,NON SCHEDULE
2014-2015,NOV,PAPER,DP-PRE,DP DENIED,REGULAR,,PAN.HEAR.ORDER.,QUE,NOT APPLICABLE,FEDERAL,DETERMINATE,MALE,WHITE,CAUCASIAN,NON SCHEDULE
2014-2015,MAY,PAPER,DP-PRE,DP DENIED,REGULAR,,PAN.HEAR.ORDER.,ONT,NOT APPLICABLE,FEDERAL,DETERMINATE,MALE,WHITE,CAUCASIAN,SCHE 1 WITH SEX
2014-2015,MAR,PAPER,DP-PRE,DP DENIED,REGULAR,,PAN.HEAR.ORDER.,PRA,EDMONTON,FEDERAL,DETERMINATE,MALE,WHITE,CAUCASIAN,NON SCHEDULE
2014-2015,JUL,PAPER,DP-PRE,DP DENIED,REGULAR,,PAN.HEAR.ORDER.,QUE,NOT APPLICABLE,FEDERAL,DETERMINATE,MALE,METIS,ABORIGINAL,SCHE 1 W/O SEX
2014-2015,JUL,PAPER,DP-PRE,DP DENIED,REGULAR,,PAN.HEAR.ORDER.,ONT,NOT APPLICABLE,FEDERAL,INDETERMINATE,MALE,METIS,ABORIGINAL,SCHE 1 W/O SEX
2014-2015,JAN,PAPER,DP-PRE,DP DENIED,REGULAR,,PAN.HEAR.ORDER.,QUE,NOT APPLICABLE,FEDERAL,DETERMINATE,MALE,NORTH AMERICAN,ABORIGINAL,SCHE 1 W/O SEX
2014-2015,FEB,PAPER,DP-PRE,DP DENIED,REGULAR,,PAN.HEAR.ORDER.,PRA,SASKATOON,FEDERAL,DETERMINATE,MALE,CHINESE,ASIAN,NON SCHEDULE
2014-2015,NOV,PAPER,DP-PRE,DP DENIED,REGULAR,,PAN.HEAR.ORDER.,ONT,NOT APPLICABLE,FEDERAL,DETERMINATE,MALE,ARAB,ASIAN,SCHE 1 W/O SEX
2014-2015,OCT,PAPER,DP-PRE,DP DENIED,REGULAR,,PAN.HEAR.ORDER.,PRA,EDMONTON,FEDERAL,DETERMINATE,MALE,EURO.-EASTERN,CAUCASIAN,NON SCHEDULE
2014-2015,JAN,PAPER,DP-PRE,DP DENIED,REGULAR,,REVIEW ORDERED,PRA,EDMONTON,PROVINCIAL,DETERMINATE,MALE,UNK,OTHER/UNKNOWN,SCHEDULE 2
2014-2015,AUG,PAPER,DP-PRE,DP DENIED,REGULAR,,REVIEW ORDERED,PRA,EDMONTON,PROVINCIAL,DETERMINATE,MALE,UNK,OTHER/UNKNOWN,SCHE 1 WITH SEX
2014-2015,APR,PAPER,DP-PRE,DP DENIED,REGULAR,,REVIEW ORDERED,PAC,NOT APPLICABLE,PROVINCIAL,DETERMINATE,FEMALE,WHITE,CAUCASIAN,SCHE 1 W/O SEX
2014-2015,APR,PAPER,DP-PRE,DP DENIED,REGULAR,,REVIEW ORDERED,PAC,NOT APPLICABLE,PROVINCIAL,DETERMINATE,MALE,WHITE,CAUCASIAN,NON SCHEDULE
2014-2015,MAY,PAPER,DP-PRE,DP DENIED,REGULAR,,REVIEW ORDERED,QUE,NOT APPLICABLE,FEDERAL,INDETERMINATE,MALE,WHITE,CAUCASIAN,SCHE 1 W/O SEX
2014-2015,JAN,PAPER,DP-PRE,DP DENIED,REGULAR,,REVIEW ORDERED,ONT,NOT APPLICABLE,FEDERAL,INDETERMINATE,MALE,WHITE,CAUCASIAN,MURDER 2
2014-2015,MAY,PAPER,DP-PRE,DP NO ACTION,REGULAR,,REVIEW ORDERED,QUE,NOT APPLICABLE,FEDERAL,DETERMINATE,MALE,WHITE,CAUCASIAN,SCHEDULE 2
2014-2015,JUL,PAPER,DP-POST,DP REVOKED,REGULAR,,AFFIRMED,ONT,NOT APPLICABLE,FEDERAL,DETERMINATE,MALE,WHITE,CAUCASIAN,NON SCHEDULE
2014-2015,AUG,PAPER,DP-POST,DP REVOKED,REGULAR,,AFFIRMED,ONT,NOT APPLICABLE,FEDERAL,DETERMINATE,MALE,WHITE,CAUCASIAN,NON SCHEDULE
2014-2015,JUN,PAPER,DP-POST,DP REVOKED,REGULAR,,AFFIRMED,ATL,NOT APPLICABLE,FEDERAL,DETERMINATE,MALE,WHITE,CAUCASIAN,SCHE 1 W/O SEX
2014-2015,DEC,PAPER,DP-POST,DP REVOKED,REGULAR,,AFFIRMED,ONT,NOT APPLICABLE,FEDERAL,DETERMINATE,MALE,WHITE,CAUCASIAN,SCHE 1 WITH SEX
2014-2015,SEP,PAPER,DP-POST,DP REVOKED,REGULAR,,AFFIRMED,ONT,NOT APPLICABLE,FEDERAL,DETERMINATE,MALE,WHITE,CAUCASIAN,NON SCHEDULE
2014-2015,SEP,PAPER,DP-POST,DP REVOKED,REGULAR,,AFFIRMED,ONT,NOT APPLICABLE,FEDERAL,DETERMINATE,MALE,WHITE,CAUCASIAN,SCHEDULE 2
2014-2015,JUL,PAPER,DP-POST,DP REVOKED,REGULAR,,AFFIRMED,PAC,NOT APPLICABLE,FEDERAL,DETERMINATE,MALE,WHITE,CAUCASIAN,SCHE 1 W/O SEX
2014-2015,JAN,PAPER,DP-POST,DP REVOKED,REGULAR,,AFFIRMED,ONT,NOT APPLICABLE,FEDERAL,DETERMINATE,MALE,WHITE,CAUCASIAN,SCHE 1 W/O SEX
2014-2015,AUG,PAPER,DP-POST,DP REVOKED,REGULAR,,AFFIRMED,PRA,EDMONTON,FEDERAL,DETERMINATE,MALE,WHITE,CAUCASIAN,SCHE 1 WITH SEX
2014-2015,SEP,PAPER,DP-POST,DP REVOKED,REGULAR,,AFFIRMED,PAC,NOT APPLICABLE,FEDERAL,DETERMINATE,MALE,WHITE,CAUCASIAN,NON SCHEDULE
2014-2015,OCT,PAPER,DP-POST,DP REVOKED,REGULAR,,AFFIRMED,ONT,NOT APPLICABLE,FEDERAL,DETERMINATE,MALE,WHITE,CAUCASIAN,NON SCHEDULE
2014-2015,MAY,PAPER,DP-POST,DP REVOKED,REGULAR,,AFFIRMED,PRA,EDMONTON,FEDERAL,DETERMINATE,MALE,WHITE,CAUCASIAN,SCHE 1 WITH SEX
2014-2015,OCT,PAPER,DP-POST,DP REVOKED,REGULAR,,AFFIRMED,PRA,EDMONTON,FEDERAL,DETERMINATE,MALE,WHITE,CAUCASIAN,SCHEDULE 2
2014-2015,FEB,PAPER,DP-POST,DP REVOKED,REGULAR,,AFFIRMED,ATL,NOT APPLICABLE,FEDERAL,DETERMINATE,MALE,WHITE,CAUCASIAN,SCHEDULE 2
2014-2015,APR,PAPER,DP-POST,DP REVOKED,REGULAR,,AFFIRMED,ONT,NOT APPLICABLE,FEDERAL,DETERMINATE,MALE,WHITE,CAUCASIAN,NON SCHEDULE
2014-2015,JUL,PAPER,DP-POST,DP REVOKED,REGULAR,,AFFIRMED,ONT,NOT APPLICABLE,FEDERAL,DETERMINATE,MALE,METIS,ABORIGINAL,SCHE 1 W/O SEX
2014-2015,APR,PAPER,DP-POST,DP REVOKED,REGULAR,,AFFIRMED,QUE,NOT APPLICABLE,FEDERAL,DETERMINATE,MALE,METIS,ABORIGINAL,SCHE 1 W/O SEX
2014-2015,NOV,PAPER,DP-POST,DP REVOKED,REGULAR,,AFFIRMED,ONT,NOT APPLICABLE,FEDERAL,DETERMINATE,MALE,METIS,ABORIGINAL,SCHE 1 W/O SEX
2014-2015,AUG,PAPER,DP-POST,DP REVOKED,REGULAR,,AFFIRMED,QUE,NOT APPLICABLE,FEDERAL,DETERMINATE,MALE,METIS,ABORIGINAL,SCHEDULE 2
2014-2015,NOV,PAPER,DP-POST,DP REVOKED,REGULAR,,AFFIRMED,PAC,NOT APPLICABLE,FEDERAL,DETERMINATE,MALE,NORTH AMERICAN,ABORIGINAL,NON SCHEDULE
2014-2015,JUN,PAPER,DP-POST,DP REVOKED,REGULAR,,AFFIRMED,ONT,NOT APPLICABLE,FEDERAL,DETERMINATE,MALE,NORTH AMERICAN,ABORIGINAL,NON SCHEDULE
2014-2015,MAY,PAPER,DP-POST,DP REVOKED,REGULAR,,AFFIRMED,PRA,SASKATOON,FEDERAL,DETERMINATE,MALE,NORTH AMERICAN,ABORIGINAL,SCHE 1 W/O SEX
2014-2015,SEP,PAPER,DP-POST,DP REVOKED,REGULAR,,AFFIRMED,PAC,NOT APPLICABLE,FEDERAL,INDETERMINATE,MALE,SOUTH ASIAN,ASIAN,MURDER 2
2014-2015,DEC,PAPER,DP-POST,DP REVOKED,REGULAR,,AFFIRMED,ONT,NOT APPLICABLE,FEDERAL,DETERMINATE,MALE,ARAB,ASIAN,NON SCHEDULE
2014-2015,FEB,PAPER,DP-POST,DP REVOKED,REGULAR,,PAN.HEAR.ORDER.,ONT,NOT APPLICABLE,FEDERAL,INDETERMINATE,MALE,WHITE,CAUCASIAN,MURDER 1
2014-2015,NOV,PAPER,DP-POST,DP REVOKED,REGULAR,,PAN.HEAR.ORDER.,ONT,NOT APPLICABLE,FEDERAL,INDETERMINATE,MALE,NORTH AMERICAN,ABORIGINAL,MURDER 2
2014-2015,SEP,PAPER,DP-POST,DP REVOKED,REGULAR,,REVIEW ORDERED,ONT,NOT APPLICABLE,FEDERAL,DETERMINATE,MALE,BLACK,BLACK,SCHE 1 W/O SEX
2014-2015,NOV,PAPER,DP-POST,DP REVOKED,REGULAR,,REVIEW ORDERED,PRA,EDMONTON,FEDERAL,DETERMINATE,MALE,WHITE,CAUCASIAN,SCHE 1 WITH SEX
2014-2015,MAY,PAPER,DP-POST,DP.REVOC.CONFIR,REGULAR,,PAN.HEAR.ORDER.,QUE,NOT APPLICABLE,FEDERAL,INDETERMINATE,MALE,WHITE,CAUCASIAN,MURDER 2
2014-2015,OCT,PAPER,UTA-PRE,UTA NOT AUTHOR.,REGULAR,,AFFIRMED,ONT,NOT APPLICABLE,FEDERAL,INDETERMINATE,MALE,ASIATIC,ASIAN,MURDER 2
2014-2015,MAR,PAPER,UTA-PRE,UTA NOT AUTHOR.,REGULAR,,AFFIRMED,ONT,NOT APPLICABLE,FEDERAL,INDETERMINATE,MALE,WHITE,CAUCASIAN,MURDER 2
2014-2015,FEB,PAPER,UTA-PRE,UTA NOT AUTHOR.,REGULAR,,AFFIRMED,ONT,NOT APPLICABLE,FEDERAL,INDETERMINATE,MALE,WHITE,CAUCASIAN,MURDER 2
2014-2015,JUN,PAPER,UTA-PRE,UTA NOT AUTHOR.,REGULAR,,AFFIRMED,ONT,NOT APPLICABLE,FEDERAL,INDETERMINATE,MALE,WHITE,CAUCASIAN,MURDER 2
2014-2015,JUL,PAPER,UTA-PRE,UTA NOT AUTHOR.,REGULAR,,PAN.HEAR.ORDER.,ONT,NOT APPLICABLE,FEDERAL,DETERMINATE,MALE,WHITE,CAUCASIAN,SCHE 1 WITH SEX
2014-2015,JAN,PAPER,UTA-PRE,UTA NOT AUTHOR.,REGULAR,,PAN.HEAR.ORDER.,ONT,NOT APPLICABLE,FEDERAL,INDETERMINATE,MALE,WHITE,CAUCASIAN,MURDER 1
2014-2015,FEB,PAPER,UTA-PRE,UTA NOT AUTHOR.,REGULAR,,PAN.HEAR.ORDER.,ONT,NOT APPLICABLE,FEDERAL,INDETERMINATE,MALE,WHITE,CAUCASIAN,MURDER 2
2014-2015,SEP,PAPER,UTA-PRE,UTA NOT AUTHOR.,REGULAR,,AFFIRMED,ATL,NOT APPLICABLE,FEDERAL,DETERMINATE,MALE,WHITE,CAUCASIAN,SCHE 1 W/O SEX
2014-2015,MAR,PAPER,UTA-PRE,UTA NOT AUTHOR.,REGULAR,,AFFIRMED,QUE,NOT APPLICABLE,FEDERAL,INDETERMINATE,MALE,WHITE,CAUCASIAN,MURDER 2
2014-2015,SEP,PAPER,UTA-PRE,UTA NOT AUTHOR.,REGULAR,,AFFIRMED,QUE,NOT APPLICABLE,FEDERAL,INDETERMINATE,MALE,METIS,ABORIGINAL,MURDER 2
2014-2015,JUL,PAPER,UTA-PRE,UTA NOT AUTHOR.,REGULAR,,PAN.HEAR.ORDER.,ONT,NOT APPLICABLE,FEDERAL,DETERMINATE,MALE,WHITE,CAUCASIAN,SCHE 1 WITH SEX
2014-2015,JAN,PAPER,UTA-PRE,UTA NOT AUTHOR.,REGULAR,,PAN.HEAR.ORDER.,ONT,NOT APPLICABLE,FEDERAL,INDETERMINATE,MALE,WHITE,CAUCASIAN,MURDER 1
2014-2015,JUL,PAPER,UTA-PRE,UTA NOT AUTHOR.,REGULAR,,PAN.HEAR.ORDER.,ONT,NOT APPLICABLE,FEDERAL,INDETERMINATE,MALE,METIS,ABORIGINAL,SCHE 1 W/O SEX
2014-2015,JUN,PAPER,UTA-PRE,UTA NOT AUTHOR.,REGULAR,,AFFIRMED,ONT,NOT APPLICABLE,FEDERAL,INDETERMINATE,MALE,WHITE,CAUCASIAN,MURDER 2
2014-2015,JUL,PAPER,UTA-PRE,UTA NOT AUTHOR.,REGULAR,,PAN.HEAR.ORDER.,ONT,NOT APPLICABLE,FEDERAL,DETERMINATE,MALE,WHITE,CAUCASIAN,SCHE 1 WITH SEX
2014-2015,FEB,PAPER,UTA-PRE,UTA NOT AUTHOR.,REGULAR,,PAN.HEAR.ORDER.,ONT,NOT APPLICABLE,FEDERAL,INDETERMINATE,MALE,WHITE,CAUCASIAN,MURDER 2
2014-2015,OCT,PAPER,UTA-PRE,UTA NOT AUTHOR.,REGULAR,,AFFIRMED,ATL,NOT APPLICABLE,FEDERAL,DETERMINATE,MALE,BLACK,BLACK,SCHE 1 W/O SEX
2014-2015,FEB,PAPER,UTA-PRE,UTA NOT AUTHOR.,REGULAR,,AFFIRMED,PAC,NOT APPLICABLE,FEDERAL,INDETERMINATE,MALE,BLACK,BLACK,SCHE 1 W/O SEX
2014-2015,SEP,PAPER,UTA-PRE,UTA NOT AUTHOR.,REGULAR,,AFFIRMED,PRA,SASKATOON,FEDERAL,INDETERMINATE,MALE,WHITE,CAUCASIAN,SCHE 1 WITH SEX
2014-2015,APR,PAPER,UTA-PRE,UTA NOT AUTHOR.,REGULAR,,AFFIRMED,PRA,SASKATOON,FEDERAL,INDETERMINATE,MALE,WHITE,CAUCASIAN,MURDER 2
2014-2015,SEP,PAPER,UTA-PRE,UTA NOT AUTHOR.,REGULAR,,AFFIRMED,QUE,NOT APPLICABLE,FEDERAL,INDETERMINATE,MALE,WHITE,CAUCASIAN,MURDER 2
2014-2015,MAR,PAPER,UTA-PRE,UTA NOT AUTHOR.,REGULAR,,AFFIRMED,QUE,NOT APPLICABLE,FEDERAL,INDETERMINATE,MALE,WHITE,CAUCASIAN,MURDER 2
2014-2015,AUG,PAPER,UTA-PRE,UTA NOT AUTHOR.,REGULAR,,AFFIRMED,PAC,NOT APPLICABLE,FEDERAL,INDETERMINATE,MALE,WHITE,CAUCASIAN,MURDER 2
2014-2015,OCT,PAPER,UTA-POST,UTA AUTH.CAN.PT,REGULAR,,AFFIRMED,ATL,NOT APPLICABLE,FEDERAL,INDETERMINATE,MALE,WHITE,CAUCASIAN,MURDER 2
2014-2015,AUG,PAPER,UTA-POST,UTA AUTH.CAN.PT,REGULAR,,AFFIRMED,ONT,NOT APPLICABLE,FEDERAL,INDETERMINATE,MALE,WHITE,CAUCASIAN,MURDER 2
2014-2015,SEP,PAPER,SR-POST,SR REVOKED,REGULAR,,AFFIRMED,ONT,NOT APPLICABLE,FEDERAL,DETERMINATE,MALE,BLACK,BLACK,SCHE 1 W/O SEX
2014-2015,JUL,PAPER,SR-POST,SR REVOKED,REGULAR,,AFFIRMED,ONT,NOT APPLICABLE,FEDERAL,DETERMINATE,MALE,BLACK,BLACK,SCHE 1 W/O SEX
2014-2015,JAN,PAPER,SR-POST,SR REVOKED,REGULAR,,AFFIRMED,ONT,NOT APPLICABLE,FEDERAL,DETERMINATE,MALE,BLACK,BLACK,SCHE 1 W/O SEX
2014-2015,DEC,PAPER,SR-POST,SR REVOKED,REGULAR,,AFFIRMED,ONT,NOT APPLICABLE,FEDERAL,DETERMINATE,MALE,BLACK,BLACK,SCHE 1 W/O SEX
2014-2015,DEC,PAPER,SR-POST,SR REVOKED,REGULAR,,AFFIRMED,PRA,SASKATOON,FEDERAL,DETERMINATE,MALE,WHITE,CAUCASIAN,SCHE 1 WITH SEX
2014-2015,NOV,PAPER,SR-POST,SR REVOKED,REGULAR,,AFFIRMED,ONT,NOT APPLICABLE,FEDERAL,DETERMINATE,MALE,WHITE,CAUCASIAN,NON SCHEDULE
2014-2015,AUG,PAPER,SR-POST,SR REVOKED,REGULAR,,AFFIRMED,ATL,NOT APPLICABLE,FEDERAL,DETERMINATE,MALE,WHITE,CAUCASIAN,SCHE 1 W/O SEX
2014-2015,AUG,PAPER,SR-POST,SR REVOKED,REGULAR,,AFFIRMED,PAC,NOT APPLICABLE,FEDERAL,DETERMINATE,MALE,WHITE,CAUCASIAN,SCHE 1 W/O SEX
2014-2015,APR,PAPER,SR-POST,SR REVOKED,REGULAR,,AFFIRMED,PAC,NOT APPLICABLE,FEDERAL,DETERMINATE,MALE,WHITE,CAUCASIAN,SCHE 1 WITH SEX
2014-2015,SEP,PAPER,SR-POST,SR REVOKED,REGULAR,,AFFIRMED,PRA,EDMONTON,FEDERAL,DETERMINATE,MALE,WHITE,CAUCASIAN,SCHE 1 W/O SEX
2014-2015,AUG,PAPER,SR-POST,SR REVOKED,REGULAR,,AFFIRMED,PRA,EDMONTON,FEDERAL,DETERMINATE,MALE,WHITE,CAUCASIAN,SCHE 1 W/O SEX
2014-2015,APR,PAPER,SR-POST,SR REVOKED,REGULAR,,AFFIRMED,PAC,NOT APPLICABLE,FEDERAL,DETERMINATE,MALE,WHITE,CAUCASIAN,SCHE 1 W/O SEX
2014-2015,JUN,PAPER,SR-POST,SR REVOKED,REGULAR,,AFFIRMED,QUE,NOT APPLICABLE,FEDERAL,DETERMINATE,MALE,WHITE,CAUCASIAN,SCHE 1 W/O SEX
2014-2015,AUG,PAPER,SR-POST,SR REVOKED,REGULAR,,AFFIRMED,ONT,NOT APPLICABLE,FEDERAL,DETERMINATE,MALE,WHITE,CAUCASIAN,NON SCHEDULE
2014-2015,JUN,PAPER,SR-POST,SR REVOKED,REGULAR,,AFFIRMED,PRA,SASKATOON,FEDERAL,DETERMINATE,MALE,WHITE,CAUCASIAN,NON SCHEDULE
2014-2015,DEC,PAPER,SR-POST,SR REVOKED,REGULAR,,AFFIRMED,PAC,NOT APPLICABLE,FEDERAL,DETERMINATE,MALE,WHITE,CAUCASIAN,SCHE 1 W/O SEX
2014-2015,JUN,PAPER,SR-POST,SR REVOKED,REGULAR,,AFFIRMED,QUE,NOT APPLICABLE,FEDERAL,DETERMINATE,MALE,WHITE,CAUCASIAN,NON SCHEDULE
2014-2015,FEB,PAPER,SR-POST,SR REVOKED,REGULAR,,AFFIRMED,QUE,NOT APPLICABLE,FEDERAL,DETERMINATE,MALE,WHITE,CAUCASIAN,SCHE 1 WITH SEX
2014-2015,JUL,PAPER,SR-POST,SR REVOKED,REGULAR,,AFFIRMED,QUE,NOT APPLICABLE,FEDERAL,DETERMINATE,MALE,WHITE,CAUCASIAN,SCHE 1 W/O SEX
2014-2015,OCT,PAPER,SR-POST,SR REVOKED,REGULAR,,AFFIRMED,PRA,EDMONTON,FEDERAL,DETERMINATE,MALE,WHITE,CAUCASIAN,SCHE 1 W/O SEX
2014-2015,JUL,PAPER,SR-POST,SR REVOKED,REGULAR,,AFFIRMED,ONT,NOT APPLICABLE,FEDERAL,DETERMINATE,MALE,WHITE,CAUCASIAN,SCHE 1 W/O SEX
2014-2015,MAR,PAPER,SR-POST,SR REVOKED,REGULAR,,AFFIRMED,ONT,NOT APPLICABLE,FEDERAL,DETERMINATE,FEMALE,WHITE,CAUCASIAN,NON SCHEDULE
2014-2015,DEC,PAPER,SR-POST,SR REVOKED,REGULAR,,AFFIRMED,PRA,EDMONTON,FEDERAL,DETERMINATE,MALE,WHITE,CAUCASIAN,SCHE 1 W/O SEX
2014-2015,AUG,PAPER,SR-POST,SR REVOKED,REGULAR,,AFFIRMED,ONT,NOT APPLICABLE,FEDERAL,DETERMINATE,MALE,WHITE,CAUCASIAN,SCHE 1 WITH SEX
2014-2015,JUL,PAPER,SR-POST,SR REVOKED,REGULAR,,AFFIRMED,ONT,NOT APPLICABLE,FEDERAL,DETERMINATE,MALE,WHITE,CAUCASIAN,SCHEDULE 2
2014-2015,DEC,PAPER,SR-POST,SR REVOKED,REGULAR,,AFFIRMED,PRA,SASKATOON,FEDERAL,DETERMINATE,MALE,WHITE,CAUCASIAN,SCHE 1 W/O SEX
2014-2015,AUG,PAPER,SR-POST,SR REVOKED,REGULAR,,AFFIRMED,ONT,NOT APPLICABLE,FEDERAL,DETERMINATE,MALE,WHITE,CAUCASIAN,SCHE 1 W/O SEX
2014-2015,JAN,PAPER,SR-POST,SR REVOKED,REGULAR,,AFFIRMED,ONT,NOT APPLICABLE,FEDERAL,DETERMINATE,MALE,WHITE,CAUCASIAN,SCHE 1 W/O SEX
2014-2015,NOV,PAPER,SR-POST,SR REVOKED,REGULAR,,AFFIRMED,PRA,EDMONTON,FEDERAL,DETERMINATE,MALE,WHITE,CAUCASIAN,SCHE 1 W/O SEX
2014-2015,FEB,PAPER,SR-POST,SR REVOKED,REGULAR,,AFFIRMED,QUE,NOT APPLICABLE,FEDERAL,DETERMINATE,MALE,WHITE,CAUCASIAN,SCHE 1 W/O SEX
2014-2015,JAN,PAPER,SR-POST,SR REVOKED,REGULAR,,AFFIRMED,QUE,NOT APPLICABLE,FEDERAL,DETERMINATE,MALE,WHITE,CAUCASIAN,SCHE 1 WITH SEX
2014-2015,OCT,PAPER,SR-POST,SR REVOKED,REGULAR,,AFFIRMED,ONT,NOT APPLICABLE,FEDERAL,DETERMINATE,MALE,WHITE,CAUCASIAN,SCHE 1 W/O SEX
2014-2015,AUG,PAPER,SR-POST,SR REVOKED,REGULAR,,AFFIRMED,ONT,NOT APPLICABLE,FEDERAL,DETERMINATE,MALE,WHITE,CAUCASIAN,SCHE 1 W/O SEX
2014-2015,DEC,PAPER,SR-POST,SR REVOKED,REGULAR,,AFFIRMED,PAC,NOT APPLICABLE,FEDERAL,DETERMINATE,MALE,WHITE,CAUCASIAN,NON SCHEDULE
2014-2015,DEC,PAPER,SR-POST,SR REVOKED,REGULAR,,AFFIRMED,PRA,SASKATOON,FEDERAL,DETERMINATE,MALE,WHITE,CAUCASIAN,SCHE 1 W/O SEX
2014-2015,FEB,PAPER,SR-POST,SR REVOKED,REGULAR,,AFFIRMED,QUE,NOT APPLICABLE,FEDERAL,DETERMINATE,MALE,WHITE,CAUCASIAN,SCHE 1 W/O SEX
2014-2015,SEP,PAPER,SR-POST,SR REVOKED,REGULAR,,AFFIRMED,PAC,NOT APPLICABLE,FEDERAL,DETERMINATE,MALE,WHITE,CAUCASIAN,SCHE 1 W/O SEX
2014-2015,AUG,PAPER,SR-POST,SR REVOKED,REGULAR,,AFFIRMED,ONT,NOT APPLICABLE,FEDERAL,DETERMINATE,MALE,WHITE,CAUCASIAN,SCHE 1 WITH SEX
2014-2015,JUN,PAPER,SR-POST,SR REVOKED,REGULAR,,AFFIRMED,ATL,NOT APPLICABLE,FEDERAL,DETERMINATE,MALE,WHITE,CAUCASIAN,SCHEDULE 2
2014-2015,JAN,PAPER,SR-POST,SR REVOKED,REGULAR,,AFFIRMED,ATL,NOT APPLICABLE,FEDERAL,DETERMINATE,MALE,WHITE,CAUCASIAN,SCHE 1 W/O SEX
2014-2015,OCT,PAPER,SR-POST,SR REVOKED,REGULAR,,AFFIRMED,PRA,SASKATOON,FEDERAL,DETERMINATE,MALE,WHITE,CAUCASIAN,SCHE 1 W/O SEX
2014-2015,AUG,PAPER,SR-POST,SR REVOKED,REGULAR,,AFFIRMED,QUE,NOT APPLICABLE,FEDERAL,DETERMINATE,MALE,METIS,ABORIGINAL,SCHE 1 W/O SEX
2014-2015,APR,PAPER,SR-POST,SR REVOKED,REGULAR,,AFFIRMED,PAC,NOT APPLICABLE,FEDERAL,DETERMINATE,MALE,NORTH AMERICAN,ABORIGINAL,SCHE 1 W/O SEX
2014-2015,APR,PAPER,SR-POST,SR REVOKED,REGULAR,,AFFIRMED,PRA,EDMONTON,FEDERAL,DETERMINATE,MALE,NORTH AMERICAN,ABORIGINAL,NON SCHEDULE
2014-2015,AUG,PAPER,SR-POST,SR REVOKED,REGULAR,,AFFIRMED,ONT,NOT APPLICABLE,FEDERAL,DETERMINATE,MALE,NORTH AMERICAN,ABORIGINAL,SCHEDULE 2
2014-2015,OCT,PAPER,SR-POST,SR REVOKED,REGULAR,,AFFIRMED,PRA,EDMONTON,FEDERAL,DETERMINATE,MALE,NORTH AMERICAN,ABORIGINAL,SCHE 1 W/O SEX
2014-2015,NOV,PAPER,SR-POST,SR REVOKED,REGULAR,,AFFIRMED,PRA,EDMONTON,FEDERAL,DETERMINATE,MALE,NORTH AMERICAN,ABORIGINAL,SCHE 1 WITH SEX
2014-2015,DEC,PAPER,SR-POST,SR REVOKED,REGULAR,,AFFIRMED,PRA,SASKATOON,FEDERAL,DETERMINATE,MALE,NORTH AMERICAN,ABORIGINAL,SCHE 1 W/O SEX
2014-2015,MAR,PAPER,SR-POST,SR REVOKED,REGULAR,,AFFIRMED,PRA,EDMONTON,FEDERAL,DETERMINATE,MALE,NORTH AMERICAN,ABORIGINAL,SCHE 1 W/O SEX
2014-2015,SEP,PAPER,SR-POST,SR REVOKED,REGULAR,,AFFIRMED,ONT,NOT APPLICABLE,FEDERAL,DETERMINATE,MALE,NORTH AMERICAN,ABORIGINAL,SCHE 1 W/O SEX
2014-2015,SEP,PAPER,SR-POST,SR REVOKED,REGULAR,,AFFIRMED,PRA,EDMONTON,FEDERAL,DETERMINATE,MALE,OTHER,OTHER/UNKNOWN,SCHE 1 WITH SEX
2014-2015,SEP,PAPER,SR-POST,SR REVOKED,REGULAR,,AFFIRMED,PAC,NOT APPLICABLE,FEDERAL,DETERMINATE,MALE,LATIN AMERICAN,OTHER/UNKNOWN,SCHE 1 W/O SEX
2014-2015,AUG,PAPER,SR-POST,SR REVOKED,REGULAR,,PAN.HEAR.ORDER.,ONT,NOT APPLICABLE,FEDERAL,DETERMINATE,MALE,WHITE,CAUCASIAN,SCHE 1 W/O SEX
2014-2015,SEP,PAPER,SR-POST,SR REVOKED,REGULAR,,PAN.HEAR.ORDER.,ONT,NOT APPLICABLE,FEDERAL,DETERMINATE,MALE,WHITE,CAUCASIAN,SCHE 1 W/O SEX
2014-2015,JAN,PAPER,SR-POST,SR REVOKED,REGULAR,,REVIEW ORDERED,ONT,NOT APPLICABLE,FEDERAL,DETERMINATE,MALE,WHITE,CAUCASIAN,SCHE 1 W/O SEX
2014-2015,MAY,PAPER,SR-POST,SR REVOKED,REGULAR,,REVIEW ORDERED,ONT,NOT APPLICABLE,FEDERAL,DETERMINATE,MALE,WHITE,CAUCASIAN,NON SCHEDULE
2014-2015,DEC,PAPER,SR-POST,SR REVOKED,REGULAR,,REVIEW ORDERED,ONT,NOT APPLICABLE,FEDERAL,DETERMINATE,MALE,WHITE,CAUCASIAN,SCHE 1 W/O SEX
2014-2015,JUN,PAPER,SR-POST,SR REVOKED,REGULAR,,REVIEW ORDERED,ONT,NOT APPLICABLE,FEDERAL,DETERMINATE,MALE,WHITE,CAUCASIAN,SCHE 1 WITH SEX
2014-2015,APR,PAPER,SR-POST,SR REVOKED,REGULAR,,REVIEW ORDERED,PRA,EDMONTON,FEDERAL,DETERMINATE,MALE,WHITE,CAUCASIAN,NON SCHEDULE
2014-2015,APR,PAPER,SR-POST,SR REVOKED,REGULAR,,REVIEW ORDERED,QUE,NOT APPLICABLE,FEDERAL,DETERMINATE,MALE,WHITE,CAUCASIAN,SCHE 1 W/O SEX
2014-2015,JUN,PAPER,SR-POST,SR REVOKED,REGULAR,,REVIEW ORDERED,QUE,NOT APPLICABLE,FEDERAL,DETERMINATE,MALE,WHITE,CAUCASIAN,SCHE 1 W/O SEX
2014-2015,JUN,PAPER,SR-POST,SR REVOKED,REGULAR,,REVIEW ORDERED,PRA,SASKATOON,FEDERAL,DETERMINATE,MALE,WHITE,CAUCASIAN,SCHE 1 WITH SEX
2014-2015,MAY,PAPER,SR-POST,SR REVOKED,REGULAR,,REVIEW ORDERED,ATL,NOT APPLICABLE,FEDERAL,DETERMINATE,MALE,WHITE,CAUCASIAN,SCHE 1 W/O SEX
2014-2015,JAN,PAPER,SR-POST,SR REVOKED,REGULAR,,REVIEW ORDERED,ONT,NOT APPLICABLE,FEDERAL,DETERMINATE,MALE,NORTH AMERICAN,ABORIGINAL,SCHE 1 W/O SEX
2014-2015,AUG,PAPER,SR-POST,SR REVOKED,REGULAR,,REVIEW ORDERED,ONT,NOT APPLICABLE,FEDERAL,DETERMINATE,MALE,SOUTH ASIAN,ASIAN,SCHE 1 W/O SEX
2014-2015,SEP,PAPER,SR-POST,ONE CH SR REVO.,REGULAR,,AFFIRMED,PAC,NOT APPLICABLE,FEDERAL,DETERMINATE,MALE,WHITE,CAUCASIAN,NON SCHEDULE
2014-2015,APR,PAPER,SR-POST,ONE CH SR REVO.,REGULAR,,AFFIRMED,QUE,NOT APPLICABLE,FEDERAL,DETERMINATE,MALE,METIS,ABORIGINAL,SCHE 1 W/O SEX
2014-2015,NOV,PAPER,SR-POST,ONE CH SR REVO.,REGULAR,,PAN.HEAR.ORDER.,PRA,SASKATOON,FEDERAL,DETERMINATE,MALE,BLACK,BLACK,SCHE 1 W/O SEX
2014-2015,JAN,PAPER,DETENTION,DETENT. ORDERED,REGULAR,,AFFIRMED,ONT,NOT APPLICABLE,FEDERAL,DETERMINATE,MALE,BLACK,BLACK,SCHE 1 W/O SEX
2014-2015,MAR,PAPER,DETENTION,DETENT. ORDERED,REGULAR,,AFFIRMED,PRA,SASKATOON,FEDERAL,DETERMINATE,MALE,WHITE,CAUCASIAN,SCHE 1 W/O SEX
2014-2015,DEC,PAPER,DETENTION,DETENT. ORDERED,REGULAR,,AFFIRMED,ONT,NOT APPLICABLE,FEDERAL,DETERMINATE,MALE,WHITE,CAUCASIAN,NON SCHEDULE
2014-2015,MAY,PAPER,DETENTION,DETENT. ORDERED,REGULAR,,AFFIRMED,PAC,NOT APPLICABLE,FEDERAL,DETERMINATE,MALE,WHITE,CAUCASIAN,SCHE 1 W/O SEX
2014-2015,DEC,PAPER,DETENTION,DETENT. ORDERED,REGULAR,,AFFIRMED,PAC,NOT APPLICABLE,FEDERAL,DETERMINATE,MALE,WHITE,CAUCASIAN,SCHE 1 W/O SEX
2014-2015,DEC,PAPER,DETENTION,DETENT. ORDERED,REGULAR,,AFFIRMED,ONT,NOT APPLICABLE,FEDERAL,DETERMINATE,MALE,WHITE,CAUCASIAN,NON SCHEDULE
2014-2015,JUN,PAPER,DETENTION,DETENT. ORDERED,REGULAR,,AFFIRMED,QUE,NOT APPLICABLE,FEDERAL,DETERMINATE,MALE,WHITE,CAUCASIAN,SCHE 1 W/O SEX
2014-2015,FEB,PAPER,DETENTION,DETENT. ORDERED,REGULAR,,AFFIRMED,PRA,SASKATOON,FEDERAL,DETERMINATE,MALE,WHITE,CAUCASIAN,SCHE 1 W/O SEX
2014-2015,MAY,PAPER,DETENTION,DETENT. ORDERED,REGULAR,,AFFIRMED,PAC,NOT APPLICABLE,FEDERAL,DETERMINATE,MALE,WHITE,CAUCASIAN,SCHE 1 W/O SEX
2014-2015,JUL,PAPER,DETENTION,DETENT. ORDERED,REGULAR,,AFFIRMED,PRA,SASKATOON,FEDERAL,DETERMINATE,MALE,WHITE,CAUCASIAN,SCHE 1 W/O SEX
2014-2015,MAR,PAPER,DETENTION,DETENT. ORDERED,REGULAR,,AFFIRMED,QUE,NOT APPLICABLE,FEDERAL,DETERMINATE,MALE,WHITE,CAUCASIAN,SCHE 1 WITH SEX
2014-2015,JUN,PAPER,DETENTION,DETENT. ORDERED,REGULAR,,AFFIRMED,PRA,SASKATOON,FEDERAL,DETERMINATE,MALE,WHITE,CAUCASIAN,SCHE 1 WITH SEX
2014-2015,JUL,PAPER,DETENTION,DETENT. ORDERED,REGULAR,,AFFIRMED,QUE,NOT APPLICABLE,FEDERAL,DETERMINATE,MALE,WHITE,CAUCASIAN,SCHE 1 W/O SEX
2014-2015,JUL,PAPER,DETENTION,DETENT. ORDERED,REGULAR,,AFFIRMED,PRA,EDMONTON,FEDERAL,DETERMINATE,MALE,WHITE,CAUCASIAN,SCHE 1 W/O SEX
2014-2015,JUL,PAPER,DETENTION,DETENT. ORDERED,REGULAR,,AFFIRMED,PAC,NOT APPLICABLE,FEDERAL,DETERMINATE,MALE,WHITE,CAUCASIAN,SCHE 1 WITH SEX
2014-2015,NOV,PAPER,DETENTION,DETENT. ORDERED,REGULAR,,AFFIRMED,PAC,NOT APPLICABLE,FEDERAL,DETERMINATE,MALE,WHITE,CAUCASIAN,SCHE 1 W/O SEX
2014-2015,JUL,PAPER,DETENTION,DETENT. ORDERED,REGULAR,,AFFIRMED,QUE,NOT APPLICABLE,FEDERAL,DETERMINATE,MALE,INUIT,ABORIGINAL,SCHE 1 WITH SEX
2014-2015,JUL,PAPER,DETENTION,DETENT. ORDERED,REGULAR,,AFFIRMED,PRA,EDMONTON,FEDERAL,DETERMINATE,MALE,METIS,ABORIGINAL,SCHE 1 W/O SEX
2014-2015,JUL,PAPER,DETENTION,DETENT. ORDERED,REGULAR,,AFFIRMED,QUE,NOT APPLICABLE,FEDERAL,DETERMINATE,MALE,METIS,ABORIGINAL,SCHE 1 W/O SEX
2014-2015,SEP,PAPER,DETENTION,DETENT. ORDERED,REGULAR,,AFFIRMED,PRA,EDMONTON,FEDERAL,DETERMINATE,MALE,METIS,ABORIGINAL,SCHE 1 W/O SEX
2014-2015,JUL,PAPER,DETENTION,DETENT. ORDERED,REGULAR,,AFFIRMED,PRA,EDMONTON,FEDERAL,DETERMINATE,MALE,NORTH AMERICAN,ABORIGINAL,SCHE 1 W/O SEX
2014-2015,APR,PAPER,DETENTION,DETENT. ORDERED,REGULAR,,AFFIRMED,PRA,SASKATOON,FEDERAL,DETERMINATE,MALE,NORTH AMERICAN,ABORIGINAL,NON SCHEDULE
2014-2015,NOV,PAPER,DETENTION,DETENT. ORDERED,REGULAR,,AFFIRMED,PRA,SASKATOON,FEDERAL,DETERMINATE,MALE,NORTH AMERICAN,ABORIGINAL,SCHE 1 W/O SEX
2014-2015,OCT,PAPER,DETENTION,DETENT. ORDERED,REGULAR,,AFFIRMED,PRA,SASKATOON,FEDERAL,DETERMINATE,FEMALE,NORTH AMERICAN,ABORIGINAL,SCHE 1 W/O SEX
2014-2015,JUL,PAPER,DETENTION,DET ORD.CONFIR.,REGULAR,,AFFIRMED,PAC,NOT APPLICABLE,FEDERAL,DETERMINATE,MALE,BLACK,BLACK,SCHE 1 W/O SEX
2014-2015,AUG,PAPER,DETENTION,DET ORD.CONFIR.,REGULAR,,AFFIRMED,ONT,NOT APPLICABLE,FEDERAL,DETERMINATE,MALE,BLACK,BLACK,SCHE 1 W/O SEX
2014-2015,JUN,PAPER,DETENTION,DET ORD.CONFIR.,REGULAR,,AFFIRMED,PAC,NOT APPLICABLE,FEDERAL,DETERMINATE,MALE,WHITE,CAUCASIAN,SCHE 1 WITH SEX
2014-2015,JUN,PAPER,DETENTION,DET ORD.CONFIR.,REGULAR,,AFFIRMED,QUE,NOT APPLICABLE,FEDERAL,DETERMINATE,MALE,WHITE,CAUCASIAN,SCHE 1 W/O SEX
2014-2015,OCT,PAPER,DETENTION,DET ORD.CONFIR.,REGULAR,,AFFIRMED,QUE,NOT APPLICABLE,FEDERAL,DETERMINATE,MALE,WHITE,CAUCASIAN,SCHEDULE 2
2014-2015,AUG,PAPER,DETENTION,DET ORD.CONFIR.,REGULAR,,AFFIRMED,PAC,NOT APPLICABLE,FEDERAL,DETERMINATE,MALE,WHITE,CAUCASIAN,SCHE 1 W/O SEX
2014-2015,JAN,PAPER,DETENTION,DET ORD.CONFIR.,REGULAR,,AFFIRMED,PAC,NOT APPLICABLE,FEDERAL,DETERMINATE,MALE,WHITE,CAUCASIAN,SCHE 1 W/O SEX
2014-2015,SEP,PAPER,DETENTION,DET ORD.CONFIR.,REGULAR,,AFFIRMED,ONT,NOT APPLICABLE,FEDERAL,DETERMINATE,MALE,INUIT,ABORIGINAL,SCHE 1 WITH SEX
2014-2015,SEP,PAPER,DETENTION,DET ORD.CONFIR.,REGULAR,,AFFIRMED,QUE,NOT APPLICABLE,FEDERAL,DETERMINATE,MALE,METIS,ABORIGINAL,SCHE 1 W/O SEX
2014-2015,NOV,PAPER,DETENTION,DET ORD.CONFIR.,REGULAR,,AFFIRMED,PRA,EDMONTON,FEDERAL,DETERMINATE,MALE,NORTH AMERICAN,ABORIGINAL,SCHE 1 WITH SEX
2014-2015,SEP,PAPER,DETENTION,DET ORD.CONFIR.,REGULAR,,AFFIRMED,ONT,NOT APPLICABLE,FEDERAL,DETERMINATE,MALE,NORTH AMERICAN,ABORIGINAL,SCHE 1 WITH SEX
2014-2015,JAN,PAPER,ETA,ETA NOT APPR.,REGULAR,,AFFIRMED,PAC,NOT APPLICABLE,FEDERAL,INDETERMINATE,MALE,NORTH AMERICAN,ABORIGINAL,MURDER 1
2014-2015,SEP,PAPER,ETA,ETA NOT APPR.,REGULAR,,AFFIRMED,PRA,EDMONTON,FEDERAL,INDETERMINATE,MALE,BLACK,BLACK,MURDER 2
2014-2015,DEC,PAPER,ETA,ETA NOT APPR.,REGULAR,,AFFIRMED,QUE,NOT APPLICABLE,FEDERAL,INDETERMINATE,MALE,WHITE,CAUCASIAN,MURDER 1
2014-2015,JAN,PAPER,ETA,ETA NOT APPR.,REGULAR,,AFFIRMED,PAC,NOT APPLICABLE,FEDERAL,INDETERMINATE,MALE,NORTH AMERICAN,ABORIGINAL,MURDER 1
2014-2015,DEC,PAPER,ETA,ETA NOT APPR.,REGULAR,,AFFIRMED,QUE,NOT APPLICABLE,FEDERAL,INDETERMINATE,MALE,WHITE,CAUCASIAN,MURDER 1
2014-2015,JAN,PAPER,ETA,ETA NOT APPR.,REGULAR,,AFFIRMED,PAC,NOT APPLICABLE,FEDERAL,INDETERMINATE,MALE,NORTH AMERICAN,ABORIGINAL,MURDER 1
2014-2015,NOV,PAPER,ETA,ETA NOT APPR.,REGULAR,,AFFIRMED,PAC,NOT APPLICABLE,FEDERAL,INDETERMINATE,MALE,METIS,ABORIGINAL,MURDER 1
2014-2015,AUG,PAPER,ETA,ETA NOT APPR.,REGULAR,,REVIEW ORDERED,PRA,SASKATOON,FEDERAL,INDETERMINATE,MALE,WHITE,CAUCASIAN,MURDER 1
2014-2015,DEC,PAPER,ETA,ETA NOT APPR.,REGULAR,,AFFIRMED,QUE,NOT APPLICABLE,FEDERAL,INDETERMINATE,MALE,WHITE,CAUCASIAN,MURDER 1
2014-2015,JAN,PAPER,ETA,ETA NOT APPR.,REGULAR,,AFFIRMED,PAC,NOT APPLICABLE,FEDERAL,INDETERMINATE,MALE,NORTH AMERICAN,ABORIGINAL,MURDER 1
2014-2015,JAN,PAPER,ETA,ETA NOT APPR.,REGULAR,,AFFIRMED,PAC,NOT APPLICABLE,FEDERAL,INDETERMINATE,MALE,NORTH AMERICAN,ABORIGINAL,MURDER 1
2014-2015,JAN,PAPER,ETA,ETA NOT APPR.,REGULAR,,AFFIRMED,PAC,NOT APPLICABLE,FEDERAL,INDETERMINATE,MALE,NORTH AMERICAN,ABORIGINAL,MURDER 1
2014-2015,NOV,PAPER,DP-PRE,DAY PAR NOT DIR,APR,APR-FINAL,AFFIRMED,PAC,NOT APPLICABLE,FEDERAL,DETERMINATE,MALE,ASI-E/SOUTHEAST,ASIAN,NON SCHEDULE
2014-2015,JAN,PAPER,DP-PRE,DAY PAR NOT DIR,APR,APR-FINAL,PAN.HEAR.ORDER.,ONT,NOT APPLICABLE,FEDERAL,DETERMINATE,MALE,SOUTH ASIAN,ASIAN,SCHEDULE 2
2014-2015,MAR,PAPER,DP-PRE,DAY PAR. GRANT.,REGULAR,,AFFIRMED,ONT,NOT APPLICABLE,FEDERAL,DETERMINATE,MALE,BLACK,BLACK,SCHEDULE 2
2014-2015,JUL,PAPER,DP-PRE,DAY PAR. GRANT.,REGULAR,,AFFIRMED,ATL,NOT APPLICABLE,FEDERAL,DETERMINATE,MALE,WHITE,CAUCASIAN,SCHE 1 W/O SEX
2014-2015,JAN,PAPER,DP-PRE,DAY PAR. GRANT.,REGULAR,,AFFIRMED,ONT,NOT APPLICABLE,FEDERAL,DETERMINATE,MALE,WHITE,CAUCASIAN,SCHEDULE 2
2014-2015,SEP,PAPER,DP-PRE,DAY PAR. GRANT.,REGULAR,,AFFIRMED,QUE,NOT APPLICABLE,FEDERAL,DETERMINATE,MALE,WHITE,CAUCASIAN,SCHEDULE 2
2014-2015,MAR,PAPER,DP-PRE,DAY PAR. GRANT.,REGULAR,,AFFIRMED,ATL,NOT APPLICABLE,FEDERAL,DETERMINATE,MALE,WHITE,CAUCASIAN,NON SCHEDULE
2014-2015,AUG,PAPER,DP-PRE,DAY PAR. GRANT.,REGULAR,,AFFIRMED,QUE,NOT APPLICABLE,FEDERAL,DETERMINATE,MALE,WHITE,CAUCASIAN,SCHEDULE 2
2014-2015,JUN,PAPER,DP-PRE,DAY PAR. GRANT.,REGULAR,,AFFIRMED,PRA,EDMONTON,FEDERAL,DETERMINATE,FEMALE,WHITE,CAUCASIAN,SCHEDULE 2
2014-2015,DEC,PAPER,DP-PRE,DAY PAR. GRANT.,REGULAR,,AFFIRMED,PRA,EDMONTON,FEDERAL,DETERMINATE,MALE,WHITE,CAUCASIAN,SCHE 1 W/O SEX
2014-2015,SEP,PAPER,DP-PRE,DAY PAR. GRANT.,REGULAR,,AFFIRMED,PRA,EDMONTON,FEDERAL,DETERMINATE,MALE,WHITE,CAUCASIAN,SCHEDULE 2
2014-2015,OCT,PAPER,DP-PRE,DAY PAR. GRANT.,REGULAR,,AFFIRMED,PAC,NOT APPLICABLE,FEDERAL,DETERMINATE,MALE,WHITE,CAUCASIAN,SCHE 1 W/O SEX
2014-2015,AUG,PAPER,DP-PRE,DAY PAR. GRANT.,REGULAR,,AFFIRMED,ONT,NOT APPLICABLE,FEDERAL,DETERMINATE,MALE,WHITE,CAUCASIAN,NON SCHEDULE
2014-2015,DEC,PAPER,DP-PRE,DAY PAR. GRANT.,REGULAR,,AFFIRMED,QUE,NOT APPLICABLE,FEDERAL,DETERMINATE,MALE,WHITE,CAUCASIAN,SCHEDULE 2
2014-2015,APR,PAPER,DP-PRE,DAY PAR. GRANT.,REGULAR,,AFFIRMED,ONT,NOT APPLICABLE,FEDERAL,DETERMINATE,FEMALE,NORTH AMERICAN,ABORIGINAL,SCHE 1 W/O SEX
2014-2015,OCT,PAPER,DP-PRE,DAY PAR. GRANT.,REGULAR,,REVIEW ORDERED,PRA,EDMONTON,FEDERAL,DETERMINATE,MALE,WHITE,CAUCASIAN,SCHE 1 WITH SEX
2014-2015,OCT,PAPER,DP-PRE,DAY PAR. GRANT.,REGULAR,,REVIEW ORDERED,QUE,NOT APPLICABLE,FEDERAL,DETERMINATE,MALE,WHITE,CAUCASIAN,SCHEDULE 2
2014-2015,JUL,PAPER,FP-POST,FP DIR REV CONF,REGULAR,,AFFIRMED,QUE,NOT APPLICABLE,FEDERAL,INDETERMINATE,MALE,WHITE,CAUCASIAN,MURDER 2
2014-2015,AUG,PAPER,DP-POST,DP DIR REV CONF,REGULAR,,AFFIRMED,PRA,SASKATOON,FEDERAL,DETERMINATE,MALE,WHITE,CAUCASIAN,SCHE 1 W/O SEX
2014-2015,NOV,PAPER,DP-POST,DP DIR REV CONF,REGULAR,,AFFIRMED,ONT,NOT APPLICABLE,FEDERAL,DETERMINATE,MALE,WHITE,CAUCASIAN,NON SCHEDULE
2014-2015,NOV,PAPER,DP-POST,DP DIR REV CONF,REGULAR,,AFFIRMED,PAC,NOT APPLICABLE,FEDERAL,INDETERMINATE,MALE,WHITE,CAUCASIAN,MURDER 2
2014-2015,OCT,PAPER,DP-POST,DP DIR REV CONF,REGULAR,,PAN.HEAR.ORDER.,ONT,NOT APPLICABLE,FEDERAL,INDETERMINATE,MALE,NORTH AMERICAN,ABORIGINAL,MURDER 2
2014-2015,DEC,PAPER,FP-PRE,FP GRANTED,REGULAR,,AFFIRMED,QUE,NOT APPLICABLE,FEDERAL,DETERMINATE,MALE,WHITE,CAUCASIAN,SCHE 1 W/O SEX
2014-2015,FEB,PAPER,FP-PRE,FP GRANTED,REGULAR,,AFFIRMED,ONT,NOT APPLICABLE,FEDERAL,DETERMINATE,MALE,LATIN AMERICAN,OTHER/UNKNOWN,SCHE 1 WITH SEX
2014-2015,OCT,PAPER,FP-PRE,FP GRANTED,REGULAR,,REVIEW ORDERED,PRA,EDMONTON,FEDERAL,DETERMINATE,MALE,WHITE,CAUCASIAN,SCHE 1 WITH SEX
2014-2015,AUG,PAPER,FP-PRE,FP GRANTED,REGULAR,,REVIEW ORDERED,PAC,NOT APPLICABLE,FEDERAL,INDETERMINATE,MALE,WHITE,CAUCASIAN,MURDER 2
2014-2015,FEB,PAPER,FP-POST,FP NO ACT-POST,REGULAR,,CHANGE CONDITI.,PRA,SASKATOON,FEDERAL,INDETERMINATE,MALE,WHITE,CAUCASIAN,MURDER 2
2014-2015,SEP,PAPER,FP-POST,FP NO ACT-POST,REGULAR,,AFFIRMED,ONT,NOT APPLICABLE,FEDERAL,INDETERMINATE,MALE,WHITE,CAUCASIAN,MURDER 2
2014-2015,AUG,PAPER,FP-POST,FP NO ACT-POST,REGULAR,,AFFIRMED,PRA,EDMONTON,FEDERAL,INDETERMINATE,MALE,OTHER,OTHER/UNKNOWN,MURDER 1
2014-2015,MAR,PAPER,FP-POST,FP NO ACT-POST,REGULAR,,AFFIRMED,ONT,NOT APPLICABLE,FEDERAL,DETERMINATE,MALE,SOUTH ASIAN,ASIAN,SCHE 1 WITH SEX
2014-2015,OCT,PAPER,FP-POST,FP NO ACT-POST,REGULAR,,REVIEW ORDERED,PRA,SASKATOON,FEDERAL,INDETERMINATE,MALE,WHITE,CAUCASIAN,MURDER 2
2014-2015,OCT,PAPER,FP-POST,FP NO ACT-POST,REGULAR,,REVIEW ORDERED,ONT,NOT APPLICABLE,FEDERAL,INDETERMINATE,MALE,EAST INDIAN,OTHER/UNKNOWN,MURDER 2
2014-2015,JUN,PAPER,FP-POST,FP NO ACT-POST,APR,APR-INITIAL,REVIEW ORDERED,ONT,NOT APPLICABLE,FEDERAL,DETERMINATE,MALE,CHINESE,ASIAN,SCHEDULE 2
2014-2015,APR,PAPER,FP-POST,FP CHG.COND-PST,REGULAR,,AFFIRMED,PAC,NOT APPLICABLE,FEDERAL,INDETERMINATE,MALE,WHITE,CAUCASIAN,MURDER 2
2014-2015,NOV,PAPER,DP-PRE,DP CONTINUED,REGULAR,,AFFIRMED,QUE,NOT APPLICABLE,FEDERAL,DETERMINATE,MALE,WHITE,CAUCASIAN,SCHE 1 W/O SEX
2014-2015,JAN,PAPER,SR-PRE,SR NO ACT.-PRE,REGULAR,,AFFIRMED,PRA,EDMONTON,FEDERAL,DETERMINATE,MALE,WHITE,CAUCASIAN,SCHE 1 WITH SEX
2014-2015,AUG,PAPER,SR-PRE,SR NO ACT.-PRE,REGULAR,,AFFIRMED,ATL,NOT APPLICABLE,FEDERAL,DETERMINATE,MALE,WHITE,CAUCASIAN,SCHE 1 W/O SEX
2014-2015,JUN,PAPER,SR-PRE,SR CHG.COND-PRE,REGULAR,,CHANGE CONDITI.,ONT,NOT APPLICABLE,FEDERAL,DETERMINATE,MALE,WHITE,CAUCASIAN,SCHE 1 W/O SEX
2014-2015,MAY,PAPER,SR-PRE,SR CHG.COND-PRE,REGULAR,,AFFIRMED,ONT,NOT APPLICABLE,FEDERAL,DETERMINATE,MALE,ARAB/WEST ASIAN,OTHER/UNKNOWN,SCHE 1 W/O SEX
2014-2015,MAR,PAPER,SR-PRE,SR CHG.COND-PRE,REGULAR,,AFFIRMED,ONT,NOT APPLICABLE,FEDERAL,DETERMINATE,MALE,ARAB/WEST ASIAN,OTHER/UNKNOWN,SCHE 1 W/O SEX
2014-2015,JUN,PAPER,SR-PRE,SR CHG.COND-PRE,REGULAR,,AFFIRMED,ATL,NOT APPLICABLE,FEDERAL,DETERMINATE,MALE,BLACK,BLACK,SCHE 1 W/O SEX
2014-2015,FEB,PAPER,SR-PRE,SR CHG.COND-PRE,REGULAR,,AFFIRMED,ONT,NOT APPLICABLE,FEDERAL,DETERMINATE,MALE,BLACK,BLACK,SCHEDULE 2
2014-2015,DEC,PAPER,SR-PRE,SR CHG.COND-PRE,REGULAR,,AFFIRMED,ONT,NOT APPLICABLE,FEDERAL,DETERMINATE,MALE,BLACK,BLACK,SCHE 1 WITH SEX
2014-2015,JAN,PAPER,SR-PRE,SR CHG.COND-PRE,REGULAR,,AFFIRMED,ONT,NOT APPLICABLE,FEDERAL,DETERMINATE,MALE,BLACK,BLACK,SCHEDULE 2
2014-2015,JUN,PAPER,SR-PRE,SR CHG.COND-PRE,REGULAR,,AFFIRMED,ONT,NOT APPLICABLE,FEDERAL,DETERMINATE,MALE,BLACK,BLACK,SCHE 1 W/O SEX
2014-2015,MAR,PAPER,SR-PRE,SR CHG.COND-PRE,REGULAR,,AFFIRMED,PRA,SASKATOON,FEDERAL,DETERMINATE,MALE,BLACK,BLACK,SCHE 1 W/O SEX
2014-2015,JUN,PAPER,SR-PRE,SR CHG.COND-PRE,REGULAR,,AFFIRMED,ONT,NOT APPLICABLE,FEDERAL,DETERMINATE,MALE,BLACK,BLACK,SCHE 1 W/O SEX
2014-2015,JUL,PAPER,SR-PRE,SR CHG.COND-PRE,REGULAR,,AFFIRMED,ONT,NOT APPLICABLE,FEDERAL,DETERMINATE,MALE,BLACK,BLACK,SCHEDULE 2
2014-2015,DEC,PAPER,SR-PRE,SR CHG.COND-PRE,REGULAR,,AFFIRMED,PRA,SASKATOON,FEDERAL,DETERMINATE,MALE,WHITE,CAUCASIAN,SCHE 1 W/O SEX
2014-2015,JUN,PAPER,SR-PRE,SR CHG.COND-PRE,REGULAR,,AFFIRMED,PRA,SASKATOON,FEDERAL,DETERMINATE,MALE,WHITE,CAUCASIAN,NON SCHEDULE
2014-2015,MAR,PAPER,SR-PRE,SR CHG.COND-PRE,REGULAR,,AFFIRMED,PAC,NOT APPLICABLE,FEDERAL,DETERMINATE,MALE,WHITE,CAUCASIAN,SCHEDULE 2
2014-2015,DEC,PAPER,SR-PRE,SR CHG.COND-PRE,REGULAR,,AFFIRMED,ATL,NOT APPLICABLE,FEDERAL,DETERMINATE,MALE,WHITE,CAUCASIAN,SCHEDULE 2
2014-2015,MAR,PAPER,SR-PRE,SR CHG.COND-PRE,REGULAR,,AFFIRMED,QUE,NOT APPLICABLE,FEDERAL,DETERMINATE,MALE,WHITE,CAUCASIAN,SCHEDULE 2
2014-2015,JUN,PAPER,SR-PRE,SR CHG.COND-PRE,REGULAR,,AFFIRMED,PAC,NOT APPLICABLE,FEDERAL,DETERMINATE,MALE,WHITE,CAUCASIAN,SCHE 1 W/O SEX
2014-2015,FEB,PAPER,SR-PRE,SR CHG.COND-PRE,REGULAR,,AFFIRMED,QUE,NOT APPLICABLE,FEDERAL,DETERMINATE,MALE,WHITE,CAUCASIAN,SCHE 1 W/O SEX
2014-2015,AUG,PAPER,SR-PRE,SR CHG.COND-PRE,REGULAR,,AFFIRMED,QUE,NOT APPLICABLE,FEDERAL,DETERMINATE,MALE,WHITE,CAUCASIAN,SCHEDULE 2
2014-2015,DEC,PAPER,SR-PRE,SR CHG.COND-PRE,REGULAR,,AFFIRMED,ONT,NOT APPLICABLE,FEDERAL,DETERMINATE,MALE,WHITE,CAUCASIAN,SCHE 1 W/O SEX
2014-2015,JAN,PAPER,SR-PRE,SR CHG.COND-PRE,REGULAR,,AFFIRMED,QUE,NOT APPLICABLE,FEDERAL,DETERMINATE,MALE,WHITE,CAUCASIAN,SCHE 1 W/O SEX
2014-2015,SEP,PAPER,SR-PRE,SR CHG.COND-PRE,REGULAR,,AFFIRMED,PAC,NOT APPLICABLE,FEDERAL,DETERMINATE,MALE,WHITE,CAUCASIAN,NON SCHEDULE
2014-2015,MAY,PAPER,SR-PRE,SR CHG.COND-PRE,REGULAR,,AFFIRMED,QUE,NOT APPLICABLE,FEDERAL,DETERMINATE,MALE,WHITE,CAUCASIAN,SCHE 1 W/O SEX
2014-2015,JUL,PAPER,SR-PRE,SR CHG.COND-PRE,REGULAR,,AFFIRMED,QUE,NOT APPLICABLE,FEDERAL,DETERMINATE,MALE,WHITE,CAUCASIAN,NON SCHEDULE
2014-2015,JUL,PAPER,SR-PRE,SR CHG.COND-PRE,REGULAR,,AFFIRMED,PRA,SASKATOON,FEDERAL,DETERMINATE,MALE,WHITE,CAUCASIAN,SCHEDULE 2
2014-2015,FEB,PAPER,SR-PRE,SR CHG.COND-PRE,REGULAR,,AFFIRMED,ONT,NOT APPLICABLE,FEDERAL,DETERMINATE,MALE,WHITE,CAUCASIAN,NON SCHEDULE
2014-2015,FEB,PAPER,SR-PRE,SR CHG.COND-PRE,REGULAR,,AFFIRMED,QUE,NOT APPLICABLE,FEDERAL,DETERMINATE,MALE,WHITE,CAUCASIAN,SCHE 1 W/O SEX
2014-2015,JAN,PAPER,SR-PRE,SR CHG.COND-PRE,REGULAR,,AFFIRMED,QUE,NOT APPLICABLE,FEDERAL,DETERMINATE,MALE,WHITE,CAUCASIAN,SCHE 1 W/O SEX
2014-2015,DEC,PAPER,SR-PRE,SR CHG.COND-PRE,REGULAR,,AFFIRMED,ATL,NOT APPLICABLE,FEDERAL,DETERMINATE,MALE,WHITE,CAUCASIAN,SCHE 1 W/O SEX
2014-2015,MAR,PAPER,SR-PRE,SR CHG.COND-PRE,REGULAR,,AFFIRMED,ONT,NOT APPLICABLE,FEDERAL,DETERMINATE,MALE,WHITE,CAUCASIAN,SCHE 1 WITH SEX
2014-2015,JAN,PAPER,SR-PRE,SR CHG.COND-PRE,REGULAR,,AFFIRMED,ONT,NOT APPLICABLE,FEDERAL,DETERMINATE,MALE,WHITE,CAUCASIAN,SCHE 1 W/O SEX
2014-2015,JUN,PAPER,SR-PRE,SR CHG.COND-PRE,REGULAR,,AFFIRMED,PRA,EDMONTON,FEDERAL,DETERMINATE,MALE,WHITE,CAUCASIAN,SCHE 1 W/O SEX
2014-2015,JUL,PAPER,SR-PRE,SR CHG.COND-PRE,REGULAR,,AFFIRMED,PRA,SASKATOON,FEDERAL,DETERMINATE,MALE,WHITE,CAUCASIAN,SCHE 1 WITH SEX
2014-2015,APR,PAPER,SR-PRE,SR CHG.COND-PRE,REGULAR,,AFFIRMED,ONT,NOT APPLICABLE,FEDERAL,DETERMINATE,MALE,WHITE,CAUCASIAN,NON SCHEDULE
2014-2015,OCT,PAPER,SR-PRE,SR CHG.COND-PRE,REGULAR,,AFFIRMED,PAC,NOT APPLICABLE,FEDERAL,DETERMINATE,MALE,WHITE,CAUCASIAN,SCHE 1 W/O SEX
2014-2015,JUN,PAPER,SR-PRE,SR CHG.COND-PRE,REGULAR,,AFFIRMED,ONT,NOT APPLICABLE,FEDERAL,DETERMINATE,MALE,WHITE,CAUCASIAN,NON SCHEDULE
2014-2015,APR,PAPER,SR-PRE,SR CHG.COND-PRE,REGULAR,,AFFIRMED,ONT,NOT APPLICABLE,FEDERAL,DETERMINATE,MALE,WHITE,CAUCASIAN,SCHE 1 W/O SEX
2014-2015,SEP,PAPER,SR-PRE,SR CHG.COND-PRE,REGULAR,,AFFIRMED,ONT,NOT APPLICABLE,FEDERAL,DETERMINATE,MALE,WHITE,CAUCASIAN,SCHEDULE 2
2014-2015,JUN,PAPER,SR-PRE,SR CHG.COND-PRE,REGULAR,,AFFIRMED,QUE,NOT APPLICABLE,FEDERAL,DETERMINATE,MALE,WHITE,CAUCASIAN,SCHE 1 W/O SEX
2014-2015,MAY,PAPER,SR-PRE,SR CHG.COND-PRE,REGULAR,,AFFIRMED,QUE,NOT APPLICABLE,FEDERAL,DETERMINATE,MALE,WHITE,CAUCASIAN,SCHE 1 WITH SEX
2014-2015,APR,PAPER,SR-PRE,SR CHG.COND-PRE,REGULAR,,AFFIRMED,QUE,NOT APPLICABLE,FEDERAL,DETERMINATE,MALE,WHITE,CAUCASIAN,NON SCHEDULE
2014-2015,JUN,PAPER,SR-PRE,SR CHG.COND-PRE,REGULAR,,AFFIRMED,ONT,NOT APPLICABLE,FEDERAL,DETERMINATE,MALE,WHITE,CAUCASIAN,SCHE 1 W/O SEX
2014-2015,OCT,PAPER,SR-PRE,SR CHG.COND-PRE,REGULAR,,AFFIRMED,QUE,NOT APPLICABLE,FEDERAL,DETERMINATE,MALE,WHITE,CAUCASIAN,SCHE 1 W/O SEX
2014-2015,SEP,PAPER,SR-PRE,SR CHG.COND-PRE,REGULAR,,AFFIRMED,ATL,NOT APPLICABLE,FEDERAL,DETERMINATE,MALE,WHITE,CAUCASIAN,SCHE 1 W/O SEX
2014-2015,APR,PAPER,SR-PRE,SR CHG.COND-PRE,REGULAR,,AFFIRMED,PAC,NOT APPLICABLE,FEDERAL,DETERMINATE,MALE,WHITE,CAUCASIAN,SCHE 1 W/O SEX
2014-2015,DEC,PAPER,SR-PRE,SR CHG.COND-PRE,REGULAR,,AFFIRMED,PRA,SASKATOON,FEDERAL,DETERMINATE,MALE,WHITE,CAUCASIAN,SCHE 1 WITH SEX
2014-2015,DEC,PAPER,SR-PRE,SR CHG.COND-PRE,REGULAR,,AFFIRMED,ONT,NOT APPLICABLE,FEDERAL,DETERMINATE,MALE,WHITE,CAUCASIAN,SCHE 1 W/O SEX
2014-2015,MAY,PAPER,SR-PRE,SR CHG.COND-PRE,REGULAR,,AFFIRMED,ONT,NOT APPLICABLE,FEDERAL,DETERMINATE,MALE,WHITE,CAUCASIAN,SCHE 1 W/O SEX
2014-2015,APR,PAPER,SR-PRE,SR CHG.COND-PRE,REGULAR,,AFFIRMED,QUE,NOT APPLICABLE,FEDERAL,DETERMINATE,MALE,WHITE,CAUCASIAN,SCHE 1 W/O SEX
2014-2015,OCT,PAPER,SR-PRE,SR CHG.COND-PRE,REGULAR,,AFFIRMED,QUE,NOT APPLICABLE,FEDERAL,DETERMINATE,MALE,WHITE,CAUCASIAN,SCHE 1 W/O SEX
2014-2015,MAR,PAPER,SR-PRE,SR CHG.COND-PRE,REGULAR,,AFFIRMED,PRA,SASKATOON,FEDERAL,DETERMINATE,MALE,WHITE,CAUCASIAN,NON SCHEDULE
2014-2015,FEB,PAPER,SR-PRE,SR CHG.COND-PRE,REGULAR,,AFFIRMED,PAC,NOT APPLICABLE,FEDERAL,DETERMINATE,MALE,WHITE,CAUCASIAN,NON SCHEDULE
2014-2015,APR,PAPER,SR-PRE,SR CHG.COND-PRE,REGULAR,,AFFIRMED,ONT,NOT APPLICABLE,FEDERAL,DETERMINATE,MALE,WHITE,CAUCASIAN,NON SCHEDULE
2014-2015,AUG,PAPER,SR-PRE,SR CHG.COND-PRE,REGULAR,,AFFIRMED,ATL,NOT APPLICABLE,FEDERAL,DETERMINATE,MALE,WHITE,CAUCASIAN,SCHE 1 WITH SEX
2014-2015,DEC,PAPER,SR-PRE,SR CHG.COND-PRE,REGULAR,,AFFIRMED,ONT,NOT APPLICABLE,FEDERAL,DETERMINATE,MALE,WHITE,CAUCASIAN,SCHE 1 W/O SEX
2014-2015,AUG,PAPER,SR-PRE,SR CHG.COND-PRE,REGULAR,,AFFIRMED,QUE,NOT APPLICABLE,FEDERAL,DETERMINATE,MALE,WHITE,CAUCASIAN,SCHE 1 WITH SEX
2014-2015,JUN,PAPER,SR-PRE,SR CHG.COND-PRE,REGULAR,,AFFIRMED,QUE,NOT APPLICABLE,FEDERAL,DETERMINATE,MALE,WHITE,CAUCASIAN,SCHE 1 W/O SEX
2014-2015,AUG,PAPER,SR-PRE,SR CHG.COND-PRE,REGULAR,,AFFIRMED,QUE,NOT APPLICABLE,FEDERAL,DETERMINATE,MALE,WHITE,CAUCASIAN,NON SCHEDULE
2014-2015,NOV,PAPER,SR-PRE,SR CHG.COND-PRE,REGULAR,,AFFIRMED,PRA,EDMONTON,FEDERAL,DETERMINATE,MALE,WHITE,CAUCASIAN,NON SCHEDULE
2014-2015,DEC,PAPER,SR-PRE,SR CHG.COND-PRE,REGULAR,,AFFIRMED,ATL,NOT APPLICABLE,FEDERAL,DETERMINATE,MALE,WHITE,CAUCASIAN,NON SCHEDULE
2014-2015,MAR,PAPER,SR-PRE,SR CHG.COND-PRE,REGULAR,,AFFIRMED,QUE,NOT APPLICABLE,FEDERAL,DETERMINATE,MALE,WHITE,CAUCASIAN,SCHEDULE 2
2014-2015,NOV,PAPER,SR-PRE,SR CHG.COND-PRE,REGULAR,,AFFIRMED,ONT,NOT APPLICABLE,FEDERAL,DETERMINATE,MALE,WHITE,CAUCASIAN,SCHE 1 WITH SEX
2014-2015,AUG,PAPER,SR-PRE,SR CHG.COND-PRE,REGULAR,,AFFIRMED,PAC,NOT APPLICABLE,FEDERAL,DETERMINATE,MALE,WHITE,CAUCASIAN,NON SCHEDULE
2014-2015,DEC,PAPER,SR-PRE,SR CHG.COND-PRE,REGULAR,,AFFIRMED,PAC,NOT APPLICABLE,FEDERAL,DETERMINATE,MALE,WHITE,CAUCASIAN,SCHE 1 WITH SEX
2014-2015,SEP,PAPER,SR-PRE,SR CHG.COND-PRE,REGULAR,,AFFIRMED,PRA,EDMONTON,FEDERAL,DETERMINATE,MALE,METIS,ABORIGINAL,SCHE 1 W/O SEX
2014-2015,DEC,PAPER,SR-PRE,SR CHG.COND-PRE,REGULAR,,AFFIRMED,PRA,SASKATOON,FEDERAL,DETERMINATE,MALE,METIS,ABORIGINAL,SCHEDULE 2
2014-2015,MAR,PAPER,SR-PRE,SR CHG.COND-PRE,REGULAR,,AFFIRMED,QUE,NOT APPLICABLE,FEDERAL,DETERMINATE,MALE,METIS,ABORIGINAL,SCHE 1 WITH SEX
2014-2015,MAY,PAPER,SR-PRE,SR CHG.COND-PRE,REGULAR,,AFFIRMED,ONT,NOT APPLICABLE,FEDERAL,DETERMINATE,MALE,NORTH AMERICAN,ABORIGINAL,SCHE 1 WITH SEX
2014-2015,JUN,PAPER,SR-PRE,SR CHG.COND-PRE,REGULAR,,AFFIRMED,PAC,NOT APPLICABLE,FEDERAL,DETERMINATE,MALE,NORTH AMERICAN,ABORIGINAL,SCHE 1 W/O SEX
2014-2015,AUG,PAPER,SR-PRE,SR CHG.COND-PRE,REGULAR,,AFFIRMED,ONT,NOT APPLICABLE,FEDERAL,DETERMINATE,MALE,NORTH AMERICAN,ABORIGINAL,SCHEDULE 2
2014-2015,APR,PAPER,SR-PRE,SR CHG.COND-PRE,REGULAR,,AFFIRMED,PRA,SASKATOON,FEDERAL,DETERMINATE,MALE,NORTH AMERICAN,ABORIGINAL,SCHE 1 W/O SEX
2014-2015,OCT,PAPER,SR-PRE,SR CHG.COND-PRE,REGULAR,,AFFIRMED,ONT,NOT APPLICABLE,FEDERAL,DETERMINATE,MALE,NORTH AMERICAN,ABORIGINAL,SCHE 1 W/O SEX
2014-2015,DEC,PAPER,SR-PRE,SR CHG.COND-PRE,REGULAR,,AFFIRMED,PAC,NOT APPLICABLE,FEDERAL,DETERMINATE,MALE,NORTH AMERICAN,ABORIGINAL,NON SCHEDULE
2014-2015,NOV,PAPER,SR-PRE,SR CHG.COND-PRE,REGULAR,,AFFIRMED,ATL,NOT APPLICABLE,FEDERAL,DETERMINATE,MALE,NORTH AMERICAN,ABORIGINAL,SCHE 1 W/O SEX
2014-2015,OCT,PAPER,SR-PRE,SR CHG.COND-PRE,REGULAR,,AFFIRMED,PAC,NOT APPLICABLE,FEDERAL,DETERMINATE,MALE,NORTH AMERICAN,ABORIGINAL,SCHE 1 WITH SEX
2014-2015,JUL,PAPER,SR-PRE,SR CHG.COND-PRE,REGULAR,,AFFIRMED,QUE,NOT APPLICABLE,FEDERAL,DETERMINATE,MALE,NORTH AMERICAN,ABORIGINAL,SCHEDULE 2
2014-2015,JAN,PAPER,SR-PRE,SR CHG.COND-PRE,REGULAR,,AFFIRMED,ATL,NOT APPLICABLE,FEDERAL,DETERMINATE,MALE,NORTH AMERICAN,ABORIGINAL,SCHE 1 W/O SEX
2014-2015,DEC,PAPER,SR-PRE,SR CHG.COND-PRE,REGULAR,,AFFIRMED,ONT,NOT APPLICABLE,FEDERAL,DETERMINATE,MALE,SOUTH ASIAN,ASIAN,SCHE 1 WITH SEX
2014-2015,JUN,PAPER,SR-PRE,SR CHG.COND-PRE,REGULAR,,AFFIRMED,ONT,NOT APPLICABLE,FEDERAL,DETERMINATE,MALE,S. E. ASIAN,ASIAN,NON SCHEDULE
2014-2015,JUL,PAPER,SR-PRE,SR CHG.COND-PRE,REGULAR,,AFFIRMED,ONT,NOT APPLICABLE,FEDERAL,DETERMINATE,MALE,CARIBBEAN,BLACK,SCHE 1 W/O SEX
2014-2015,NOV,PAPER,SR-PRE,SR CHG.COND-PRE,REGULAR,,AFFIRMED,PAC,NOT APPLICABLE,FEDERAL,DETERMINATE,MALE,MULTIRAC/ETHNIC,OTHER/UNKNOWN,SCHE 1 WITH SEX
2014-2015,SEP,PAPER,SR-PRE,SR CHG.COND-PRE,REGULAR,,REVIEW ORDERED,PRA,EDMONTON,FEDERAL,DETERMINATE,MALE,WHITE,CAUCASIAN,NON SCHEDULE
2014-2015,MAY,PAPER,SR-PRE,SR CHG.COND-PRE,REGULAR,,REVIEW ORDERED,ONT,NOT APPLICABLE,FEDERAL,DETERMINATE,MALE,INUIT,ABORIGINAL,SCHE 1 WITH SEX
2014-2015,DEC,PAPER,SR-PRE,SR CHG.COND-PRE,REGULAR,,REVIEW ORDERED,QUE,NOT APPLICABLE,FEDERAL,DETERMINATE,MALE,METIS,ABORIGINAL,SCHE 1 W/O SEX
2014-2015,MAY,PAPER,SR-POST,SR NO ACT-POST,REGULAR,,REVIEW ORDERED,QUE,NOT APPLICABLE,FEDERAL,DETERMINATE,MALE,METIS,ABORIGINAL,NON SCHEDULE
2014-2015,DEC,PAPER,SR-POST,SR CHG.COND-PST,REGULAR,,AFFIRMED,PRA,EDMONTON,FEDERAL,DETERMINATE,MALE,WHITE,CAUCASIAN,SCHE 1 W/O SEX
2014-2015,JUL,PAPER,SR-POST,SR CHG.COND-PST,REGULAR,,AFFIRMED,QUE,NOT APPLICABLE,FEDERAL,DETERMINATE,MALE,WHITE,CAUCASIAN,SCHEDULE 2
2014-2015,MAR,PAPER,SR-POST,SR CHG.COND-PST,REGULAR,,AFFIRMED,PAC,NOT APPLICABLE,FEDERAL,DETERMINATE,MALE,CHINESE,ASIAN,SCHE 1 W/O SEX
2014-2015,FEB,PAPER,SR-PRE,1C CHG.COND-PRE,REGULAR,,AFFIRMED,PAC,NOT APPLICABLE,FEDERAL,DETERMINATE,MALE,WHITE,CAUCASIAN,SCHE 1 W/O SEX
2015-2016,APR,PAPER,FP-PRE,FP DENIED,REGULAR,,AFFIRMED,PRA,EDMONTON,PROVINCIAL,DETERMINATE,MALE,UNK,OTHER/UNKNOWN,SCHE 1 WITH SEX
2015-2016,MAR,PAPER,FP-PRE,FP DENIED,REGULAR,,AFFIRMED,QUE,NOT APPLICABLE,FEDERAL,DETERMINATE,MALE,ARAB/WEST ASIAN,OTHER/UNKNOWN,SCHE 1 W/O SEX
2015-2016,SEP,PAPER,FP-PRE,FP DENIED,REGULAR,,AFFIRMED,QUE,NOT APPLICABLE,FEDERAL,DETERMINATE,MALE,ARAB/WEST ASIAN,OTHER/UNKNOWN,SCHE 1 W/O SEX
2015-2016,JUN,PAPER,FP-PRE,FP DENIED,REGULAR,,AFFIRMED,PRA,EDMONTON,FEDERAL,INDETERMINATE,MALE,ASIATIC,ASIAN,MURDER 1
2015-2016,JAN,PAPER,FP-PRE,FP DENIED,REGULAR,,AFFIRMED,ONT,NOT APPLICABLE,FEDERAL,DETERMINATE,MALE,BLACK,BLACK,SCHE 1 WITH SEX
2015-2016,NOV,PAPER,FP-PRE,FP DENIED,REGULAR,,AFFIRMED,PAC,NOT APPLICABLE,FEDERAL,DETERMINATE,MALE,BLACK,BLACK,SCHE 1 W/O SEX
2015-2016,NOV,PAPER,FP-PRE,FP DENIED,REGULAR,,AFFIRMED,ONT,NOT APPLICABLE,FEDERAL,DETERMINATE,MALE,BLACK,BLACK,SCHEDULE 2
2015-2016,MAR,PAPER,FP-PRE,FP DENIED,REGULAR,,AFFIRMED,PRA,EDMONTON,FEDERAL,DETERMINATE,MALE,BLACK,BLACK,SCHE 1 WITH SEX
2015-2016,MAR,PAPER,FP-PRE,FP DENIED,REGULAR,,AFFIRMED,ONT,NOT APPLICABLE,FEDERAL,DETERMINATE,MALE,BLACK,BLACK,SCHEDULE 2
2015-2016,JAN,PAPER,FP-PRE,FP DENIED,REGULAR,,AFFIRMED,PRA,EDMONTON,FEDERAL,DETERMINATE,MALE,BLACK,BLACK,SCHE 1 W/O SEX
2015-2016,JAN,PAPER,FP-PRE,FP DENIED,REGULAR,,AFFIRMED,ONT,NOT APPLICABLE,FEDERAL,DETERMINATE,MALE,BLACK,BLACK,NON SCHEDULE
2015-2016,NOV,PAPER,FP-PRE,FP DENIED,REGULAR,,AFFIRMED,ONT,NOT APPLICABLE,FEDERAL,DETERMINATE,MALE,BLACK,BLACK,SCHEDULE 2
2015-2016,NOV,PAPER,FP-PRE,FP DENIED,REGULAR,,AFFIRMED,QUE,NOT APPLICABLE,FEDERAL,DETERMINATE,MALE,BLACK,BLACK,SCHE 1 W/O SEX
2015-2016,MAY,PAPER,FP-PRE,FP DENIED,REGULAR,,AFFIRMED,ONT,NOT APPLICABLE,FEDERAL,DETERMINATE,MALE,BLACK,BLACK,SCHEDULE 2
2015-2016,DEC,PAPER,FP-PRE,FP DENIED,REGULAR,,AFFIRMED,ONT,NOT APPLICABLE,FEDERAL,DETERMINATE,MALE,BLACK,BLACK,SCHE 1 W/O SEX
2015-2016,FEB,PAPER,FP-PRE,FP DENIED,REGULAR,,AFFIRMED,ONT,NOT APPLICABLE,PROVINCIAL,DETERMINATE,MALE,BLACK,BLACK,SCHE 1 W/O SEX
2015-2016,SEP,PAPER,FP-PRE,FP DENIED,REGULAR,,AFFIRMED,QUE,NOT APPLICABLE,FEDERAL,INDETERMINATE,MALE,BLACK,BLACK,MURDER 2
2015-2016,OCT,PAPER,FP-PRE,FP DENIED,REGULAR,,AFFIRMED,QUE,NOT APPLICABLE,FEDERAL,DETERMINATE,MALE,WHITE,CAUCASIAN,SCHE 1 W/O SEX
2015-2016,MAR,PAPER,FP-PRE,FP DENIED,REGULAR,,AFFIRMED,ONT,NOT APPLICABLE,FEDERAL,DETERMINATE,MALE,WHITE,CAUCASIAN,SCHE 1 WITH SEX
2015-2016,APR,PAPER,FP-PRE,FP DENIED,REGULAR,,AFFIRMED,ONT,NOT APPLICABLE,FEDERAL,DETERMINATE,MALE,WHITE,CAUCASIAN,SCHEDULE 2
2015-2016,JAN,PAPER,FP-PRE,FP DENIED,REGULAR,,AFFIRMED,ONT,NOT APPLICABLE,FEDERAL,DETERMINATE,MALE,WHITE,CAUCASIAN,NON SCHEDULE
2015-2016,JUL,PAPER,FP-PRE,FP DENIED,REGULAR,,AFFIRMED,QUE,NOT APPLICABLE,FEDERAL,DETERMINATE,MALE,WHITE,CAUCASIAN,SCHE 1 WITH SEX
2015-2016,OCT,PAPER,FP-PRE,FP DENIED,REGULAR,,AFFIRMED,QUE,NOT APPLICABLE,FEDERAL,DETERMINATE,MALE,WHITE,CAUCASIAN,NON SCHEDULE
2015-2016,OCT,PAPER,FP-PRE,FP DENIED,REGULAR,,AFFIRMED,QUE,NOT APPLICABLE,FEDERAL,DETERMINATE,MALE,WHITE,CAUCASIAN,SCHE 1 WITH SEX
2015-2016,MAY,PAPER,FP-PRE,FP DENIED,REGULAR,,AFFIRMED,PRA,SASKATOON,FEDERAL,DETERMINATE,MALE,WHITE,CAUCASIAN,SCHE 1 WITH SEX
2015-2016,AUG,PAPER,FP-PRE,FP DENIED,REGULAR,,AFFIRMED,QUE,NOT APPLICABLE,FEDERAL,DETERMINATE,MALE,WHITE,CAUCASIAN,SCHE 1 WITH SEX
2015-2016,AUG,PAPER,FP-PRE,FP DENIED,REGULAR,,AFFIRMED,QUE,NOT APPLICABLE,FEDERAL,DETERMINATE,MALE,WHITE,CAUCASIAN,SCHE 1 W/O SEX
2015-2016,JUN,PAPER,FP-PRE,FP DENIED,REGULAR,,AFFIRMED,QUE,NOT APPLICABLE,FEDERAL,DETERMINATE,MALE,WHITE,CAUCASIAN,NON SCHEDULE
2015-2016,MAY,PAPER,FP-PRE,FP DENIED,REGULAR,,AFFIRMED,ONT,NOT APPLICABLE,FEDERAL,DETERMINATE,MALE,WHITE,CAUCASIAN,SCHE 1 W/O SEX
2015-2016,DEC,PAPER,FP-PRE,FP DENIED,REGULAR,,AFFIRMED,ATL,NOT APPLICABLE,PROVINCIAL,DETERMINATE,MALE,WHITE,CAUCASIAN,SCHE 1 W/O SEX
2015-2016,AUG,PAPER,FP-PRE,FP DENIED,REGULAR,,AFFIRMED,QUE,NOT APPLICABLE,FEDERAL,DETERMINATE,FEMALE,WHITE,CAUCASIAN,SCHE 1 W/O SEX
2015-2016,DEC,PAPER,FP-PRE,FP DENIED,REGULAR,,AFFIRMED,PRA,SASKATOON,FEDERAL,DETERMINATE,MALE,WHITE,CAUCASIAN,SCHE 1 W/O SEX
2015-2016,OCT,PAPER,FP-PRE,FP DENIED,REGULAR,,AFFIRMED,PAC,NOT APPLICABLE,FEDERAL,DETERMINATE,MALE,WHITE,CAUCASIAN,SCHE 1 W/O SEX
2015-2016,AUG,PAPER,FP-PRE,FP DENIED,REGULAR,,AFFIRMED,QUE,NOT APPLICABLE,FEDERAL,DETERMINATE,MALE,WHITE,CAUCASIAN,SCHE 1 W/O SEX
2015-2016,SEP,PAPER,FP-PRE,FP DENIED,REGULAR,,AFFIRMED,ONT,NOT APPLICABLE,FEDERAL,DETERMINATE,MALE,WHITE,CAUCASIAN,NON SCHEDULE
2015-2016,OCT,PAPER,FP-PRE,FP DENIED,REGULAR,,AFFIRMED,PAC,NOT APPLICABLE,FEDERAL,DETERMINATE,MALE,WHITE,CAUCASIAN,SCHE 1 WITH SEX
2015-2016,MAR,PAPER,FP-PRE,FP DENIED,REGULAR,,AFFIRMED,QUE,NOT APPLICABLE,FEDERAL,DETERMINATE,MALE,WHITE,CAUCASIAN,SCHE 1 W/O SEX
2015-2016,APR,PAPER,FP-PRE,FP DENIED,REGULAR,,AFFIRMED,ONT,NOT APPLICABLE,FEDERAL,DETERMINATE,MALE,WHITE,CAUCASIAN,SCHEDULE 2
2015-2016,NOV,PAPER,FP-PRE,FP DENIED,REGULAR,,AFFIRMED,QUE,NOT APPLICABLE,FEDERAL,DETERMINATE,MALE,WHITE,CAUCASIAN,SCHE 1 W/O SEX
2015-2016,JAN,PAPER,FP-PRE,FP DENIED,REGULAR,,AFFIRMED,PRA,EDMONTON,FEDERAL,DETERMINATE,MALE,WHITE,CAUCASIAN,NON SCHEDULE
2015-2016,JAN,PAPER,FP-PRE,FP DENIED,REGULAR,,AFFIRMED,PAC,NOT APPLICABLE,PROVINCIAL,DETERMINATE,MALE,WHITE,CAUCASIAN,SCHEDULE 2
2015-2016,MAR,PAPER,FP-PRE,FP DENIED,REGULAR,,AFFIRMED,PRA,SASKATOON,FEDERAL,DETERMINATE,MALE,WHITE,CAUCASIAN,SCHE 1 W/O SEX
2015-2016,JAN,PAPER,FP-PRE,FP DENIED,REGULAR,,AFFIRMED,PRA,EDMONTON,FEDERAL,DETERMINATE,MALE,WHITE,CAUCASIAN,SCHE 1 WITH SEX
2015-2016,NOV,PAPER,FP-PRE,FP DENIED,REGULAR,,AFFIRMED,PRA,EDMONTON,FEDERAL,DETERMINATE,MALE,WHITE,CAUCASIAN,SCHE 1 W/O SEX
2015-2016,JAN,PAPER,FP-PRE,FP DENIED,REGULAR,,AFFIRMED,ONT,NOT APPLICABLE,FEDERAL,DETERMINATE,MALE,WHITE,CAUCASIAN,SCHEDULE 2
2015-2016,NOV,PAPER,FP-PRE,FP DENIED,REGULAR,,AFFIRMED,QUE,NOT APPLICABLE,FEDERAL,DETERMINATE,MALE,WHITE,CAUCASIAN,NON SCHEDULE
2015-2016,JAN,PAPER,FP-PRE,FP DENIED,REGULAR,,AFFIRMED,PRA,SASKATOON,FEDERAL,DETERMINATE,MALE,WHITE,CAUCASIAN,SCHE 1 W/O SEX
2015-2016,MAR,PAPER,FP-PRE,FP DENIED,REGULAR,,AFFIRMED,ONT,NOT APPLICABLE,FEDERAL,DETERMINATE,MALE,WHITE,CAUCASIAN,SCHE 1 WITH SEX
2015-2016,OCT,PAPER,FP-PRE,FP DENIED,REGULAR,,AFFIRMED,QUE,NOT APPLICABLE,FEDERAL,DETERMINATE,MALE,WHITE,CAUCASIAN,NON SCHEDULE
2015-2016,NOV,PAPER,FP-PRE,FP DENIED,REGULAR,,AFFIRMED,QUE,NOT APPLICABLE,FEDERAL,DETERMINATE,MALE,WHITE,CAUCASIAN,NON SCHEDULE
2015-2016,MAY,PAPER,FP-PRE,FP DENIED,REGULAR,,AFFIRMED,ONT,NOT APPLICABLE,FEDERAL,DETERMINATE,MALE,WHITE,CAUCASIAN,SCHE 1 WITH SEX
2015-2016,FEB,PAPER,FP-PRE,FP DENIED,REGULAR,,AFFIRMED,PRA,EDMONTON,FEDERAL,DETERMINATE,MALE,WHITE,CAUCASIAN,SCHE 1 W/O SEX
2015-2016,OCT,PAPER,FP-PRE,FP DENIED,REGULAR,,AFFIRMED,QUE,NOT APPLICABLE,FEDERAL,DETERMINATE,MALE,WHITE,CAUCASIAN,SCHE 1 W/O SEX
2015-2016,APR,PAPER,FP-PRE,FP DENIED,REGULAR,,AFFIRMED,ONT,NOT APPLICABLE,FEDERAL,DETERMINATE,MALE,WHITE,CAUCASIAN,SCHE 1 W/O SEX
2015-2016,NOV,PAPER,FP-PRE,FP DENIED,REGULAR,,AFFIRMED,PRA,EDMONTON,FEDERAL,DETERMINATE,MALE,WHITE,CAUCASIAN,SCHEDULE 2
2015-2016,JUN,PAPER,FP-PRE,FP DENIED,REGULAR,,AFFIRMED,ONT,NOT APPLICABLE,FEDERAL,DETERMINATE,MALE,WHITE,CAUCASIAN,SCHE 1 WITH SEX
2015-2016,JUN,PAPER,FP-PRE,FP DENIED,REGULAR,,AFFIRMED,PAC,NOT APPLICABLE,PROVINCIAL,DETERMINATE,MALE,WHITE,CAUCASIAN,SCHE 1 W/O SEX
2015-2016,SEP,PAPER,FP-PRE,FP DENIED,REGULAR,,AFFIRMED,ATL,NOT APPLICABLE,FEDERAL,DETERMINATE,MALE,WHITE,CAUCASIAN,SCHEDULE 2
2015-2016,OCT,PAPER,FP-PRE,FP DENIED,REGULAR,,AFFIRMED,QUE,NOT APPLICABLE,FEDERAL,DETERMINATE,MALE,WHITE,CAUCASIAN,SCHE 1 W/O SEX
2015-2016,OCT,PAPER,FP-PRE,FP DENIED,REGULAR,,AFFIRMED,ONT,NOT APPLICABLE,FEDERAL,DETERMINATE,MALE,WHITE,CAUCASIAN,SCHE 1 W/O SEX
2015-2016,MAR,PAPER,FP-PRE,FP DENIED,REGULAR,,AFFIRMED,PRA,EDMONTON,FEDERAL,DETERMINATE,MALE,WHITE,CAUCASIAN,SCHEDULE 2
2015-2016,FEB,PAPER,FP-PRE,FP DENIED,REGULAR,,AFFIRMED,PRA,EDMONTON,FEDERAL,DETERMINATE,MALE,WHITE,CAUCASIAN,SCHEDULE 2
2015-2016,JUN,PAPER,FP-PRE,FP DENIED,REGULAR,,AFFIRMED,PAC,NOT APPLICABLE,FEDERAL,DETERMINATE,MALE,WHITE,CAUCASIAN,SCHE 1 WITH SEX
2015-2016,SEP,PAPER,FP-PRE,FP DENIED,REGULAR,,AFFIRMED,PRA,EDMONTON,FEDERAL,DETERMINATE,MALE,WHITE,CAUCASIAN,SCHE 1 WITH SEX
2015-2016,FEB,PAPER,FP-PRE,FP DENIED,REGULAR,,AFFIRMED,ONT,NOT APPLICABLE,FEDERAL,DETERMINATE,MALE,WHITE,CAUCASIAN,SCHE 1 W/O SEX
2015-2016,AUG,PAPER,FP-PRE,FP DENIED,REGULAR,,AFFIRMED,QUE,NOT APPLICABLE,FEDERAL,DETERMINATE,MALE,WHITE,CAUCASIAN,SCHE 1 W/O SEX
2015-2016,SEP,PAPER,FP-PRE,FP DENIED,REGULAR,,AFFIRMED,QUE,NOT APPLICABLE,FEDERAL,DETERMINATE,MALE,WHITE,CAUCASIAN,SCHE 1 W/O SEX
2015-2016,NOV,PAPER,FP-PRE,FP DENIED,REGULAR,,AFFIRMED,ONT,NOT APPLICABLE,FEDERAL,DETERMINATE,MALE,WHITE,CAUCASIAN,SCHE 1 W/O SEX
2015-2016,NOV,PAPER,FP-PRE,FP DENIED,REGULAR,,AFFIRMED,QUE,NOT APPLICABLE,FEDERAL,DETERMINATE,MALE,WHITE,CAUCASIAN,SCHE 1 WITH SEX
2015-2016,APR,PAPER,FP-PRE,FP DENIED,REGULAR,,AFFIRMED,QUE,NOT APPLICABLE,FEDERAL,DETERMINATE,MALE,WHITE,CAUCASIAN,SCHE 1 W/O SEX
2015-2016,AUG,PAPER,FP-PRE,FP DENIED,REGULAR,,AFFIRMED,PAC,NOT APPLICABLE,FEDERAL,DETERMINATE,MALE,WHITE,CAUCASIAN,SCHEDULE 2
2015-2016,AUG,PAPER,FP-PRE,FP DENIED,REGULAR,,AFFIRMED,QUE,NOT APPLICABLE,FEDERAL,DETERMINATE,MALE,WHITE,CAUCASIAN,SCHEDULE 2
2015-2016,NOV,PAPER,FP-PRE,FP DENIED,REGULAR,,AFFIRMED,QUE,NOT APPLICABLE,FEDERAL,DETERMINATE,MALE,WHITE,CAUCASIAN,NON SCHEDULE
2015-2016,NOV,PAPER,FP-PRE,FP DENIED,REGULAR,,AFFIRMED,PAC,NOT APPLICABLE,FEDERAL,INDETERMINATE,MALE,WHITE,CAUCASIAN,SCHE 1 W/O SEX
2015-2016,MAR,PAPER,FP-PRE,FP DENIED,REGULAR,,AFFIRMED,ONT,NOT APPLICABLE,FEDERAL,INDETERMINATE,MALE,WHITE,CAUCASIAN,SCHE 1 W/O SEX
2015-2016,FEB,PAPER,FP-PRE,FP DENIED,REGULAR,,AFFIRMED,ONT,NOT APPLICABLE,FEDERAL,INDETERMINATE,MALE,WHITE,CAUCASIAN,SCHE 1 WITH SEX
2015-2016,FEB,PAPER,FP-PRE,FP DENIED,REGULAR,,AFFIRMED,ONT,NOT APPLICABLE,FEDERAL,INDETERMINATE,MALE,WHITE,CAUCASIAN,SCHE 1 WITH SEX
2015-2016,JAN,PAPER,FP-PRE,FP DENIED,REGULAR,,AFFIRMED,QUE,NOT APPLICABLE,FEDERAL,INDETERMINATE,MALE,WHITE,CAUCASIAN,SCHE 1 WITH SEX
2015-2016,OCT,PAPER,FP-PRE,FP DENIED,REGULAR,,AFFIRMED,PAC,NOT APPLICABLE,FEDERAL,INDETERMINATE,MALE,WHITE,CAUCASIAN,SCHE 1 W/O SEX
2015-2016,DEC,PAPER,FP-PRE,FP DENIED,REGULAR,,AFFIRMED,ONT,NOT APPLICABLE,FEDERAL,INDETERMINATE,MALE,WHITE,CAUCASIAN,SCHE 1 WITH SEX
2015-2016,MAR,PAPER,FP-PRE,FP DENIED,REGULAR,,AFFIRMED,QUE,NOT APPLICABLE,FEDERAL,INDETERMINATE,MALE,WHITE,CAUCASIAN,SCHE 1 WITH SEX
2015-2016,AUG,PAPER,FP-PRE,FP DENIED,REGULAR,,AFFIRMED,PAC,NOT APPLICABLE,FEDERAL,INDETERMINATE,MALE,WHITE,CAUCASIAN,SCHE 1 WITH SEX
2015-2016,FEB,PAPER,FP-PRE,FP DENIED,REGULAR,,AFFIRMED,ONT,NOT APPLICABLE,FEDERAL,INDETERMINATE,MALE,WHITE,CAUCASIAN,SCHE 1 W/O SEX
2015-2016,JAN,PAPER,FP-PRE,FP DENIED,REGULAR,,AFFIRMED,QUE,NOT APPLICABLE,FEDERAL,INDETERMINATE,MALE,WHITE,CAUCASIAN,SCHE 1 W/O SEX
2015-2016,FEB,PAPER,FP-PRE,FP DENIED,REGULAR,,AFFIRMED,QUE,NOT APPLICABLE,FEDERAL,INDETERMINATE,MALE,WHITE,CAUCASIAN,MURDER 2
2015-2016,JAN,PAPER,FP-PRE,FP DENIED,REGULAR,,AFFIRMED,PAC,NOT APPLICABLE,FEDERAL,INDETERMINATE,MALE,WHITE,CAUCASIAN,MURDER 2
2015-2016,SEP,PAPER,FP-PRE,FP DENIED,REGULAR,,AFFIRMED,QUE,NOT APPLICABLE,FEDERAL,INDETERMINATE,MALE,WHITE,CAUCASIAN,MURDER 2
2015-2016,APR,PAPER,FP-PRE,FP DENIED,REGULAR,,AFFIRMED,ONT,NOT APPLICABLE,FEDERAL,INDETERMINATE,MALE,WHITE,CAUCASIAN,MURDER 1
2015-2016,NOV,PAPER,FP-PRE,FP DENIED,REGULAR,,AFFIRMED,PAC,NOT APPLICABLE,FEDERAL,INDETERMINATE,MALE,WHITE,CAUCASIAN,MURDER 2
2015-2016,SEP,PAPER,FP-PRE,FP DENIED,REGULAR,,AFFIRMED,QUE,NOT APPLICABLE,FEDERAL,INDETERMINATE,MALE,WHITE,CAUCASIAN,MURDER 2
2015-2016,APR,PAPER,FP-PRE,FP DENIED,REGULAR,,AFFIRMED,QUE,NOT APPLICABLE,FEDERAL,INDETERMINATE,MALE,WHITE,CAUCASIAN,MURDER 2
2015-2016,JUN,PAPER,FP-PRE,FP DENIED,REGULAR,,AFFIRMED,PRA,EDMONTON,FEDERAL,INDETERMINATE,MALE,WHITE,CAUCASIAN,MURDER 2
2015-2016,MAY,PAPER,FP-PRE,FP DENIED,REGULAR,,AFFIRMED,ONT,NOT APPLICABLE,FEDERAL,INDETERMINATE,MALE,WHITE,CAUCASIAN,MURDER 2
2015-2016,APR,PAPER,FP-PRE,FP DENIED,REGULAR,,AFFIRMED,QUE,NOT APPLICABLE,FEDERAL,INDETERMINATE,MALE,WHITE,CAUCASIAN,MURDER 1
2015-2016,AUG,PAPER,FP-PRE,FP DENIED,REGULAR,,AFFIRMED,QUE,NOT APPLICABLE,FEDERAL,INDETERMINATE,MALE,WHITE,CAUCASIAN,MURDER 2
2015-2016,OCT,PAPER,FP-PRE,FP DENIED,REGULAR,,AFFIRMED,QUE,NOT APPLICABLE,FEDERAL,INDETERMINATE,MALE,WHITE,CAUCASIAN,MURDER 2
2015-2016,MAR,PAPER,FP-PRE,FP DENIED,REGULAR,,AFFIRMED,ONT,NOT APPLICABLE,FEDERAL,INDETERMINATE,MALE,WHITE,CAUCASIAN,MURDER 2
2015-2016,NOV,PAPER,FP-PRE,FP DENIED,REGULAR,,AFFIRMED,QUE,NOT APPLICABLE,FEDERAL,INDETERMINATE,MALE,WHITE,CAUCASIAN,MURDER 2
2015-2016,JAN,PAPER,FP-PRE,FP DENIED,REGULAR,,AFFIRMED,QUE,NOT APPLICABLE,FEDERAL,INDETERMINATE,MALE,WHITE,CAUCASIAN,MURDER 2
2015-2016,SEP,PAPER,FP-PRE,FP DENIED,REGULAR,,AFFIRMED,QUE,NOT APPLICABLE,FEDERAL,DETERMINATE,MALE,METIS,ABORIGINAL,SCHEDULE 2
2015-2016,JAN,PAPER,FP-PRE,FP DENIED,REGULAR,,AFFIRMED,QUE,NOT APPLICABLE,FEDERAL,DETERMINATE,MALE,METIS,ABORIGINAL,SCHE 1 WITH SEX
2015-2016,MAY,PAPER,FP-PRE,FP DENIED,REGULAR,,AFFIRMED,PRA,SASKATOON,FEDERAL,DETERMINATE,MALE,METIS,ABORIGINAL,SCHE 1 W/O SEX
2015-2016,OCT,PAPER,FP-PRE,FP DENIED,REGULAR,,AFFIRMED,PRA,EDMONTON,FEDERAL,DETERMINATE,MALE,METIS,ABORIGINAL,SCHE 1 WITH SEX
2015-2016,SEP,PAPER,FP-PRE,FP DENIED,REGULAR,,AFFIRMED,QUE,NOT APPLICABLE,FEDERAL,DETERMINATE,MALE,METIS,ABORIGINAL,SCHE 1 W/O SEX
2015-2016,NOV,PAPER,FP-PRE,FP DENIED,REGULAR,,AFFIRMED,QUE,NOT APPLICABLE,FEDERAL,DETERMINATE,MALE,METIS,ABORIGINAL,SCHE 1 WITH SEX
2015-2016,DEC,PAPER,FP-PRE,FP DENIED,REGULAR,,AFFIRMED,ONT,NOT APPLICABLE,FEDERAL,INDETERMINATE,MALE,METIS,ABORIGINAL,SCHE 1 WITH SEX
2015-2016,SEP,PAPER,FP-PRE,FP DENIED,REGULAR,,AFFIRMED,QUE,NOT APPLICABLE,FEDERAL,INDETERMINATE,MALE,METIS,ABORIGINAL,MURDER 2
2015-2016,JUN,PAPER,FP-PRE,FP DENIED,REGULAR,,AFFIRMED,QUE,NOT APPLICABLE,FEDERAL,INDETERMINATE,MALE,METIS,ABORIGINAL,MURDER 1
2015-2016,APR,PAPER,FP-PRE,FP DENIED,REGULAR,,AFFIRMED,QUE,NOT APPLICABLE,FEDERAL,INDETERMINATE,MALE,METIS,ABORIGINAL,MURDER 2
2015-2016,JUN,PAPER,FP-PRE,FP DENIED,REGULAR,,AFFIRMED,PAC,NOT APPLICABLE,FEDERAL,INDETERMINATE,MALE,METIS,ABORIGINAL,MURDER 1
2015-2016,AUG,PAPER,FP-PRE,FP DENIED,REGULAR,,AFFIRMED,PAC,NOT APPLICABLE,FEDERAL,DETERMINATE,MALE,NORTH AMERICAN,ABORIGINAL,SCHEDULE 2
2015-2016,NOV,PAPER,FP-PRE,FP DENIED,REGULAR,,AFFIRMED,PRA,SASKATOON,FEDERAL,DETERMINATE,MALE,NORTH AMERICAN,ABORIGINAL,SCHEDULE 2
2015-2016,JAN,PAPER,FP-PRE,FP DENIED,REGULAR,,AFFIRMED,ONT,NOT APPLICABLE,FEDERAL,INDETERMINATE,MALE,NORTH AMERICAN,ABORIGINAL,SCHE 1 W/O SEX
2015-2016,JAN,PAPER,FP-PRE,FP DENIED,REGULAR,,AFFIRMED,PRA,SASKATOON,FEDERAL,INDETERMINATE,MALE,NORTH AMERICAN,ABORIGINAL,NON SCHEDULE
2015-2016,MAR,PAPER,FP-PRE,FP DENIED,REGULAR,,AFFIRMED,ONT,NOT APPLICABLE,FEDERAL,INDETERMINATE,MALE,NORTH AMERICAN,ABORIGINAL,MURDER 2
2015-2016,JUN,PAPER,FP-PRE,FP DENIED,REGULAR,,AFFIRMED,ONT,NOT APPLICABLE,FEDERAL,DETERMINATE,MALE,CHINESE,ASIAN,SCHE 1 W/O SEX
2015-2016,JUN,PAPER,FP-PRE,FP DENIED,REGULAR,,AFFIRMED,QUE,NOT APPLICABLE,FEDERAL,DETERMINATE,MALE,LATIN AMERICAN,OTHER/UNKNOWN,SCHEDULE 2
2015-2016,OCT,PAPER,FP-PRE,FP DENIED,REGULAR,,AFFIRMED,QUE,NOT APPLICABLE,FEDERAL,DETERMINATE,MALE,SUB-SAHARA AFRI,BLACK,SCHE 1 W/O SEX
2015-2016,NOV,PAPER,FP-PRE,FP DENIED,REGULAR,,AFFIRMED,PRA,EDMONTON,FEDERAL,DETERMINATE,MALE,ARAB,ASIAN,SCHEDULE 2
2015-2016,MAY,PAPER,FP-PRE,FP DENIED,REGULAR,,AFFIRMED,QUE,NOT APPLICABLE,FEDERAL,DETERMINATE,MALE,ARAB,ASIAN,SCHE 1 W/O SEX
2015-2016,MAR,PAPER,FP-PRE,FP DENIED,REGULAR,,AFFIRMED,PAC,NOT APPLICABLE,FEDERAL,DETERMINATE,MALE,ASI-E/SOUTHEAST,ASIAN,SCHEDULE 2
2015-2016,MAR,PAPER,FP-PRE,FP DENIED,REGULAR,,AFFIRMED,ONT,NOT APPLICABLE,FEDERAL,DETERMINATE,MALE,ASIAN-SOUTH,ASIAN,SCHEDULE 2
2015-2016,NOV,PAPER,FP-PRE,FP DENIED,REGULAR,,AFFIRMED,ONT,NOT APPLICABLE,FEDERAL,DETERMINATE,MALE,CARIBBEAN,BLACK,SCHEDULE 2
2015-2016,OCT,PAPER,FP-PRE,FP DENIED,REGULAR,,AFFIRMED,PAC,NOT APPLICABLE,FEDERAL,DETERMINATE,MALE,EURO.-WESTERN,CAUCASIAN,SCHE 1 W/O SEX
2015-2016,NOV,PAPER,FP-PRE,FP DENIED,REGULAR,,AFFIRMED,QUE,NOT APPLICABLE,FEDERAL,DETERMINATE,MALE,UNABLE SPECIFY,OTHER/UNKNOWN,SCHEDULE 2
2015-2016,MAR,PAPER,FP-PRE,FP DENIED,REGULAR,,PAN.HEAR.ORDER.,ONT,NOT APPLICABLE,FEDERAL,DETERMINATE,FEMALE,BLACK,BLACK,SCHEDULE 2
2015-2016,FEB,PAPER,FP-PRE,FP DENIED,REGULAR,,PAN.HEAR.ORDER.,ONT,NOT APPLICABLE,FEDERAL,INDETERMINATE,MALE,BLACK,BLACK,SCHE 1 W/O SEX
2015-2016,DEC,PAPER,FP-PRE,FP DENIED,REGULAR,,PAN.HEAR.ORDER.,ONT,NOT APPLICABLE,FEDERAL,DETERMINATE,MALE,WHITE,CAUCASIAN,SCHEDULE 2
2015-2016,AUG,PAPER,FP-PRE,FP DENIED,REGULAR,,PAN.HEAR.ORDER.,QUE,NOT APPLICABLE,FEDERAL,DETERMINATE,MALE,WHITE,CAUCASIAN,NON SCHEDULE
2015-2016,JAN,PAPER,FP-PRE,FP DENIED,REGULAR,,PAN.HEAR.ORDER.,ONT,NOT APPLICABLE,FEDERAL,DETERMINATE,MALE,WHITE,CAUCASIAN,NON SCHEDULE
2015-2016,FEB,PAPER,FP-PRE,FP DENIED,REGULAR,,PAN.HEAR.ORDER.,QUE,NOT APPLICABLE,FEDERAL,DETERMINATE,MALE,WHITE,CAUCASIAN,SCHEDULE 2
2015-2016,JAN,PAPER,FP-PRE,FP DENIED,REGULAR,,PAN.HEAR.ORDER.,PRA,EDMONTON,FEDERAL,DETERMINATE,MALE,NORTH AMERICAN,ABORIGINAL,SCHE 1 W/O SEX
2015-2016,NOV,PAPER,FP-PRE,FP DENIED,REGULAR,,PAN.HEAR.ORDER.,PRA,SASKATOON,FEDERAL,DETERMINATE,MALE,NORTH AMERICAN,ABORIGINAL,NON SCHEDULE
2015-2016,MAR,PAPER,FP-PRE,FP DENIED,REGULAR,,PAN.HEAR.ORDER.,PRA,EDMONTON,FEDERAL,DETERMINATE,MALE,LATIN AMERICAN,OTHER/UNKNOWN,SCHEDULE 2
2015-2016,NOV,PAPER,FP-PRE,FP NO ACTION,REGULAR,,AFFIRMED,PAC,NOT APPLICABLE,FEDERAL,DETERMINATE,MALE,WHITE,CAUCASIAN,NON SCHEDULE
2015-2016,NOV,PAPER,FP-PRE,FP NOT DIRECTED,APR,APR-FINAL,AFFIRMED,ONT,NOT APPLICABLE,FEDERAL,DETERMINATE,MALE,WHITE,CAUCASIAN,SCHE 1 W/O SEX
2015-2016,JUN,PAPER,FP-POST,FP REVOKED,REGULAR,,AFFIRMED,ONT,NOT APPLICABLE,FEDERAL,DETERMINATE,MALE,ARAB/WEST ASIAN,OTHER/UNKNOWN,SCHEDULE 2
2015-2016,APR,PAPER,FP-POST,FP REVOKED,REGULAR,,AFFIRMED,ATL,NOT APPLICABLE,FEDERAL,DETERMINATE,MALE,BLACK,BLACK,SCHEDULE 2
2015-2016,NOV,PAPER,FP-POST,FP REVOKED,REGULAR,,AFFIRMED,PAC,NOT APPLICABLE,FEDERAL,DETERMINATE,MALE,BLACK,BLACK,SCHE 1 W/O SEX
2015-2016,DEC,PAPER,FP-POST,FP REVOKED,REGULAR,,AFFIRMED,PRA,EDMONTON,FEDERAL,DETERMINATE,MALE,WHITE,CAUCASIAN,SCHEDULE 2
2015-2016,SEP,PAPER,FP-POST,FP REVOKED,REGULAR,,AFFIRMED,PAC,NOT APPLICABLE,FEDERAL,DETERMINATE,MALE,WHITE,CAUCASIAN,NON SCHEDULE
2015-2016,AUG,PAPER,FP-POST,FP REVOKED,REGULAR,,AFFIRMED,ONT,NOT APPLICABLE,FEDERAL,INDETERMINATE,MALE,WHITE,CAUCASIAN,MURDER 2
2015-2016,JUN,PAPER,FP-POST,FP REVOKED,REGULAR,,AFFIRMED,PRA,EDMONTON,FEDERAL,INDETERMINATE,MALE,WHITE,CAUCASIAN,MURDER 2
2015-2016,OCT,PAPER,FP-POST,FP REVOKED,REGULAR,,PAN.HEAR.ORDER.,ONT,NOT APPLICABLE,FEDERAL,DETERMINATE,MALE,BLACK,BLACK,SCHE 1 W/O SEX
2015-2016,DEC,PAPER,FP-POST,FP REVOKED,REGULAR,,PAN.HEAR.ORDER.,PRA,EDMONTON,FEDERAL,DETERMINATE,MALE,WHITE,CAUCASIAN,SCHEDULE 2
2015-2016,OCT,PAPER,FP-POST,FP REVOKED,REGULAR,,PAN.HEAR.ORDER.,ATL,NOT APPLICABLE,FEDERAL,DETERMINATE,MALE,WHITE,CAUCASIAN,SCHE 1 W/O SEX
2015-2016,DEC,PAPER,FP-POST,FP REVOKED,REGULAR,,PAN.HEAR.ORDER.,ONT,NOT APPLICABLE,FEDERAL,DETERMINATE,MALE,WHITE,CAUCASIAN,SCHEDULE 2
2015-2016,JAN,PAPER,FP-POST,FP REVOKED,REGULAR,,PAN.HEAR.ORDER.,ONT,NOT APPLICABLE,FEDERAL,DETERMINATE,MALE,WHITE,CAUCASIAN,NON SCHEDULE
2015-2016,JAN,PAPER,FP-POST,FP REVOKED,REGULAR,,PAN.HEAR.ORDER.,ONT,NOT APPLICABLE,FEDERAL,INDETERMINATE,MALE,WHITE,CAUCASIAN,MURDER 2
2015-2016,DEC,PAPER,FP-POST,FP REVOKED,REGULAR,,PAN.HEAR.ORDER.,ONT,NOT APPLICABLE,FEDERAL,INDETERMINATE,MALE,WHITE,CAUCASIAN,MURDER 2
2015-2016,APR,PAPER,FP-POST,FP REVOKED,REGULAR,,PAN.HEAR.ORDER.,QUE,NOT APPLICABLE,FEDERAL,INDETERMINATE,MALE,WHITE,CAUCASIAN,MURDER 2
2015-2016,NOV,PAPER,FP-POST,FP REVOKED,REGULAR,,PAN.HEAR.ORDER.,PAC,NOT APPLICABLE,FEDERAL,INDETERMINATE,FEMALE,WHITE,CAUCASIAN,MURDER 2
2015-2016,MAR,PAPER,FP-POST,FP REVOKED,REGULAR,,PAN.HEAR.ORDER.,PAC,NOT APPLICABLE,FEDERAL,INDETERMINATE,MALE,NORTH AMERICAN,ABORIGINAL,MURDER 2
2015-2016,APR,PAPER,FP-POST,FP REVOKED,APR,APR-INITIAL,AFFIRMED,PAC,NOT APPLICABLE,FEDERAL,DETERMINATE,MALE,WHITE,CAUCASIAN,SCHEDULE 2
2015-2016,AUG,PAPER,FP-POST,FP REVOKED,APR,APR-INITIAL,PAN.HEAR.ORDER.,PAC,NOT APPLICABLE,FEDERAL,DETERMINATE,MALE,SOUTH ASIAN,ASIAN,SCHEDULE 2
2015-2016,SEP,PAPER,FP-POST,FP REVOKED,APR,APR-FINAL,AFFIRMED,ONT,NOT APPLICABLE,FEDERAL,DETERMINATE,FEMALE,SOUTH ASIAN,ASIAN,SCHEDULE 2
2015-2016,NOV,PAPER,DP-PRE,DP DENIED,REGULAR,,AFFIRMED,PAC,NOT APPLICABLE,PROVINCIAL,DETERMINATE,MALE,UNK,OTHER/UNKNOWN,SCHEDULE 2
2015-2016,MAY,PAPER,DP-PRE,DP DENIED,REGULAR,,AFFIRMED,PRA,SASKATOON,PROVINCIAL,DETERMINATE,MALE,UNK,OTHER/UNKNOWN,NON SCHEDULE
2015-2016,APR,PAPER,DP-PRE,DP DENIED,REGULAR,,AFFIRMED,PRA,EDMONTON,PROVINCIAL,DETERMINATE,MALE,UNK,OTHER/UNKNOWN,SCHE 1 WITH SEX
2015-2016,MAR,PAPER,DP-PRE,DP DENIED,REGULAR,,AFFIRMED,QUE,NOT APPLICABLE,FEDERAL,DETERMINATE,MALE,ARAB/WEST ASIAN,OTHER/UNKNOWN,SCHE 1 W/O SEX
2015-2016,FEB,PAPER,DP-PRE,DP DENIED,REGULAR,,AFFIRMED,QUE,NOT APPLICABLE,FEDERAL,DETERMINATE,MALE,ARAB/WEST ASIAN,OTHER/UNKNOWN,SCHE 1 W/O SEX
2015-2016,SEP,PAPER,DP-PRE,DP DENIED,REGULAR,,AFFIRMED,QUE,NOT APPLICABLE,FEDERAL,DETERMINATE,MALE,ARAB/WEST ASIAN,OTHER/UNKNOWN,SCHE 1 W/O SEX
2015-2016,MAY,PAPER,DP-PRE,DP DENIED,REGULAR,,AFFIRMED,ONT,NOT APPLICABLE,FEDERAL,DETERMINATE,MALE,BLACK,BLACK,SCHEDULE 2
2015-2016,SEP,PAPER,DP-PRE,DP DENIED,REGULAR,,AFFIRMED,ONT,NOT APPLICABLE,FEDERAL,DETERMINATE,FEMALE,BLACK,BLACK,SCHEDULE 2
2015-2016,NOV,PAPER,DP-PRE,DP DENIED,REGULAR,,AFFIRMED,QUE,NOT APPLICABLE,FEDERAL,DETERMINATE,MALE,BLACK,BLACK,SCHE 1 W/O SEX
2015-2016,JAN,PAPER,DP-PRE,DP DENIED,REGULAR,,AFFIRMED,PRA,EDMONTON,FEDERAL,DETERMINATE,MALE,BLACK,BLACK,SCHE 1 W/O SEX
2015-2016,JAN,PAPER,DP-PRE,DP DENIED,REGULAR,,AFFIRMED,ONT,NOT APPLICABLE,FEDERAL,DETERMINATE,MALE,BLACK,BLACK,SCHE 1 WITH SEX
2015-2016,DEC,PAPER,DP-PRE,DP DENIED,REGULAR,,AFFIRMED,ONT,NOT APPLICABLE,FEDERAL,DETERMINATE,MALE,BLACK,BLACK,SCHE 1 W/O SEX
2015-2016,NOV,PAPER,DP-PRE,DP DENIED,REGULAR,,AFFIRMED,ONT,NOT APPLICABLE,FEDERAL,DETERMINATE,MALE,BLACK,BLACK,SCHEDULE 2
2015-2016,JAN,PAPER,DP-PRE,DP DENIED,REGULAR,,AFFIRMED,ONT,NOT APPLICABLE,FEDERAL,DETERMINATE,MALE,BLACK,BLACK,NON SCHEDULE
2015-2016,NOV,PAPER,DP-PRE,DP DENIED,REGULAR,,AFFIRMED,ONT,NOT APPLICABLE,FEDERAL,DETERMINATE,MALE,BLACK,BLACK,SCHEDULE 2
2015-2016,FEB,PAPER,DP-PRE,DP DENIED,REGULAR,,AFFIRMED,ONT,NOT APPLICABLE,PROVINCIAL,DETERMINATE,MALE,BLACK,BLACK,SCHE 1 W/O SEX
2015-2016,NOV,PAPER,DP-PRE,DP DENIED,REGULAR,,AFFIRMED,ONT,NOT APPLICABLE,FEDERAL,INDETERMINATE,MALE,BLACK,BLACK,MURDER 2
2015-2016,SEP,PAPER,DP-PRE,DP DENIED,REGULAR,,AFFIRMED,QUE,NOT APPLICABLE,FEDERAL,INDETERMINATE,MALE,BLACK,BLACK,MURDER 2
2015-2016,DEC,PAPER,DP-PRE,DP DENIED,REGULAR,,AFFIRMED,ATL,NOT APPLICABLE,FEDERAL,DETERMINATE,MALE,WHITE,CAUCASIAN,SCHE 1 W/O SEX
2015-2016,MAR,PAPER,DP-PRE,DP DENIED,REGULAR,,AFFIRMED,PRA,EDMONTON,FEDERAL,DETERMINATE,MALE,WHITE,CAUCASIAN,SCHEDULE 2
2015-2016,JAN,PAPER,DP-PRE,DP DENIED,REGULAR,,AFFIRMED,PRA,SASKATOON,FEDERAL,DETERMINATE,MALE,WHITE,CAUCASIAN,SCHE 1 W/O SEX
2015-2016,FEB,PAPER,DP-PRE,DP DENIED,REGULAR,,AFFIRMED,PRA,EDMONTON,FEDERAL,DETERMINATE,MALE,WHITE,CAUCASIAN,SCHEDULE 2
2015-2016,NOV,PAPER,DP-PRE,DP DENIED,REGULAR,,AFFIRMED,QUE,NOT APPLICABLE,FEDERAL,DETERMINATE,MALE,WHITE,CAUCASIAN,NON SCHEDULE
2015-2016,MAR,PAPER,DP-PRE,DP DENIED,REGULAR,,AFFIRMED,QUE,NOT APPLICABLE,FEDERAL,DETERMINATE,MALE,WHITE,CAUCASIAN,SCHE 1 W/O SEX
2015-2016,OCT,PAPER,DP-PRE,DP DENIED,REGULAR,,AFFIRMED,QUE,NOT APPLICABLE,FEDERAL,DETERMINATE,MALE,WHITE,CAUCASIAN,NON SCHEDULE
2015-2016,SEP,PAPER,DP-PRE,DP DENIED,REGULAR,,AFFIRMED,PRA,EDMONTON,FEDERAL,DETERMINATE,MALE,WHITE,CAUCASIAN,SCHE 1 WITH SEX
2015-2016,OCT,PAPER,DP-PRE,DP DENIED,REGULAR,,AFFIRMED,QUE,NOT APPLICABLE,FEDERAL,DETERMINATE,MALE,WHITE,CAUCASIAN,SCHE 1 WITH SEX
2015-2016,NOV,PAPER,DP-PRE,DP DENIED,REGULAR,,AFFIRMED,ONT,NOT APPLICABLE,FEDERAL,DETERMINATE,MALE,WHITE,CAUCASIAN,SCHE 1 W/O SEX
2015-2016,JUN,PAPER,DP-PRE,DP DENIED,REGULAR,,AFFIRMED,PAC,NOT APPLICABLE,PROVINCIAL,DETERMINATE,MALE,WHITE,CAUCASIAN,SCHE 1 W/O SEX
2015-2016,JUN,PAPER,DP-PRE,DP DENIED,REGULAR,,AFFIRMED,ONT,NOT APPLICABLE,FEDERAL,DETERMINATE,MALE,WHITE,CAUCASIAN,SCHE 1 WITH SEX
2015-2016,DEC,PAPER,DP-PRE,DP DENIED,REGULAR,,AFFIRMED,ATL,NOT APPLICABLE,PROVINCIAL,DETERMINATE,MALE,WHITE,CAUCASIAN,SCHE 1 W/O SEX
2015-2016,MAY,PAPER,DP-PRE,DP DENIED,REGULAR,,AFFIRMED,ONT,NOT APPLICABLE,FEDERAL,DETERMINATE,FEMALE,WHITE,CAUCASIAN,SCHE 1 W/O SEX
2015-2016,SEP,PAPER,DP-PRE,DP DENIED,REGULAR,,AFFIRMED,ONT,NOT APPLICABLE,FEDERAL,DETERMINATE,MALE,WHITE,CAUCASIAN,NON SCHEDULE
2015-2016,OCT,PAPER,DP-PRE,DP DENIED,REGULAR,,AFFIRMED,PAC,NOT APPLICABLE,FEDERAL,DETERMINATE,MALE,WHITE,CAUCASIAN,SCHE 1 WITH SEX
2015-2016,JUL,PAPER,DP-PRE,DP DENIED,REGULAR,,AFFIRMED,ATL,NOT APPLICABLE,FEDERAL,DETERMINATE,MALE,WHITE,CAUCASIAN,SCHE 1 W/O SEX
2015-2016,NOV,PAPER,DP-PRE,DP DENIED,REGULAR,,AFFIRMED,QUE,NOT APPLICABLE,FEDERAL,DETERMINATE,MALE,WHITE,CAUCASIAN,NON SCHEDULE
2015-2016,AUG,PAPER,DP-PRE,DP DENIED,REGULAR,,AFFIRMED,QUE,NOT APPLICABLE,FEDERAL,DETERMINATE,MALE,WHITE,CAUCASIAN,SCHEDULE 2
2015-2016,MAR,PAPER,DP-PRE,DP DENIED,REGULAR,,AFFIRMED,QUE,NOT APPLICABLE,FEDERAL,DETERMINATE,MALE,WHITE,CAUCASIAN,SCHE 1 W/O SEX
2015-2016,OCT,PAPER,DP-PRE,DP DENIED,REGULAR,,AFFIRMED,QUE,NOT APPLICABLE,FEDERAL,DETERMINATE,MALE,WHITE,CAUCASIAN,SCHE 1 W/O SEX
2015-2016,APR,PAPER,DP-PRE,DP DENIED,REGULAR,,AFFIRMED,ONT,NOT APPLICABLE,FEDERAL,DETERMINATE,MALE,WHITE,CAUCASIAN,SCHEDULE 2
2015-2016,APR,PAPER,DP-PRE,DP DENIED,REGULAR,,AFFIRMED,PRA,SASKATOON,FEDERAL,DETERMINATE,MALE,WHITE,CAUCASIAN,SCHE 1 WITH SEX
2015-2016,AUG,PAPER,DP-PRE,DP DENIED,REGULAR,,AFFIRMED,QUE,NOT APPLICABLE,FEDERAL,DETERMINATE,MALE,WHITE,CAUCASIAN,SCHE 1 W/O SEX
2015-2016,FEB,PAPER,DP-PRE,DP DENIED,REGULAR,,AFFIRMED,QUE,NOT APPLICABLE,FEDERAL,DETERMINATE,MALE,WHITE,CAUCASIAN,SCHE 1 W/O SEX
2015-2016,JUN,PAPER,DP-PRE,DP DENIED,REGULAR,,AFFIRMED,ONT,NOT APPLICABLE,FEDERAL,DETERMINATE,MALE,WHITE,CAUCASIAN,SCHE 1 WITH SEX
2015-2016,OCT,PAPER,DP-PRE,DP DENIED,REGULAR,,AFFIRMED,QUE,NOT APPLICABLE,FEDERAL,DETERMINATE,MALE,WHITE,CAUCASIAN,SCHE 1 W/O SEX
2015-2016,NOV,PAPER,DP-PRE,DP DENIED,REGULAR,,AFFIRMED,PRA,EDMONTON,PROVINCIAL,DETERMINATE,MALE,WHITE,CAUCASIAN,NON SCHEDULE
2015-2016,DEC,PAPER,DP-PRE,DP DENIED,REGULAR,,AFFIRMED,PRA,SASKATOON,FEDERAL,DETERMINATE,MALE,WHITE,CAUCASIAN,SCHE 1 W/O SEX
2015-2016,DEC,PAPER,DP-PRE,DP DENIED,REGULAR,,AFFIRMED,ONT,NOT APPLICABLE,FEDERAL,DETERMINATE,MALE,WHITE,CAUCASIAN,SCHEDULE 2
2015-2016,APR,PAPER,DP-PRE,DP DENIED,REGULAR,,AFFIRMED,QUE,NOT APPLICABLE,FEDERAL,DETERMINATE,MALE,WHITE,CAUCASIAN,SCHE 1 W/O SEX
2015-2016,OCT,PAPER,DP-PRE,DP DENIED,REGULAR,,AFFIRMED,ONT,NOT APPLICABLE,FEDERAL,DETERMINATE,MALE,WHITE,CAUCASIAN,SCHE 1 W/O SEX
2015-2016,APR,PAPER,DP-PRE,DP DENIED,REGULAR,,AFFIRMED,ATL,NOT APPLICABLE,FEDERAL,DETERMINATE,MALE,WHITE,CAUCASIAN,SCHE 1 W/O SEX
2015-2016,MAR,PAPER,DP-PRE,DP DENIED,REGULAR,,AFFIRMED,ONT,NOT APPLICABLE,FEDERAL,DETERMINATE,MALE,WHITE,CAUCASIAN,SCHE 1 WITH SEX
2015-2016,DEC,PAPER,DP-PRE,DP DENIED,REGULAR,,AFFIRMED,ONT,NOT APPLICABLE,FEDERAL,DETERMINATE,MALE,WHITE,CAUCASIAN,SCHE 1 W/O SEX
2015-2016,FEB,PAPER,DP-PRE,DP DENIED,REGULAR,,AFFIRMED,PAC,NOT APPLICABLE,FEDERAL,DETERMINATE,MALE,WHITE,CAUCASIAN,SCHE 1 W/O SEX
2015-2016,SEP,PAPER,DP-PRE,DP DENIED,REGULAR,,AFFIRMED,PAC,NOT APPLICABLE,PROVINCIAL,DETERMINATE,MALE,WHITE,CAUCASIAN,NON SCHEDULE
2015-2016,APR,PAPER,DP-PRE,DP DENIED,REGULAR,,AFFIRMED,ONT,NOT APPLICABLE,FEDERAL,DETERMINATE,MALE,WHITE,CAUCASIAN,SCHEDULE 2
2015-2016,MAR,PAPER,DP-PRE,DP DENIED,REGULAR,,AFFIRMED,ONT,NOT APPLICABLE,FEDERAL,DETERMINATE,MALE,WHITE,CAUCASIAN,SCHE 1 WITH SEX
2015-2016,OCT,PAPER,DP-PRE,DP DENIED,REGULAR,,AFFIRMED,ATL,NOT APPLICABLE,PROVINCIAL,DETERMINATE,FEMALE,WHITE,CAUCASIAN,NON SCHEDULE
2015-2016,AUG,PAPER,DP-PRE,DP DENIED,REGULAR,,AFFIRMED,QUE,NOT APPLICABLE,FEDERAL,DETERMINATE,MALE,WHITE,CAUCASIAN,SCHE 1 WITH SEX
2015-2016,NOV,PAPER,DP-PRE,DP DENIED,REGULAR,,AFFIRMED,PRA,EDMONTON,FEDERAL,DETERMINATE,MALE,WHITE,CAUCASIAN,SCHE 1 W/O SEX
2015-2016,SEP,PAPER,DP-PRE,DP DENIED,REGULAR,,AFFIRMED,ATL,NOT APPLICABLE,FEDERAL,DETERMINATE,MALE,WHITE,CAUCASIAN,SCHEDULE 2
2015-2016,AUG,PAPER,DP-PRE,DP DENIED,REGULAR,,AFFIRMED,PAC,NOT APPLICABLE,FEDERAL,DETERMINATE,MALE,WHITE,CAUCASIAN,SCHEDULE 2
2015-2016,NOV,PAPER,DP-PRE,DP DENIED,REGULAR,,AFFIRMED,PAC,NOT APPLICABLE,PROVINCIAL,DETERMINATE,MALE,WHITE,CAUCASIAN,NON SCHEDULE
2015-2016,NOV,PAPER,DP-PRE,DP DENIED,REGULAR,,AFFIRMED,QUE,NOT APPLICABLE,FEDERAL,DETERMINATE,MALE,WHITE,CAUCASIAN,NON SCHEDULE
2015-2016,AUG,PAPER,DP-PRE,DP DENIED,REGULAR,,AFFIRMED,QUE,NOT APPLICABLE,FEDERAL,DETERMINATE,MALE,WHITE,CAUCASIAN,SCHE 1 W/O SEX
2015-2016,DEC,PAPER,DP-PRE,DP DENIED,REGULAR,,AFFIRMED,ATL,NOT APPLICABLE,FEDERAL,DETERMINATE,MALE,WHITE,CAUCASIAN,NON SCHEDULE
2015-2016,OCT,PAPER,DP-PRE,DP DENIED,REGULAR,,AFFIRMED,QUE,NOT APPLICABLE,FEDERAL,DETERMINATE,MALE,WHITE,CAUCASIAN,NON SCHEDULE
2015-2016,JUL,PAPER,DP-PRE,DP DENIED,REGULAR,,AFFIRMED,QUE,NOT APPLICABLE,FEDERAL,DETERMINATE,MALE,WHITE,CAUCASIAN,SCHE 1 WITH SEX
2015-2016,JAN,PAPER,DP-PRE,DP DENIED,REGULAR,,AFFIRMED,ONT,NOT APPLICABLE,FEDERAL,DETERMINATE,MALE,WHITE,CAUCASIAN,NON SCHEDULE
2015-2016,JAN,PAPER,DP-PRE,DP DENIED,REGULAR,,AFFIRMED,PAC,NOT APPLICABLE,PROVINCIAL,DETERMINATE,MALE,WHITE,CAUCASIAN,SCHEDULE 2
2015-2016,JUN,PAPER,DP-PRE,DP DENIED,REGULAR,,AFFIRMED,QUE,NOT APPLICABLE,FEDERAL,DETERMINATE,MALE,WHITE,CAUCASIAN,NON SCHEDULE
2015-2016,NOV,PAPER,DP-PRE,DP DENIED,REGULAR,,AFFIRMED,QUE,NOT APPLICABLE,FEDERAL,DETERMINATE,MALE,WHITE,CAUCASIAN,SCHE 1 W/O SEX
2015-2016,MAR,PAPER,DP-PRE,DP DENIED,REGULAR,,AFFIRMED,PRA,SASKATOON,FEDERAL,DETERMINATE,MALE,WHITE,CAUCASIAN,SCHE 1 W/O SEX
2015-2016,AUG,PAPER,DP-PRE,DP DENIED,REGULAR,,AFFIRMED,QUE,NOT APPLICABLE,FEDERAL,DETERMINATE,MALE,WHITE,CAUCASIAN,SCHE 1 W/O SEX
2015-2016,SEP,PAPER,DP-PRE,DP DENIED,REGULAR,,AFFIRMED,QUE,NOT APPLICABLE,FEDERAL,DETERMINATE,MALE,WHITE,CAUCASIAN,SCHEDULE 2
2015-2016,NOV,PAPER,DP-PRE,DP DENIED,REGULAR,,AFFIRMED,PRA,EDMONTON,FEDERAL,DETERMINATE,MALE,WHITE,CAUCASIAN,SCHEDULE 2
2015-2016,JAN,PAPER,DP-PRE,DP DENIED,REGULAR,,AFFIRMED,PAC,NOT APPLICABLE,FEDERAL,DETERMINATE,MALE,WHITE,CAUCASIAN,NON SCHEDULE
2015-2016,SEP,PAPER,DP-PRE,DP DENIED,REGULAR,,AFFIRMED,QUE,NOT APPLICABLE,FEDERAL,DETERMINATE,MALE,WHITE,CAUCASIAN,SCHE 1 W/O SEX
2015-2016,JAN,PAPER,DP-PRE,DP DENIED,REGULAR,,AFFIRMED,PRA,EDMONTON,FEDERAL,DETERMINATE,MALE,WHITE,CAUCASIAN,SCHE 1 WITH SEX
2015-2016,AUG,PAPER,DP-PRE,DP DENIED,REGULAR,,AFFIRMED,QUE,NOT APPLICABLE,FEDERAL,DETERMINATE,FEMALE,WHITE,CAUCASIAN,SCHE 1 W/O SEX
2015-2016,NOV,PAPER,DP-PRE,DP DENIED,REGULAR,,AFFIRMED,QUE,NOT APPLICABLE,FEDERAL,DETERMINATE,MALE,WHITE,CAUCASIAN,SCHE 1 WITH SEX
2015-2016,DEC,PAPER,DP-PRE,DP DENIED,REGULAR,,AFFIRMED,QUE,NOT APPLICABLE,FEDERAL,DETERMINATE,MALE,WHITE,CAUCASIAN,SCHEDULE 2
2015-2016,JAN,PAPER,DP-PRE,DP DENIED,REGULAR,,AFFIRMED,ONT,NOT APPLICABLE,FEDERAL,DETERMINATE,MALE,WHITE,CAUCASIAN,SCHE 1 W/O SEX
2015-2016,OCT,PAPER,DP-PRE,DP DENIED,REGULAR,,AFFIRMED,QUE,NOT APPLICABLE,FEDERAL,DETERMINATE,MALE,WHITE,CAUCASIAN,SCHE 1 W/O SEX
2015-2016,MAR,PAPER,DP-PRE,DP DENIED,REGULAR,,AFFIRMED,ATL,NOT APPLICABLE,FEDERAL,DETERMINATE,MALE,WHITE,CAUCASIAN,SCHE 1 W/O SEX
2015-2016,JAN,PAPER,DP-PRE,DP DENIED,REGULAR,,AFFIRMED,ATL,NOT APPLICABLE,PROVINCIAL,DETERMINATE,MALE,WHITE,CAUCASIAN,NON SCHEDULE
2015-2016,FEB,PAPER,DP-PRE,DP DENIED,REGULAR,,AFFIRMED,ONT,NOT APPLICABLE,FEDERAL,INDETERMINATE,MALE,WHITE,CAUCASIAN,SCHE 1 WITH SEX
2015-2016,MAR,PAPER,DP-PRE,DP DENIED,REGULAR,,AFFIRMED,ONT,NOT APPLICABLE,FEDERAL,INDETERMINATE,MALE,WHITE,CAUCASIAN,SCHE 1 W/O SEX
2015-2016,DEC,PAPER,DP-PRE,DP DENIED,REGULAR,,AFFIRMED,ONT,NOT APPLICABLE,FEDERAL,INDETERMINATE,MALE,WHITE,CAUCASIAN,SCHE 1 WITH SEX
2015-2016,NOV,PAPER,DP-PRE,DP DENIED,REGULAR,,AFFIRMED,PAC,NOT APPLICABLE,FEDERAL,INDETERMINATE,MALE,WHITE,CAUCASIAN,SCHE 1 W/O SEX
2015-2016,OCT,PAPER,DP-PRE,DP DENIED,REGULAR,,AFFIRMED,PAC,NOT APPLICABLE,FEDERAL,INDETERMINATE,MALE,WHITE,CAUCASIAN,SCHE 1 W/O SEX
2015-2016,MAR,PAPER,DP-PRE,DP DENIED,REGULAR,,AFFIRMED,QUE,NOT APPLICABLE,FEDERAL,INDETERMINATE,MALE,WHITE,CAUCASIAN,SCHE 1 WITH SEX
2015-2016,JAN,PAPER,DP-PRE,DP DENIED,REGULAR,,AFFIRMED,QUE,NOT APPLICABLE,FEDERAL,INDETERMINATE,MALE,WHITE,CAUCASIAN,SCHE 1 WITH SEX
2015-2016,FEB,PAPER,DP-PRE,DP DENIED,REGULAR,,AFFIRMED,ONT,NOT APPLICABLE,FEDERAL,INDETERMINATE,MALE,WHITE,CAUCASIAN,SCHE 1 WITH SEX
2015-2016,AUG,PAPER,DP-PRE,DP DENIED,REGULAR,,AFFIRMED,PAC,NOT APPLICABLE,FEDERAL,INDETERMINATE,MALE,WHITE,CAUCASIAN,SCHE 1 WITH SEX
2015-2016,FEB,PAPER,DP-PRE,DP DENIED,REGULAR,,AFFIRMED,ONT,NOT APPLICABLE,FEDERAL,INDETERMINATE,MALE,WHITE,CAUCASIAN,SCHE 1 W/O SEX
2015-2016,JAN,PAPER,DP-PRE,DP DENIED,REGULAR,,AFFIRMED,QUE,NOT APPLICABLE,FEDERAL,INDETERMINATE,MALE,WHITE,CAUCASIAN,SCHE 1 W/O SEX
2015-2016,FEB,PAPER,DP-PRE,DP DENIED,REGULAR,,AFFIRMED,QUE,NOT APPLICABLE,FEDERAL,INDETERMINATE,MALE,WHITE,CAUCASIAN,MURDER 2
2015-2016,AUG,PAPER,DP-PRE,DP DENIED,REGULAR,,AFFIRMED,QUE,NOT APPLICABLE,FEDERAL,INDETERMINATE,MALE,WHITE,CAUCASIAN,MURDER 2
2015-2016,SEP,PAPER,DP-PRE,DP DENIED,REGULAR,,AFFIRMED,QUE,NOT APPLICABLE,FEDERAL,INDETERMINATE,MALE,WHITE,CAUCASIAN,MURDER 2
2015-2016,AUG,PAPER,DP-PRE,DP DENIED,REGULAR,,AFFIRMED,ONT,NOT APPLICABLE,FEDERAL,INDETERMINATE,MALE,WHITE,CAUCASIAN,MURDER 2
2015-2016,APR,PAPER,DP-PRE,DP DENIED,REGULAR,,AFFIRMED,QUE,NOT APPLICABLE,FEDERAL,INDETERMINATE,MALE,WHITE,CAUCASIAN,MURDER 2
2015-2016,JAN,PAPER,DP-PRE,DP DENIED,REGULAR,,AFFIRMED,QUE,NOT APPLICABLE,FEDERAL,INDETERMINATE,MALE,WHITE,CAUCASIAN,MURDER 2
2015-2016,NOV,PAPER,DP-PRE,DP DENIED,REGULAR,,AFFIRMED,QUE,NOT APPLICABLE,FEDERAL,INDETERMINATE,MALE,WHITE,CAUCASIAN,MURDER 2
2015-2016,APR,PAPER,DP-PRE,DP DENIED,REGULAR,,AFFIRMED,QUE,NOT APPLICABLE,FEDERAL,INDETERMINATE,MALE,WHITE,CAUCASIAN,MURDER 1
2015-2016,OCT,PAPER,DP-PRE,DP DENIED,REGULAR,,AFFIRMED,PRA,SASKATOON,FEDERAL,INDETERMINATE,MALE,WHITE,CAUCASIAN,MURDER 1
2015-2016,MAR,PAPER,DP-PRE,DP DENIED,REGULAR,,AFFIRMED,ONT,NOT APPLICABLE,FEDERAL,INDETERMINATE,MALE,WHITE,CAUCASIAN,MURDER 2
2015-2016,APR,PAPER,DP-PRE,DP DENIED,REGULAR,,AFFIRMED,PAC,NOT APPLICABLE,FEDERAL,INDETERMINATE,MALE,WHITE,CAUCASIAN,MURDER 2
2015-2016,JUN,PAPER,DP-PRE,DP DENIED,REGULAR,,AFFIRMED,PRA,EDMONTON,FEDERAL,INDETERMINATE,MALE,WHITE,CAUCASIAN,MURDER 2
2015-2016,OCT,PAPER,DP-PRE,DP DENIED,REGULAR,,AFFIRMED,QUE,NOT APPLICABLE,FEDERAL,INDETERMINATE,MALE,WHITE,CAUCASIAN,MURDER 2
2015-2016,JUL,PAPER,DP-PRE,DP DENIED,REGULAR,,AFFIRMED,QUE,NOT APPLICABLE,FEDERAL,INDETERMINATE,MALE,WHITE,CAUCASIAN,MURDER 2
2015-2016,JAN,PAPER,DP-PRE,DP DENIED,REGULAR,,AFFIRMED,PAC,NOT APPLICABLE,FEDERAL,INDETERMINATE,MALE,WHITE,CAUCASIAN,MURDER 1
2015-2016,MAR,PAPER,DP-PRE,DP DENIED,REGULAR,,AFFIRMED,PRA,SASKATOON,FEDERAL,INDETERMINATE,MALE,WHITE,CAUCASIAN,MURDER 2
2015-2016,OCT,PAPER,DP-PRE,DP DENIED,REGULAR,,AFFIRMED,PAC,NOT APPLICABLE,FEDERAL,INDETERMINATE,MALE,WHITE,CAUCASIAN,MURDER 2
2015-2016,NOV,PAPER,DP-PRE,DP DENIED,REGULAR,,AFFIRMED,PAC,NOT APPLICABLE,FEDERAL,INDETERMINATE,MALE,WHITE,CAUCASIAN,MURDER 2
2015-2016,SEP,PAPER,DP-PRE,DP DENIED,REGULAR,,AFFIRMED,QUE,NOT APPLICABLE,FEDERAL,DETERMINATE,MALE,METIS,ABORIGINAL,SCHEDULE 2
2015-2016,OCT,PAPER,DP-PRE,DP DENIED,REGULAR,,AFFIRMED,PRA,EDMONTON,FEDERAL,DETERMINATE,MALE,METIS,ABORIGINAL,SCHE 1 WITH SEX
2015-2016,JAN,PAPER,DP-PRE,DP DENIED,REGULAR,,AFFIRMED,QUE,NOT APPLICABLE,FEDERAL,DETERMINATE,MALE,METIS,ABORIGINAL,SCHE 1 WITH SEX
2015-2016,OCT,PAPER,DP-PRE,DP DENIED,REGULAR,,AFFIRMED,PRA,EDMONTON,FEDERAL,DETERMINATE,MALE,METIS,ABORIGINAL,SCHEDULE 2
2015-2016,SEP,PAPER,DP-PRE,DP DENIED,REGULAR,,AFFIRMED,QUE,NOT APPLICABLE,FEDERAL,DETERMINATE,MALE,METIS,ABORIGINAL,SCHE 1 W/O SEX
2015-2016,MAY,PAPER,DP-PRE,DP DENIED,REGULAR,,AFFIRMED,PRA,SASKATOON,FEDERAL,DETERMINATE,MALE,METIS,ABORIGINAL,SCHE 1 W/O SEX
2015-2016,JAN,PAPER,DP-PRE,DP DENIED,REGULAR,,AFFIRMED,PRA,SASKATOON,FEDERAL,DETERMINATE,MALE,METIS,ABORIGINAL,SCHEDULE 2
2015-2016,NOV,PAPER,DP-PRE,DP DENIED,REGULAR,,AFFIRMED,QUE,NOT APPLICABLE,FEDERAL,DETERMINATE,MALE,METIS,ABORIGINAL,SCHE 1 WITH SEX
2015-2016,DEC,PAPER,DP-PRE,DP DENIED,REGULAR,,AFFIRMED,ONT,NOT APPLICABLE,FEDERAL,INDETERMINATE,MALE,METIS,ABORIGINAL,SCHE 1 WITH SEX
2015-2016,MAY,PAPER,DP-PRE,DP DENIED,REGULAR,,AFFIRMED,ONT,NOT APPLICABLE,FEDERAL,INDETERMINATE,MALE,METIS,ABORIGINAL,SCHE 1 W/O SEX
2015-2016,JUN,PAPER,DP-PRE,DP DENIED,REGULAR,,AFFIRMED,QUE,NOT APPLICABLE,FEDERAL,INDETERMINATE,MALE,METIS,ABORIGINAL,MURDER 1
2015-2016,SEP,PAPER,DP-PRE,DP DENIED,REGULAR,,AFFIRMED,QUE,NOT APPLICABLE,FEDERAL,INDETERMINATE,MALE,METIS,ABORIGINAL,MURDER 2
2015-2016,APR,PAPER,DP-PRE,DP DENIED,REGULAR,,AFFIRMED,QUE,NOT APPLICABLE,FEDERAL,INDETERMINATE,MALE,METIS,ABORIGINAL,MURDER 2
2015-2016,JUN,PAPER,DP-PRE,DP DENIED,REGULAR,,AFFIRMED,PAC,NOT APPLICABLE,FEDERAL,INDETERMINATE,MALE,METIS,ABORIGINAL,MURDER 1
2015-2016,NOV,PAPER,DP-PRE,DP DENIED,REGULAR,,AFFIRMED,PRA,SASKATOON,FEDERAL,DETERMINATE,MALE,NORTH AMERICAN,ABORIGINAL,SCHEDULE 2
2015-2016,NOV,PAPER,DP-PRE,DP DENIED,REGULAR,,AFFIRMED,PAC,NOT APPLICABLE,FEDERAL,DETERMINATE,MALE,NORTH AMERICAN,ABORIGINAL,SCHE 1 W/O SEX
2015-2016,AUG,PAPER,DP-PRE,DP DENIED,REGULAR,,AFFIRMED,PAC,NOT APPLICABLE,FEDERAL,DETERMINATE,MALE,NORTH AMERICAN,ABORIGINAL,SCHEDULE 2
2015-2016,JAN,PAPER,DP-PRE,DP DENIED,REGULAR,,AFFIRMED,ONT,NOT APPLICABLE,FEDERAL,DETERMINATE,MALE,NORTH AMERICAN,ABORIGINAL,SCHEDULE 2
2015-2016,OCT,PAPER,DP-PRE,DP DENIED,REGULAR,,AFFIRMED,PRA,EDMONTON,FEDERAL,DETERMINATE,MALE,NORTH AMERICAN,ABORIGINAL,SCHEDULE 2
2015-2016,APR,PAPER,DP-PRE,DP DENIED,REGULAR,,AFFIRMED,PRA,SASKATOON,FEDERAL,DETERMINATE,MALE,NORTH AMERICAN,ABORIGINAL,NON SCHEDULE
2015-2016,JAN,PAPER,DP-PRE,DP DENIED,REGULAR,,AFFIRMED,PRA,SASKATOON,FEDERAL,INDETERMINATE,MALE,NORTH AMERICAN,ABORIGINAL,NON SCHEDULE
2015-2016,JAN,PAPER,DP-PRE,DP DENIED,REGULAR,,AFFIRMED,ONT,NOT APPLICABLE,FEDERAL,INDETERMINATE,MALE,NORTH AMERICAN,ABORIGINAL,SCHE 1 W/O SEX
2015-2016,MAY,PAPER,DP-PRE,DP DENIED,REGULAR,,AFFIRMED,PRA,SASKATOON,FEDERAL,INDETERMINATE,MALE,NORTH AMERICAN,ABORIGINAL,NON SCHEDULE
2015-2016,SEP,PAPER,DP-PRE,DP DENIED,REGULAR,,AFFIRMED,PAC,NOT APPLICABLE,FEDERAL,INDETERMINATE,MALE,NORTH AMERICAN,ABORIGINAL,MURDER 2
2015-2016,JUN,PAPER,DP-PRE,DP DENIED,REGULAR,,AFFIRMED,QUE,NOT APPLICABLE,FEDERAL,DETERMINATE,MALE,LATIN AMERICAN,OTHER/UNKNOWN,SCHEDULE 2
2015-2016,DEC,PAPER,DP-PRE,DP DENIED,REGULAR,,AFFIRMED,PAC,NOT APPLICABLE,FEDERAL,INDETERMINATE,MALE,S. E. ASIAN,ASIAN,MURDER 2
2015-2016,OCT,PAPER,DP-PRE,DP DENIED,REGULAR,,AFFIRMED,QUE,NOT APPLICABLE,FEDERAL,DETERMINATE,MALE,SUB-SAHARA AFRI,BLACK,SCHE 1 W/O SEX
2015-2016,MAY,PAPER,DP-PRE,DP DENIED,REGULAR,,AFFIRMED,QUE,NOT APPLICABLE,FEDERAL,DETERMINATE,MALE,ARAB,ASIAN,SCHE 1 W/O SEX
2015-2016,JUN,PAPER,DP-PRE,DP DENIED,REGULAR,,AFFIRMED,ONT,NOT APPLICABLE,FEDERAL,DETERMINATE,MALE,ARAB,ASIAN,SCHE 1 W/O SEX
2015-2016,NOV,PAPER,DP-PRE,DP DENIED,REGULAR,,AFFIRMED,PRA,EDMONTON,FEDERAL,DETERMINATE,MALE,ARAB,ASIAN,SCHEDULE 2
2015-2016,MAR,PAPER,DP-PRE,DP DENIED,REGULAR,,AFFIRMED,PAC,NOT APPLICABLE,FEDERAL,DETERMINATE,MALE,ASI-E/SOUTHEAST,ASIAN,SCHEDULE 2
2015-2016,MAR,PAPER,DP-PRE,DP DENIED,REGULAR,,AFFIRMED,ONT,NOT APPLICABLE,FEDERAL,DETERMINATE,MALE,ASIAN-SOUTH,ASIAN,SCHEDULE 2
2015-2016,OCT,PAPER,DP-PRE,DP DENIED,REGULAR,,AFFIRMED,PAC,NOT APPLICABLE,FEDERAL,DETERMINATE,MALE,EURO.-WESTERN,CAUCASIAN,SCHE 1 W/O SEX
2015-2016,DEC,PAPER,DP-PRE,DP DENIED,REGULAR,,AFFIRMED,PAC,NOT APPLICABLE,FEDERAL,DETERMINATE,MALE,MULTIRAC/ETHNIC,OTHER/UNKNOWN,SCHE 1 W/O SEX
2015-2016,FEB,PAPER,DP-PRE,DP DENIED,REGULAR,,AFFIRMED,PRA,EDMONTON,FEDERAL,DETERMINATE,MALE,OCEANIA,OTHER/UNKNOWN,SCHE 1 W/O SEX
2015-2016,NOV,PAPER,DP-PRE,DP DENIED,REGULAR,,AFFIRMED,QUE,NOT APPLICABLE,FEDERAL,DETERMINATE,MALE,UNABLE SPECIFY,OTHER/UNKNOWN,SCHEDULE 2
2015-2016,JAN,PAPER,DP-PRE,DP DENIED,REGULAR,,PAN.HEAR.ORDER.,ONT,NOT APPLICABLE,FEDERAL,DETERMINATE,MALE,BLACK,BLACK,SCHEDULE 2
2015-2016,MAR,PAPER,DP-PRE,DP DENIED,REGULAR,,PAN.HEAR.ORDER.,ONT,NOT APPLICABLE,FEDERAL,DETERMINATE,MALE,BLACK,BLACK,SCHE 1 W/O SEX
2015-2016,DEC,PAPER,DP-PRE,DP DENIED,REGULAR,,PAN.HEAR.ORDER.,ONT,NOT APPLICABLE,FEDERAL,DETERMINATE,MALE,BLACK,BLACK,NON SCHEDULE
2015-2016,NOV,PAPER,DP-PRE,DP DENIED,REGULAR,,PAN.HEAR.ORDER.,ONT,NOT APPLICABLE,FEDERAL,DETERMINATE,MALE,BLACK,BLACK,NON SCHEDULE
2015-2016,FEB,PAPER,DP-PRE,DP DENIED,REGULAR,,PAN.HEAR.ORDER.,ONT,NOT APPLICABLE,FEDERAL,INDETERMINATE,MALE,BLACK,BLACK,SCHE 1 W/O SEX
2015-2016,JAN,PAPER,DP-PRE,DP DENIED,REGULAR,,PAN.HEAR.ORDER.,ONT,NOT APPLICABLE,FEDERAL,DETERMINATE,MALE,WHITE,CAUCASIAN,NON SCHEDULE
2015-2016,AUG,PAPER,DP-PRE,DP DENIED,REGULAR,,PAN.HEAR.ORDER.,QUE,NOT APPLICABLE,FEDERAL,DETERMINATE,MALE,WHITE,CAUCASIAN,NON SCHEDULE
2015-2016,JUN,PAPER,DP-PRE,DP DENIED,REGULAR,,PAN.HEAR.ORDER.,PAC,NOT APPLICABLE,FEDERAL,DETERMINATE,MALE,WHITE,CAUCASIAN,NON SCHEDULE
2015-2016,FEB,PAPER,DP-PRE,DP DENIED,REGULAR,,PAN.HEAR.ORDER.,QUE,NOT APPLICABLE,FEDERAL,DETERMINATE,MALE,WHITE,CAUCASIAN,SCHEDULE 2
2015-2016,NOV,PAPER,DP-PRE,DP DENIED,REGULAR,,PAN.HEAR.ORDER.,PRA,SASKATOON,FEDERAL,DETERMINATE,FEMALE,WHITE,CAUCASIAN,SCHEDULE 2
2015-2016,DEC,PAPER,DP-PRE,DP DENIED,REGULAR,,PAN.HEAR.ORDER.,ONT,NOT APPLICABLE,FEDERAL,DETERMINATE,MALE,WHITE,CAUCASIAN,SCHEDULE 2
2015-2016,SEP,PAPER,DP-PRE,DP DENIED,REGULAR,,PAN.HEAR.ORDER.,PAC,NOT APPLICABLE,FEDERAL,INDETERMINATE,MALE,WHITE,CAUCASIAN,MURDER 2
2015-2016,MAR,PAPER,DP-PRE,DP DENIED,REGULAR,,PAN.HEAR.ORDER.,ONT,NOT APPLICABLE,FEDERAL,INDETERMINATE,MALE,WHITE,CAUCASIAN,MURDER 1
2015-2016,JAN,PAPER,DP-PRE,DP DENIED,REGULAR,,PAN.HEAR.ORDER.,PRA,EDMONTON,FEDERAL,DETERMINATE,MALE,NORTH AMERICAN,ABORIGINAL,SCHE 1 W/O SEX
2015-2016,NOV,PAPER,DP-PRE,DP DENIED,REGULAR,,PAN.HEAR.ORDER.,PRA,SASKATOON,FEDERAL,DETERMINATE,MALE,NORTH AMERICAN,ABORIGINAL,NON SCHEDULE
2015-2016,MAR,PAPER,DP-PRE,DP DENIED,REGULAR,,PAN.HEAR.ORDER.,PRA,EDMONTON,FEDERAL,DETERMINATE,MALE,LATIN AMERICAN,OTHER/UNKNOWN,SCHEDULE 2
2015-2016,NOV,PAPER,DP-PRE,DP DENIED,REGULAR,,REVIEW ORDERED,PRA,SASKATOON,PROVINCIAL,DETERMINATE,MALE,WHITE,CAUCASIAN,SCHEDULE 2
2015-2016,JUN,PAPER,DP-PRE,DP NO ACTION,REGULAR,,REVIEW ORDERED,PAC,NOT APPLICABLE,FEDERAL,DETERMINATE,MALE,WHITE,CAUCASIAN,SCHEDULE 2
2015-2016,OCT,PAPER,DP-PRE,DP.GT.CANC.CONF,REGULAR,,AFFIRMED,ONT,NOT APPLICABLE,FEDERAL,DETERMINATE,MALE,ASIAN-SOUTH,ASIAN,NON SCHEDULE
2015-2016,MAR,PAPER,DP-POST,DP REVOKED,REGULAR,,AFFIRMED,QUE,NOT APPLICABLE,FEDERAL,DETERMINATE,MALE,BLACK,BLACK,SCHE 1 W/O SEX
2015-2016,SEP,PAPER,DP-POST,DP REVOKED,REGULAR,,AFFIRMED,PAC,NOT APPLICABLE,FEDERAL,DETERMINATE,MALE,WHITE,CAUCASIAN,NON SCHEDULE
2015-2016,SEP,PAPER,DP-POST,DP REVOKED,REGULAR,,AFFIRMED,ONT,NOT APPLICABLE,FEDERAL,DETERMINATE,FEMALE,WHITE,CAUCASIAN,SCHEDULE 2
2015-2016,SEP,PAPER,DP-POST,DP REVOKED,REGULAR,,AFFIRMED,QUE,NOT APPLICABLE,FEDERAL,DETERMINATE,MALE,WHITE,CAUCASIAN,NON SCHEDULE
2015-2016,APR,PAPER,DP-POST,DP REVOKED,REGULAR,,AFFIRMED,PRA,SASKATOON,FEDERAL,DETERMINATE,MALE,WHITE,CAUCASIAN,SCHE 1 W/O SEX
2015-2016,NOV,PAPER,DP-POST,DP REVOKED,REGULAR,,AFFIRMED,QUE,NOT APPLICABLE,FEDERAL,DETERMINATE,MALE,WHITE,CAUCASIAN,SCHE 1 W/O SEX
2015-2016,NOV,PAPER,DP-POST,DP REVOKED,REGULAR,,AFFIRMED,QUE,NOT APPLICABLE,FEDERAL,DETERMINATE,FEMALE,WHITE,CAUCASIAN,SCHE 1 W/O SEX
2015-2016,AUG,PAPER,DP-POST,DP REVOKED,REGULAR,,AFFIRMED,ATL,NOT APPLICABLE,FEDERAL,DETERMINATE,MALE,WHITE,CAUCASIAN,NON SCHEDULE
2015-2016,MAR,PAPER,DP-POST,DP REVOKED,REGULAR,,AFFIRMED,QUE,NOT APPLICABLE,FEDERAL,DETERMINATE,MALE,WHITE,CAUCASIAN,SCHE 1 W/O SEX
2015-2016,NOV,PAPER,DP-POST,DP REVOKED,REGULAR,,AFFIRMED,QUE,NOT APPLICABLE,FEDERAL,DETERMINATE,MALE,WHITE,CAUCASIAN,SCHE 1 W/O SEX
2015-2016,SEP,PAPER,DP-POST,DP REVOKED,REGULAR,,AFFIRMED,ONT,NOT APPLICABLE,FEDERAL,INDETERMINATE,MALE,WHITE,CAUCASIAN,MURDER 2
2015-2016,JAN,PAPER,DP-POST,DP REVOKED,REGULAR,,AFFIRMED,ONT,NOT APPLICABLE,FEDERAL,INDETERMINATE,MALE,WHITE,CAUCASIAN,MURDER 2
2015-2016,MAY,PAPER,DP-POST,DP REVOKED,REGULAR,,AFFIRMED,PAC,NOT APPLICABLE,FEDERAL,INDETERMINATE,MALE,WHITE,CAUCASIAN,MURDER 2
2015-2016,AUG,PAPER,DP-POST,DP REVOKED,REGULAR,,AFFIRMED,QUE,NOT APPLICABLE,FEDERAL,INDETERMINATE,MALE,WHITE,CAUCASIAN,MURDER 2
2015-2016,JAN,PAPER,DP-POST,DP REVOKED,REGULAR,,AFFIRMED,QUE,NOT APPLICABLE,FEDERAL,DETERMINATE,MALE,METIS,ABORIGINAL,SCHE 1 W/O SEX
2015-2016,JAN,PAPER,DP-POST,DP REVOKED,REGULAR,,AFFIRMED,PAC,NOT APPLICABLE,FEDERAL,INDETERMINATE,MALE,METIS,ABORIGINAL,MURDER 2
2015-2016,NOV,PAPER,DP-POST,DP REVOKED,REGULAR,,AFFIRMED,PRA,SASKATOON,FEDERAL,DETERMINATE,MALE,NORTH AMERICAN,ABORIGINAL,NON SCHEDULE
2015-2016,JUN,PAPER,DP-POST,DP REVOKED,REGULAR,,AFFIRMED,ONT,NOT APPLICABLE,FEDERAL,INDETERMINATE,FEMALE,NORTH AMERICAN,ABORIGINAL,MURDER 2
2015-2016,JAN,PAPER,DP-POST,DP REVOKED,REGULAR,,PAN.HEAR.ORDER.,ONT,NOT APPLICABLE,FEDERAL,DETERMINATE,MALE,BLACK,BLACK,SCHE 1 W/O SEX
2015-2016,MAR,PAPER,DP-POST,DP REVOKED,REGULAR,,PAN.HEAR.ORDER.,PAC,NOT APPLICABLE,FEDERAL,INDETERMINATE,MALE,BLACK,BLACK,MURDER 2
2015-2016,DEC,PAPER,DP-POST,DP REVOKED,REGULAR,,PAN.HEAR.ORDER.,ATL,NOT APPLICABLE,FEDERAL,DETERMINATE,MALE,WHITE,CAUCASIAN,SCHE 1 W/O SEX
2015-2016,MAR,PAPER,DP-POST,DP REVOKED,REGULAR,,PAN.HEAR.ORDER.,ONT,NOT APPLICABLE,FEDERAL,DETERMINATE,MALE,WHITE,CAUCASIAN,SCHE 1 W/O SEX
2015-2016,NOV,PAPER,DP-POST,DP REVOKED,REGULAR,,PAN.HEAR.ORDER.,PRA,EDMONTON,FEDERAL,DETERMINATE,MALE,WHITE,CAUCASIAN,SCHE 1 W/O SEX
2015-2016,NOV,PAPER,DP-POST,DP REVOKED,REGULAR,,PAN.HEAR.ORDER.,PRA,SASKATOON,FEDERAL,DETERMINATE,MALE,WHITE,CAUCASIAN,NON SCHEDULE
2015-2016,DEC,PAPER,DP-POST,DP REVOKED,REGULAR,,PAN.HEAR.ORDER.,ONT,NOT APPLICABLE,FEDERAL,DETERMINATE,MALE,WHITE,CAUCASIAN,SCHE 1 W/O SEX
2015-2016,NOV,PAPER,DP-POST,DP REVOKED,REGULAR,,PAN.HEAR.ORDER.,ATL,NOT APPLICABLE,FEDERAL,DETERMINATE,FEMALE,WHITE,CAUCASIAN,NON SCHEDULE
2015-2016,JAN,PAPER,DP-POST,DP REVOKED,REGULAR,,PAN.HEAR.ORDER.,PRA,EDMONTON,FEDERAL,DETERMINATE,MALE,WHITE,CAUCASIAN,SCHE 1 W/O SEX
2015-2016,MAR,PAPER,DP-POST,DP REVOKED,REGULAR,,PAN.HEAR.ORDER.,ATL,NOT APPLICABLE,FEDERAL,DETERMINATE,MALE,WHITE,CAUCASIAN,NON SCHEDULE
2015-2016,MAR,PAPER,DP-POST,DP REVOKED,REGULAR,,PAN.HEAR.ORDER.,PRA,EDMONTON,FEDERAL,DETERMINATE,MALE,WHITE,CAUCASIAN,SCHE 1 W/O SEX
2015-2016,FEB,PAPER,DP-POST,DP REVOKED,REGULAR,,PAN.HEAR.ORDER.,QUE,NOT APPLICABLE,FEDERAL,DETERMINATE,MALE,WHITE,CAUCASIAN,SCHEDULE 2
2015-2016,MAR,PAPER,DP-POST,DP REVOKED,REGULAR,,PAN.HEAR.ORDER.,ONT,NOT APPLICABLE,FEDERAL,DETERMINATE,MALE,WHITE,CAUCASIAN,SCHEDULE 2
2015-2016,NOV,PAPER,DP-POST,DP REVOKED,REGULAR,,PAN.HEAR.ORDER.,ONT,NOT APPLICABLE,FEDERAL,INDETERMINATE,MALE,WHITE,CAUCASIAN,MURDER 2
2015-2016,JAN,PAPER,DP-POST,DP REVOKED,REGULAR,,PAN.HEAR.ORDER.,PAC,NOT APPLICABLE,FEDERAL,INDETERMINATE,MALE,WHITE,CAUCASIAN,MURDER 2
2015-2016,FEB,PAPER,DP-POST,DP REVOKED,REGULAR,,PAN.HEAR.ORDER.,PAC,NOT APPLICABLE,FEDERAL,INDETERMINATE,MALE,WHITE,CAUCASIAN,MURDER 2
2015-2016,DEC,PAPER,DP-POST,DP REVOKED,REGULAR,,PAN.HEAR.ORDER.,PAC,NOT APPLICABLE,FEDERAL,DETERMINATE,MALE,CHINESE,ASIAN,SCHE 1 W/O SEX
2015-2016,JAN,PAPER,UTA-PRE,UTA NOT AUTHOR.,REGULAR,,AFFIRMED,ATL,NOT APPLICABLE,FEDERAL,INDETERMINATE,MALE,WHITE,CAUCASIAN,MURDER 2
2015-2016,AUG,PAPER,UTA-PRE,UTA NOT AUTHOR.,REGULAR,,AFFIRMED,ONT,NOT APPLICABLE,FEDERAL,INDETERMINATE,MALE,WHITE,CAUCASIAN,MURDER 2
2015-2016,OCT,PAPER,UTA-PRE,UTA NOT AUTHOR.,REGULAR,,AFFIRMED,ONT,NOT APPLICABLE,FEDERAL,INDETERMINATE,MALE,WHITE,CAUCASIAN,MURDER 2
2015-2016,NOV,PAPER,UTA-PRE,UTA NOT AUTHOR.,REGULAR,,AFFIRMED,ATL,NOT APPLICABLE,FEDERAL,INDETERMINATE,MALE,WHITE,CAUCASIAN,MURDER 1
2015-2016,JUN,PAPER,UTA-PRE,UTA NOT AUTHOR.,REGULAR,,PAN.HEAR.ORDER.,QUE,NOT APPLICABLE,FEDERAL,INDETERMINATE,MALE,WHITE,CAUCASIAN,MURDER 2
2015-2016,FEB,PAPER,UTA-PRE,UTA NOT AUTHOR.,REGULAR,,PAN.HEAR.ORDER.,ONT,NOT APPLICABLE,FEDERAL,INDETERMINATE,MALE,WHITE,CAUCASIAN,MURDER 2
2015-2016,MAR,PAPER,UTA-PRE,UTA NOT AUTHOR.,REGULAR,,PAN.HEAR.ORDER.,ONT,NOT APPLICABLE,FEDERAL,INDETERMINATE,MALE,WHITE,CAUCASIAN,MURDER 2
2015-2016,MAR,PAPER,UTA-PRE,UTA NOT AUTHOR.,REGULAR,,AFFIRMED,ONT,NOT APPLICABLE,FEDERAL,DETERMINATE,MALE,WHITE,CAUCASIAN,SCHE 1 WITH SEX
2015-2016,JAN,PAPER,UTA-PRE,UTA NOT AUTHOR.,REGULAR,,AFFIRMED,ONT,NOT APPLICABLE,FEDERAL,DETERMINATE,MALE,WHITE,CAUCASIAN,SCHE 1 W/O SEX
2015-2016,MAR,PAPER,UTA-PRE,UTA NOT AUTHOR.,REGULAR,,AFFIRMED,QUE,NOT APPLICABLE,FEDERAL,INDETERMINATE,MALE,WHITE,CAUCASIAN,MURDER 1
2015-2016,NOV,PAPER,UTA-PRE,UTA NOT AUTHOR.,REGULAR,,AFFIRMED,ATL,NOT APPLICABLE,FEDERAL,INDETERMINATE,MALE,WHITE,CAUCASIAN,MURDER 1
2015-2016,JUL,PAPER,UTA-PRE,UTA NOT AUTHOR.,REGULAR,,AFFIRMED,QUE,NOT APPLICABLE,FEDERAL,INDETERMINATE,MALE,WHITE,CAUCASIAN,MURDER 1
2015-2016,MAY,PAPER,UTA-PRE,UTA NOT AUTHOR.,REGULAR,,AFFIRMED,ONT,NOT APPLICABLE,FEDERAL,INDETERMINATE,MALE,METIS,ABORIGINAL,SCHE 1 W/O SEX
2015-2016,MAY,PAPER,UTA-PRE,UTA NOT AUTHOR.,REGULAR,,AFFIRMED,ONT,NOT APPLICABLE,FEDERAL,INDETERMINATE,MALE,CARIBBEAN,BLACK,SCHE 1 W/O SEX
2015-2016,FEB,PAPER,UTA-PRE,UTA NOT AUTHOR.,REGULAR,,PAN.HEAR.ORDER.,ATL,NOT APPLICABLE,FEDERAL,INDETERMINATE,MALE,BLACK,BLACK,MURDER 2
2015-2016,MAR,PAPER,UTA-PRE,UTA NOT AUTHOR.,REGULAR,,PAN.HEAR.ORDER.,ONT,NOT APPLICABLE,FEDERAL,INDETERMINATE,MALE,WHITE,CAUCASIAN,MURDER 2
2015-2016,JUL,PAPER,UTA-PRE,UTA NOT AUTHOR.,REGULAR,,AFFIRMED,QUE,NOT APPLICABLE,FEDERAL,INDETERMINATE,MALE,WHITE,CAUCASIAN,MURDER 2
2015-2016,APR,PAPER,UTA-PRE,UTA NOT AUTHOR.,REGULAR,,AFFIRMED,PAC,NOT APPLICABLE,FEDERAL,INDETERMINATE,MALE,WHITE,CAUCASIAN,MURDER 2
2015-2016,MAR,PAPER,UTA-PRE,UTA NOT AUTHOR.,REGULAR,,AFFIRMED,QUE,NOT APPLICABLE,FEDERAL,INDETERMINATE,FEMALE,WHITE,CAUCASIAN,MURDER 2
2015-2016,JUN,PAPER,UTA-PRE,UTA NOT AUTHOR.,REGULAR,,PAN.HEAR.ORDER.,QUE,NOT APPLICABLE,FEDERAL,INDETERMINATE,MALE,WHITE,CAUCASIAN,MURDER 2
2015-2016,SEP,PAPER,UTA-PRE,UTA NOT AUTHOR.,REGULAR,,PAN.HEAR.ORDER.,QUE,NOT APPLICABLE,FEDERAL,INDETERMINATE,MALE,WHITE,CAUCASIAN,MURDER 2
2015-2016,SEP,PAPER,UTA-PRE,UTA NOT AUTHOR.,REGULAR,,PAN.HEAR.ORDER.,PAC,NOT APPLICABLE,FEDERAL,INDETERMINATE,MALE,WHITE,CAUCASIAN,MURDER 2
2015-2016,FEB,PAPER,UTA-PRE,UTA AUT.CAN.PRE,REGULAR,,PAN.HEAR.ORDER.,ONT,NOT APPLICABLE,FEDERAL,INDETERMINATE,MALE,WHITE,CAUCASIAN,MURDER 2
2015-2016,JAN,PAPER,UTA-POST,UTA AUTH.CAN.PT,REGULAR,,PAN.HEAR.ORDER.,ONT,NOT APPLICABLE,FEDERAL,INDETERMINATE,MALE,INUIT,ABORIGINAL,MURDER 2
2015-2016,OCT,PAPER,SR-POST,SR REVOKED,REGULAR,,AFFIRMED,ONT,NOT APPLICABLE,FEDERAL,DETERMINATE,MALE,BLACK,BLACK,SCHE 1 W/O SEX
2015-2016,JAN,PAPER,SR-POST,SR REVOKED,REGULAR,,AFFIRMED,QUE,NOT APPLICABLE,FEDERAL,DETERMINATE,MALE,BLACK,BLACK,SCHE 1 W/O SEX
2015-2016,JUN,PAPER,SR-POST,SR REVOKED,REGULAR,,AFFIRMED,PAC,NOT APPLICABLE,FEDERAL,DETERMINATE,MALE,BLACK,BLACK,SCHE 1 W/O SEX
2015-2016,APR,PAPER,SR-POST,SR REVOKED,REGULAR,,AFFIRMED,QUE,NOT APPLICABLE,FEDERAL,DETERMINATE,MALE,BLACK,BLACK,SCHE 1 W/O SEX
2015-2016,NOV,PAPER,SR-POST,SR REVOKED,REGULAR,,AFFIRMED,QUE,NOT APPLICABLE,FEDERAL,DETERMINATE,MALE,BLACK,BLACK,SCHE 1 W/O SEX
2015-2016,JUN,PAPER,SR-POST,SR REVOKED,REGULAR,,AFFIRMED,PRA,EDMONTON,FEDERAL,DETERMINATE,MALE,BLACK,BLACK,SCHEDULE 2
2015-2016,MAY,PAPER,SR-POST,SR REVOKED,REGULAR,,AFFIRMED,QUE,NOT APPLICABLE,FEDERAL,DETERMINATE,MALE,WHITE,CAUCASIAN,SCHE 1 W/O SEX
2015-2016,JUN,PAPER,SR-POST,SR REVOKED,REGULAR,,AFFIRMED,QUE,NOT APPLICABLE,FEDERAL,DETERMINATE,MALE,WHITE,CAUCASIAN,SCHE 1 W/O SEX
2015-2016,DEC,PAPER,SR-POST,SR REVOKED,REGULAR,,AFFIRMED,QUE,NOT APPLICABLE,FEDERAL,DETERMINATE,MALE,WHITE,CAUCASIAN,SCHE 1 W/O SEX
2015-2016,NOV,PAPER,SR-POST,SR REVOKED,REGULAR,,AFFIRMED,QUE,NOT APPLICABLE,FEDERAL,DETERMINATE,MALE,WHITE,CAUCASIAN,SCHE 1 W/O SEX
2015-2016,MAR,PAPER,SR-POST,SR REVOKED,REGULAR,,AFFIRMED,QUE,NOT APPLICABLE,FEDERAL,DETERMINATE,MALE,WHITE,CAUCASIAN,SCHEDULE 2
2015-2016,JUN,PAPER,SR-POST,SR REVOKED,REGULAR,,AFFIRMED,PRA,EDMONTON,FEDERAL,DETERMINATE,MALE,WHITE,CAUCASIAN,SCHE 1 W/O SEX
2015-2016,OCT,PAPER,SR-POST,SR REVOKED,REGULAR,,AFFIRMED,PRA,EDMONTON,FEDERAL,DETERMINATE,MALE,WHITE,CAUCASIAN,SCHE 1 W/O SEX
2015-2016,JUN,PAPER,SR-POST,SR REVOKED,REGULAR,,AFFIRMED,QUE,NOT APPLICABLE,FEDERAL,DETERMINATE,MALE,WHITE,CAUCASIAN,SCHE 1 W/O SEX
2015-2016,AUG,PAPER,SR-POST,SR REVOKED,REGULAR,,AFFIRMED,PAC,NOT APPLICABLE,FEDERAL,DETERMINATE,MALE,WHITE,CAUCASIAN,SCHE 1 W/O SEX
2015-2016,AUG,PAPER,SR-POST,SR REVOKED,REGULAR,,AFFIRMED,QUE,NOT APPLICABLE,FEDERAL,DETERMINATE,MALE,WHITE,CAUCASIAN,SCHE 1 W/O SEX
2015-2016,AUG,PAPER,SR-POST,SR REVOKED,REGULAR,,AFFIRMED,ONT,NOT APPLICABLE,FEDERAL,DETERMINATE,MALE,WHITE,CAUCASIAN,NON SCHEDULE
2015-2016,NOV,PAPER,SR-POST,SR REVOKED,REGULAR,,AFFIRMED,ONT,NOT APPLICABLE,FEDERAL,DETERMINATE,MALE,WHITE,CAUCASIAN,SCHE 1 W/O SEX
2015-2016,MAR,PAPER,SR-POST,SR REVOKED,REGULAR,,AFFIRMED,QUE,NOT APPLICABLE,FEDERAL,DETERMINATE,MALE,WHITE,CAUCASIAN,SCHE 1 W/O SEX
2015-2016,DEC,PAPER,SR-POST,SR REVOKED,REGULAR,,AFFIRMED,QUE,NOT APPLICABLE,FEDERAL,DETERMINATE,MALE,WHITE,CAUCASIAN,SCHE 1 W/O SEX
2015-2016,SEP,PAPER,SR-POST,SR REVOKED,REGULAR,,AFFIRMED,QUE,NOT APPLICABLE,FEDERAL,DETERMINATE,MALE,WHITE,CAUCASIAN,SCHE 1 W/O SEX
2015-2016,DEC,PAPER,SR-POST,SR REVOKED,REGULAR,,AFFIRMED,ONT,NOT APPLICABLE,FEDERAL,DETERMINATE,MALE,WHITE,CAUCASIAN,SCHEDULE 2
2015-2016,JUN,PAPER,SR-POST,SR REVOKED,REGULAR,,AFFIRMED,ONT,NOT APPLICABLE,FEDERAL,DETERMINATE,MALE,WHITE,CAUCASIAN,NON SCHEDULE
2015-2016,JAN,PAPER,SR-POST,SR REVOKED,REGULAR,,AFFIRMED,ONT,NOT APPLICABLE,FEDERAL,DETERMINATE,MALE,WHITE,CAUCASIAN,NON SCHEDULE
2015-2016,MAR,PAPER,SR-POST,SR REVOKED,REGULAR,,AFFIRMED,PAC,NOT APPLICABLE,FEDERAL,DETERMINATE,MALE,WHITE,CAUCASIAN,SCHE 1 W/O SEX
2015-2016,DEC,PAPER,SR-POST,SR REVOKED,REGULAR,,AFFIRMED,QUE,NOT APPLICABLE,FEDERAL,DETERMINATE,MALE,WHITE,CAUCASIAN,SCHE 1 W/O SEX
2015-2016,JUN,PAPER,SR-POST,SR REVOKED,REGULAR,,AFFIRMED,PAC,NOT APPLICABLE,FEDERAL,DETERMINATE,MALE,WHITE,CAUCASIAN,NON SCHEDULE
2015-2016,AUG,PAPER,SR-POST,SR REVOKED,REGULAR,,AFFIRMED,QUE,NOT APPLICABLE,FEDERAL,DETERMINATE,MALE,METIS,ABORIGINAL,SCHE 1 WITH SEX
2015-2016,JUN,PAPER,SR-POST,SR REVOKED,REGULAR,,AFFIRMED,ONT,NOT APPLICABLE,FEDERAL,DETERMINATE,MALE,NORTH AMERICAN,ABORIGINAL,SCHE 1 W/O SEX
2015-2016,DEC,PAPER,SR-POST,SR REVOKED,REGULAR,,AFFIRMED,PRA,EDMONTON,FEDERAL,DETERMINATE,MALE,NORTH AMERICAN,ABORIGINAL,SCHE 1 W/O SEX
2015-2016,MAR,PAPER,SR-POST,SR REVOKED,REGULAR,,PAN.HEAR.ORDER.,ONT,NOT APPLICABLE,FEDERAL,DETERMINATE,MALE,WHITE,CAUCASIAN,SCHE 1 W/O SEX
2015-2016,MAR,PAPER,SR-POST,SR REVOKED,REGULAR,,PAN.HEAR.ORDER.,ONT,NOT APPLICABLE,FEDERAL,DETERMINATE,MALE,WHITE,CAUCASIAN,SCHE 1 W/O SEX
2015-2016,AUG,PAPER,SR-POST,SR REVOKED,REGULAR,,PAN.HEAR.ORDER.,PAC,NOT APPLICABLE,FEDERAL,DETERMINATE,MALE,WHITE,CAUCASIAN,SCHE 1 W/O SEX
2015-2016,JAN,PAPER,SR-POST,SR REVOKED,REGULAR,,PAN.HEAR.ORDER.,ONT,NOT APPLICABLE,FEDERAL,DETERMINATE,MALE,WHITE,CAUCASIAN,SCHE 1 W/O SEX
2015-2016,JAN,PAPER,SR-POST,SR REVOKED,REGULAR,,PAN.HEAR.ORDER.,PAC,NOT APPLICABLE,FEDERAL,DETERMINATE,MALE,WHITE,CAUCASIAN,SCHE 1 W/O SEX
2015-2016,DEC,PAPER,SR-POST,SR REVOKED,REGULAR,,PAN.HEAR.ORDER.,ATL,NOT APPLICABLE,FEDERAL,DETERMINATE,MALE,WHITE,CAUCASIAN,SCHE 1 W/O SEX
2015-2016,DEC,PAPER,SR-POST,SR REVOKED,REGULAR,,PAN.HEAR.ORDER.,QUE,NOT APPLICABLE,FEDERAL,DETERMINATE,MALE,WHITE,CAUCASIAN,SCHE 1 W/O SEX
2015-2016,DEC,PAPER,SR-POST,SR REVOKED,REGULAR,,PAN.HEAR.ORDER.,PRA,EDMONTON,FEDERAL,DETERMINATE,MALE,WHITE,CAUCASIAN,SCHE 1 W/O SEX
2015-2016,DEC,PAPER,SR-POST,SR REVOKED,REGULAR,,PAN.HEAR.ORDER.,ATL,NOT APPLICABLE,FEDERAL,DETERMINATE,MALE,WHITE,CAUCASIAN,NON SCHEDULE
2015-2016,DEC,PAPER,SR-POST,SR REVOKED,REGULAR,,PAN.HEAR.ORDER.,ONT,NOT APPLICABLE,FEDERAL,DETERMINATE,MALE,WHITE,CAUCASIAN,NON SCHEDULE
2015-2016,DEC,PAPER,SR-POST,SR REVOKED,REGULAR,,PAN.HEAR.ORDER.,ATL,NOT APPLICABLE,FEDERAL,DETERMINATE,MALE,WHITE,CAUCASIAN,SCHE 1 W/O SEX
2015-2016,OCT,PAPER,SR-POST,SR REVOKED,REGULAR,,PAN.HEAR.ORDER.,ONT,NOT APPLICABLE,FEDERAL,DETERMINATE,MALE,WHITE,CAUCASIAN,SCHE 1 WITH SEX
2015-2016,MAR,PAPER,SR-POST,SR REVOKED,REGULAR,,PAN.HEAR.ORDER.,PRA,SASKATOON,FEDERAL,DETERMINATE,MALE,METIS,ABORIGINAL,SCHE 1 W/O SEX
2015-2016,MAR,PAPER,SR-POST,SR REVOKED,REGULAR,,PAN.HEAR.ORDER.,PRA,SASKATOON,FEDERAL,DETERMINATE,MALE,METIS,ABORIGINAL,SCHE 1 WITH SEX
2015-2016,DEC,PAPER,SR-POST,SR REVOKED,REGULAR,,PAN.HEAR.ORDER.,PAC,NOT APPLICABLE,FEDERAL,DETERMINATE,MALE,METIS,ABORIGINAL,NON SCHEDULE
2015-2016,NOV,PAPER,SR-POST,SR REVOKED,REGULAR,,PAN.HEAR.ORDER.,ONT,NOT APPLICABLE,FEDERAL,DETERMINATE,MALE,ASIAN-SOUTH,ASIAN,SCHE 1 W/O SEX
2015-2016,AUG,PAPER,SR-POST,SR REVOKED,REGULAR,,PAN.HEAR.ORDER.,ONT,NOT APPLICABLE,FEDERAL,DETERMINATE,MALE,EURO.-WESTERN,CAUCASIAN,SCHEDULE 2
2015-2016,DEC,PAPER,SR-POST,SR REVOKED,REGULAR,,REVIEW ORDERED,PRA,EDMONTON,FEDERAL,DETERMINATE,MALE,WHITE,CAUCASIAN,SCHE 1 WITH SEX
2015-2016,OCT,PAPER,SR-POST,SR REVOKED,REGULAR,,REVIEW ORDERED,PRA,EDMONTON,FEDERAL,DETERMINATE,MALE,METIS,ABORIGINAL,SCHE 1 W/O SEX
2015-2016,SEP,PAPER,SR-POST,SR REVOKED,REGULAR,,REVIEW ORDERED,PRA,SASKATOON,FEDERAL,DETERMINATE,MALE,NORTH AMERICAN,ABORIGINAL,SCHE 1 W/O SEX
2015-2016,MAY,PAPER,SR-POST,ONE CH SR REVO.,REGULAR,,AFFIRMED,PRA,EDMONTON,FEDERAL,DETERMINATE,MALE,BLACK,BLACK,SCHE 1 W/O SEX
2015-2016,NOV,PAPER,DETENTION,DETENT. ORDERED,REGULAR,,AFFIRMED,QUE,NOT APPLICABLE,FEDERAL,DETERMINATE,MALE,BLACK,BLACK,SCHE 1 W/O SEX
2015-2016,MAR,PAPER,DETENTION,DETENT. ORDERED,REGULAR,,AFFIRMED,ONT,NOT APPLICABLE,FEDERAL,DETERMINATE,MALE,BLACK,BLACK,SCHE 1 WITH SEX
2015-2016,OCT,PAPER,DETENTION,DETENT. ORDERED,REGULAR,,AFFIRMED,PRA,SASKATOON,FEDERAL,DETERMINATE,MALE,WHITE,CAUCASIAN,SCHE 1 W/O SEX
2015-2016,FEB,PAPER,DETENTION,DETENT. ORDERED,REGULAR,,AFFIRMED,PRA,EDMONTON,FEDERAL,DETERMINATE,MALE,WHITE,CAUCASIAN,SCHE 1 W/O SEX
2015-2016,SEP,PAPER,DETENTION,DETENT. ORDERED,REGULAR,,AFFIRMED,QUE,NOT APPLICABLE,FEDERAL,DETERMINATE,MALE,WHITE,CAUCASIAN,SCHE 1 W/O SEX
2015-2016,SEP,PAPER,DETENTION,DETENT. ORDERED,REGULAR,,AFFIRMED,QUE,NOT APPLICABLE,FEDERAL,DETERMINATE,MALE,WHITE,CAUCASIAN,SCHE 1 W/O SEX
2015-2016,OCT,PAPER,DETENTION,DETENT. ORDERED,REGULAR,,AFFIRMED,QUE,NOT APPLICABLE,FEDERAL,DETERMINATE,MALE,WHITE,CAUCASIAN,SCHE 1 W/O SEX
2015-2016,JUL,PAPER,DETENTION,DETENT. ORDERED,REGULAR,,AFFIRMED,QUE,NOT APPLICABLE,FEDERAL,DETERMINATE,MALE,WHITE,CAUCASIAN,SCHE 1 W/O SEX
2015-2016,JUL,PAPER,DETENTION,DETENT. ORDERED,REGULAR,,AFFIRMED,PRA,EDMONTON,FEDERAL,DETERMINATE,MALE,WHITE,CAUCASIAN,SCHE 1 W/O SEX
2015-2016,SEP,PAPER,DETENTION,DETENT. ORDERED,REGULAR,,AFFIRMED,QUE,NOT APPLICABLE,FEDERAL,DETERMINATE,MALE,WHITE,CAUCASIAN,SCHE 1 W/O SEX
2015-2016,APR,PAPER,DETENTION,DETENT. ORDERED,REGULAR,,AFFIRMED,ATL,NOT APPLICABLE,FEDERAL,DETERMINATE,MALE,WHITE,CAUCASIAN,SCHE 1 W/O SEX
2015-2016,OCT,PAPER,DETENTION,DETENT. ORDERED,REGULAR,,AFFIRMED,ONT,NOT APPLICABLE,FEDERAL,DETERMINATE,MALE,WHITE,CAUCASIAN,SCHE 1 WITH SEX
2015-2016,NOV,PAPER,DETENTION,DETENT. ORDERED,REGULAR,,AFFIRMED,ATL,NOT APPLICABLE,FEDERAL,DETERMINATE,MALE,WHITE,CAUCASIAN,SCHE 1 WITH SEX
2015-2016,JUN,PAPER,DETENTION,DETENT. ORDERED,REGULAR,,AFFIRMED,PRA,EDMONTON,FEDERAL,DETERMINATE,MALE,WHITE,CAUCASIAN,SCHE 1 WITH SEX
2015-2016,MAR,PAPER,DETENTION,DETENT. ORDERED,REGULAR,,AFFIRMED,PRA,SASKATOON,FEDERAL,DETERMINATE,MALE,METIS,ABORIGINAL,SCHE 1 W/O SEX
2015-2016,MAY,PAPER,DETENTION,DETENT. ORDERED,REGULAR,,AFFIRMED,PAC,NOT APPLICABLE,FEDERAL,DETERMINATE,MALE,NORTH AMERICAN,ABORIGINAL,SCHE 1 W/O SEX
2015-2016,JUL,PAPER,DETENTION,DETENT. ORDERED,REGULAR,,AFFIRMED,PRA,SASKATOON,FEDERAL,DETERMINATE,MALE,NORTH AMERICAN,ABORIGINAL,SCHE 1 W/O SEX
2015-2016,DEC,PAPER,DETENTION,DETENT. ORDERED,REGULAR,,AFFIRMED,ONT,NOT APPLICABLE,FEDERAL,DETERMINATE,MALE,NORTH AMERICAN,ABORIGINAL,SCHE 1 W/O SEX
2015-2016,AUG,PAPER,DETENTION,DETENT. ORDERED,REGULAR,,AFFIRMED,PRA,SASKATOON,FEDERAL,DETERMINATE,MALE,NORTH AMERICAN,ABORIGINAL,SCHE 1 W/O SEX
2015-2016,AUG,PAPER,DETENTION,DETENT. ORDERED,REGULAR,,AFFIRMED,PRA,SASKATOON,FEDERAL,DETERMINATE,MALE,NORTH AMERICAN,ABORIGINAL,SCHE 1 W/O SEX
2015-2016,JUL,PAPER,DETENTION,DETENT. ORDERED,REGULAR,,AFFIRMED,PRA,EDMONTON,FEDERAL,DETERMINATE,MALE,NORTH AMERICAN,ABORIGINAL,SCHE 1 W/O SEX
2015-2016,MAY,PAPER,DETENTION,DETENT. ORDERED,REGULAR,,AFFIRMED,PRA,SASKATOON,FEDERAL,DETERMINATE,MALE,NORTH AMERICAN,ABORIGINAL,SCHE 1 W/O SEX
2015-2016,MAR,PAPER,DETENTION,DETENT. ORDERED,REGULAR,,AFFIRMED,PAC,NOT APPLICABLE,FEDERAL,DETERMINATE,MALE,NORTH AMERICAN,ABORIGINAL,NON SCHEDULE
2015-2016,SEP,PAPER,DETENTION,DETENT. ORDERED,REGULAR,,AFFIRMED,ONT,NOT APPLICABLE,FEDERAL,DETERMINATE,MALE,ARAB,ASIAN,SCHE 1 W/O SEX
2015-2016,JAN,PAPER,DETENTION,DETENT. ORDERED,REGULAR,,AFFIRMED,PAC,NOT APPLICABLE,FEDERAL,DETERMINATE,MALE,ASIAN-SOUTH,ASIAN,SCHE 1 W/O SEX
2015-2016,MAR,PAPER,DETENTION,DET ORD.CONFIR.,REGULAR,,AFFIRMED,PRA,SASKATOON,FEDERAL,DETERMINATE,MALE,BLACK,BLACK,SCHEDULE 2
2015-2016,SEP,PAPER,DETENTION,DET ORD.CONFIR.,REGULAR,,AFFIRMED,QUE,NOT APPLICABLE,FEDERAL,DETERMINATE,MALE,BLACK,BLACK,SCHE 1 W/O SEX
2015-2016,NOV,PAPER,DETENTION,DET ORD.CONFIR.,REGULAR,,AFFIRMED,PAC,NOT APPLICABLE,FEDERAL,DETERMINATE,MALE,WHITE,CAUCASIAN,SCHE 1 WITH SEX
2015-2016,JUN,PAPER,DETENTION,DET ORD.CONFIR.,REGULAR,,AFFIRMED,PRA,SASKATOON,FEDERAL,DETERMINATE,MALE,WHITE,CAUCASIAN,SCHE 1 W/O SEX
2015-2016,SEP,PAPER,DETENTION,DET ORD.CONFIR.,REGULAR,,AFFIRMED,QUE,NOT APPLICABLE,FEDERAL,DETERMINATE,MALE,WHITE,CAUCASIAN,SCHE 1 W/O SEX
2015-2016,JAN,PAPER,DETENTION,DET ORD.CONFIR.,REGULAR,,AFFIRMED,PRA,SASKATOON,FEDERAL,DETERMINATE,MALE,WHITE,CAUCASIAN,SCHE 1 W/O SEX
2015-2016,JUL,PAPER,DETENTION,DET ORD.CONFIR.,REGULAR,,AFFIRMED,PAC,NOT APPLICABLE,FEDERAL,DETERMINATE,MALE,WHITE,CAUCASIAN,SCHE 1 WITH SEX
2015-2016,DEC,PAPER,DETENTION,DET ORD.CONFIR.,REGULAR,,AFFIRMED,QUE,NOT APPLICABLE,FEDERAL,DETERMINATE,MALE,WHITE,CAUCASIAN,SCHE 1 W/O SEX
2015-2016,MAR,PAPER,DETENTION,DET ORD.CONFIR.,REGULAR,,AFFIRMED,PRA,EDMONTON,FEDERAL,DETERMINATE,MALE,WHITE,CAUCASIAN,SCHE 1 W/O SEX
2015-2016,SEP,PAPER,DETENTION,DET ORD.CONFIR.,REGULAR,,AFFIRMED,PRA,EDMONTON,FEDERAL,DETERMINATE,MALE,WHITE,CAUCASIAN,SCHE 1 WITH SEX
2015-2016,SEP,PAPER,DETENTION,DET ORD.CONFIR.,REGULAR,,AFFIRMED,ONT,NOT APPLICABLE,FEDERAL,DETERMINATE,MALE,NORTH AMERICAN,ABORIGINAL,SCHE 1 WITH SEX
2015-2016,DEC,PAPER,ETA,ETA NOT APPR.,REGULAR,,AFFIRMED,ONT,NOT APPLICABLE,FEDERAL,INDETERMINATE,FEMALE,BLACK,BLACK,MURDER 2
2015-2016,DEC,PAPER,ETA,ETA NOT APPR.,REGULAR,,AFFIRMED,ONT,NOT APPLICABLE,FEDERAL,INDETERMINATE,FEMALE,BLACK,BLACK,MURDER 2
2015-2016,OCT,PAPER,ETA,ETA NOT APPR.,REGULAR,,PAN.HEAR.ORDER.,QUE,NOT APPLICABLE,FEDERAL,INDETERMINATE,FEMALE,WHITE,CAUCASIAN,MURDER 1
2015-2016,MAR,PAPER,ETA,ETA NOT APPR.,REGULAR,,AFFIRMED,ATL,NOT APPLICABLE,FEDERAL,INDETERMINATE,MALE,METIS,ABORIGINAL,MURDER 2
2015-2016,JUN,PAPER,ETA,ETA NOT APPR.,REGULAR,,AFFIRMED,PRA,SASKATOON,FEDERAL,INDETERMINATE,MALE,NORTH AMERICAN,ABORIGINAL,MURDER 2
2015-2016,DEC,PAPER,ETA,ETA NOT APPR.,REGULAR,,AFFIRMED,ONT,NOT APPLICABLE,FEDERAL,INDETERMINATE,FEMALE,BLACK,BLACK,MURDER 2
2015-2016,DEC,PAPER,ETA,ETA NOT APPR.,REGULAR,,AFFIRMED,ONT,NOT APPLICABLE,FEDERAL,INDETERMINATE,FEMALE,BLACK,BLACK,MURDER 2
2015-2016,JAN,PAPER,ETA,ETA NOT APPR.,REGULAR,,PAN.HEAR.ORDER.,PRA,EDMONTON,FEDERAL,INDETERMINATE,FEMALE,NORTH AMERICAN,ABORIGINAL,MURDER 2
2015-2016,FEB,PAPER,ETA,ETA NOT APPR.,REGULAR,,PAN.HEAR.ORDER.,PRA,EDMONTON,FEDERAL,INDETERMINATE,MALE,NORTH AMERICAN,ABORIGINAL,MURDER 1
2015-2016,JAN,PAPER,ETA,ETA NOT APPR.,REGULAR,,PAN.HEAR.ORDER.,PRA,EDMONTON,FEDERAL,INDETERMINATE,FEMALE,NORTH AMERICAN,ABORIGINAL,MURDER 2
2015-2016,MAR,PAPER,DP-POST,DP REV R N RECR,REGULAR,,PAN.HEAR.ORDER.,PRA,SASKATOON,PROVINCIAL,DETERMINATE,MALE,UNK,OTHER/UNKNOWN,SCHEDULE 2
2015-2016,FEB,PAPER,DP-PRE,DAY PAR NOT DIR,APR,APR-FINAL,AFFIRMED,PAC,NOT APPLICABLE,FEDERAL,DETERMINATE,MALE,ASIAN-SOUTH,ASIAN,SCHEDULE 2
2015-2016,JAN,PAPER,DP-PRE,DAY PAR. GRANT.,REGULAR,,AFFIRMED,ONT,NOT APPLICABLE,FEDERAL,DETERMINATE,MALE,BLACK,BLACK,SCHEDULE 2
2015-2016,MAR,PAPER,DP-PRE,DAY PAR. GRANT.,REGULAR,,AFFIRMED,PRA,EDMONTON,FEDERAL,DETERMINATE,MALE,BLACK,BLACK,SCHE 1 WITH SEX
2015-2016,APR,PAPER,DP-PRE,DAY PAR. GRANT.,REGULAR,,AFFIRMED,ONT,NOT APPLICABLE,FEDERAL,DETERMINATE,MALE,WHITE,CAUCASIAN,SCHE 1 W/O SEX
2015-2016,MAR,PAPER,DP-PRE,DAY PAR. GRANT.,REGULAR,,AFFIRMED,ATL,NOT APPLICABLE,FEDERAL,DETERMINATE,MALE,WHITE,CAUCASIAN,SCHE 1 W/O SEX
2015-2016,FEB,PAPER,DP-PRE,DAY PAR. GRANT.,REGULAR,,AFFIRMED,QUE,NOT APPLICABLE,FEDERAL,DETERMINATE,FEMALE,WHITE,CAUCASIAN,SCHEDULE 2
2015-2016,NOV,PAPER,DP-PRE,DAY PAR. GRANT.,REGULAR,,AFFIRMED,ONT,NOT APPLICABLE,FEDERAL,DETERMINATE,MALE,WHITE,CAUCASIAN,SCHEDULE 2
2015-2016,SEP,PAPER,DP-POST,DP DIR REV CONF,REGULAR,,AFFIRMED,PAC,NOT APPLICABLE,FEDERAL,INDETERMINATE,MALE,NORTH AMERICAN,ABORIGINAL,MURDER 2
2015-2016,MAR,PAPER,FP-PRE,FP GRANTED,REGULAR,,AFFIRMED,ONT,NOT APPLICABLE,FEDERAL,DETERMINATE,MALE,BLACK,BLACK,SCHE 1 W/O SEX
2015-2016,MAR,PAPER,FP-PRE,FP GRANTED,REGULAR,,AFFIRMED,QUE,NOT APPLICABLE,FEDERAL,DETERMINATE,MALE,WHITE,CAUCASIAN,SCHEDULE 2
2015-2016,AUG,PAPER,FP-PRE,FP GRANTED,REGULAR,,AFFIRMED,ONT,NOT APPLICABLE,FEDERAL,DETERMINATE,MALE,EURO.-EASTERN,CAUCASIAN,NON SCHEDULE
2015-2016,JUN,PAPER,FP-PRE,FP GRANTED,REGULAR,,REVIEW ORDERED,ONT,NOT APPLICABLE,FEDERAL,DETERMINATE,MALE,WHITE,CAUCASIAN,SCHE 1 W/O SEX
2015-2016,SEP,PAPER,FP-PRE,FP DIRECTED,APR,APR-INITIAL,AFFIRMED,PRA,EDMONTON,FEDERAL,DETERMINATE,MALE,WHITE,CAUCASIAN,SCHEDULE 2
2015-2016,NOV,PAPER,FP-PRE,FP DIRECTED,APR,APR-INITIAL,AFFIRMED,ONT,NOT APPLICABLE,FEDERAL,DETERMINATE,MALE,CHINESE,ASIAN,NON SCHEDULE
2015-2016,JUL,PAPER,FP-POST,FP NO ACT-POST,REGULAR,,AFFIRMED,PAC,NOT APPLICABLE,FEDERAL,INDETERMINATE,MALE,WHITE,CAUCASIAN,MURDER 2
2015-2016,JAN,PAPER,FP-POST,FP NO ACT-POST,REGULAR,,AFFIRMED,PRA,EDMONTON,FEDERAL,INDETERMINATE,MALE,METIS,ABORIGINAL,MURDER 1
2015-2016,OCT,PAPER,FP-POST,FP NO ACT-POST,REGULAR,,REVIEW ORDERED,PAC,NOT APPLICABLE,FEDERAL,DETERMINATE,MALE,WHITE,CAUCASIAN,NON SCHEDULE
2015-2016,FEB,PAPER,FP-POST,FP NO ACT-POST,APR,APR-INITIAL,REVIEW ORDERED,PRA,EDMONTON,FEDERAL,DETERMINATE,MALE,WHITE,CAUCASIAN,SCHEDULE 2
2015-2016,MAR,PAPER,FP-POST,FP CHG.COND-PST,REGULAR,,AFFIRMED,QUE,NOT APPLICABLE,FEDERAL,INDETERMINATE,MALE,WHITE,CAUCASIAN,MURDER 2
2015-2016,APR,PAPER,FP-POST,FP CHG.COND-PST,REGULAR,,REVIEW ORDERED,ONT,NOT APPLICABLE,FEDERAL,DETERMINATE,FEMALE,WHITE,CAUCASIAN,NON SCHEDULE
2015-2016,JUN,PAPER,DP-PRE,DP CONTINUED,REGULAR,,AFFIRMED,ONT,NOT APPLICABLE,FEDERAL,DETERMINATE,MALE,WHITE,CAUCASIAN,SCHE 1 W/O SEX
2015-2016,AUG,PAPER,DP-PRE,DP CONTINUED,REGULAR,,AFFIRMED,ATL,NOT APPLICABLE,FEDERAL,INDETERMINATE,MALE,WHITE,CAUCASIAN,MURDER 2
2015-2016,MAY,PAPER,DP-PRE,DP CHG.COND-PRE,REGULAR,,AFFIRMED,ONT,NOT APPLICABLE,FEDERAL,DETERMINATE,MALE,WHITE,CAUCASIAN,NON SCHEDULE
2015-2016,FEB,PAPER,DP-PRE,DP CHG.COND-PRE,REGULAR,,AFFIRMED,PRA,EDMONTON,FEDERAL,DETERMINATE,MALE,NORTH AMERICAN,ABORIGINAL,SCHE 1 WITH SEX
2015-2016,JUN,PAPER,DP-POST,DP CHG.COND-PST,REGULAR,,AFFIRMED,PAC,NOT APPLICABLE,FEDERAL,DETERMINATE,MALE,WHITE,CAUCASIAN,SCHE 1 WITH SEX
2015-2016,OCT,PAPER,UTA-PRE,UTA CHG.CON-PRE,REGULAR,,AFFIRMED,ONT,NOT APPLICABLE,FEDERAL,DETERMINATE,MALE,WHITE,CAUCASIAN,SCHE 1 WITH SEX
2015-2016,OCT,PAPER,UTA-PRE,UTA CHG.CON-PRE,REGULAR,,AFFIRMED,ONT,NOT APPLICABLE,FEDERAL,DETERMINATE,MALE,WHITE,CAUCASIAN,SCHE 1 WITH SEX
2015-2016,DEC,PAPER,SR-PRE,SR CHG.COND-PRE,REGULAR,,CHANGE CONDITI.,ONT,NOT APPLICABLE,FEDERAL,DETERMINATE,MALE,BLACK,BLACK,NON SCHEDULE
2015-2016,FEB,PAPER,SR-PRE,SR CHG.COND-PRE,REGULAR,,AFFIRMED,QUE,NOT APPLICABLE,FEDERAL,DETERMINATE,MALE,ARAB/WEST ASIAN,OTHER/UNKNOWN,SCHE 1 W/O SEX
2015-2016,OCT,PAPER,SR-PRE,SR CHG.COND-PRE,REGULAR,,AFFIRMED,QUE,NOT APPLICABLE,FEDERAL,DETERMINATE,MALE,BLACK,BLACK,SCHE 1 W/O SEX
2015-2016,JAN,PAPER,SR-PRE,SR CHG.COND-PRE,REGULAR,,AFFIRMED,ONT,NOT APPLICABLE,FEDERAL,DETERMINATE,MALE,BLACK,BLACK,NON SCHEDULE
2015-2016,JUL,PAPER,SR-PRE,SR CHG.COND-PRE,REGULAR,,AFFIRMED,ONT,NOT APPLICABLE,FEDERAL,DETERMINATE,MALE,BLACK,BLACK,SCHEDULE 2
2015-2016,DEC,PAPER,SR-PRE,SR CHG.COND-PRE,REGULAR,,AFFIRMED,ONT,NOT APPLICABLE,FEDERAL,DETERMINATE,MALE,BLACK,BLACK,SCHE 1 WITH SEX
2015-2016,AUG,PAPER,SR-PRE,SR CHG.COND-PRE,REGULAR,,AFFIRMED,ATL,NOT APPLICABLE,FEDERAL,DETERMINATE,MALE,BLACK,BLACK,SCHE 1 W/O SEX
2015-2016,SEP,PAPER,SR-PRE,SR CHG.COND-PRE,REGULAR,,AFFIRMED,QUE,NOT APPLICABLE,FEDERAL,DETERMINATE,MALE,WHITE,CAUCASIAN,NON SCHEDULE
2015-2016,AUG,PAPER,SR-PRE,SR CHG.COND-PRE,REGULAR,,AFFIRMED,QUE,NOT APPLICABLE,FEDERAL,DETERMINATE,MALE,WHITE,CAUCASIAN,NON SCHEDULE
2015-2016,APR,PAPER,SR-PRE,SR CHG.COND-PRE,REGULAR,,AFFIRMED,ATL,NOT APPLICABLE,FEDERAL,DETERMINATE,MALE,WHITE,CAUCASIAN,NON SCHEDULE
2015-2016,SEP,PAPER,SR-PRE,SR CHG.COND-PRE,REGULAR,,AFFIRMED,QUE,NOT APPLICABLE,FEDERAL,DETERMINATE,MALE,WHITE,CAUCASIAN,SCHE 1 W/O SEX
2015-2016,JAN,PAPER,SR-PRE,SR CHG.COND-PRE,REGULAR,,AFFIRMED,QUE,NOT APPLICABLE,FEDERAL,DETERMINATE,MALE,WHITE,CAUCASIAN,SCHE 1 W/O SEX
2015-2016,NOV,PAPER,SR-PRE,SR CHG.COND-PRE,REGULAR,,AFFIRMED,QUE,NOT APPLICABLE,FEDERAL,DETERMINATE,MALE,WHITE,CAUCASIAN,NON SCHEDULE
2015-2016,OCT,PAPER,SR-PRE,SR CHG.COND-PRE,REGULAR,,AFFIRMED,PAC,NOT APPLICABLE,FEDERAL,DETERMINATE,MALE,WHITE,CAUCASIAN,SCHEDULE 2
2015-2016,JUN,PAPER,SR-PRE,SR CHG.COND-PRE,REGULAR,,AFFIRMED,QUE,NOT APPLICABLE,FEDERAL,DETERMINATE,MALE,WHITE,CAUCASIAN,SCHE 1 WITH SEX
2015-2016,JUL,PAPER,SR-PRE,SR CHG.COND-PRE,REGULAR,,AFFIRMED,QUE,NOT APPLICABLE,FEDERAL,DETERMINATE,MALE,WHITE,CAUCASIAN,SCHE 1 W/O SEX
2015-2016,OCT,PAPER,SR-PRE,SR CHG.COND-PRE,REGULAR,,AFFIRMED,QUE,NOT APPLICABLE,FEDERAL,DETERMINATE,MALE,WHITE,CAUCASIAN,SCHE 1 W/O SEX
2015-2016,NOV,PAPER,SR-PRE,SR CHG.COND-PRE,REGULAR,,AFFIRMED,QUE,NOT APPLICABLE,FEDERAL,DETERMINATE,MALE,WHITE,CAUCASIAN,SCHE 1 W/O SEX
2015-2016,SEP,PAPER,SR-PRE,SR CHG.COND-PRE,REGULAR,,AFFIRMED,QUE,NOT APPLICABLE,FEDERAL,DETERMINATE,MALE,WHITE,CAUCASIAN,SCHEDULE 2
2015-2016,JAN,PAPER,SR-PRE,SR CHG.COND-PRE,REGULAR,,AFFIRMED,QUE,NOT APPLICABLE,FEDERAL,DETERMINATE,MALE,WHITE,CAUCASIAN,NON SCHEDULE
2015-2016,MAR,PAPER,SR-PRE,SR CHG.COND-PRE,REGULAR,,AFFIRMED,QUE,NOT APPLICABLE,FEDERAL,DETERMINATE,MALE,WHITE,CAUCASIAN,SCHE 1 W/O SEX
2015-2016,AUG,PAPER,SR-PRE,SR CHG.COND-PRE,REGULAR,,AFFIRMED,QUE,NOT APPLICABLE,FEDERAL,DETERMINATE,MALE,WHITE,CAUCASIAN,SCHEDULE 2
2015-2016,NOV,PAPER,SR-PRE,SR CHG.COND-PRE,REGULAR,,AFFIRMED,PRA,EDMONTON,FEDERAL,DETERMINATE,MALE,WHITE,CAUCASIAN,SCHE 1 W/O SEX
2015-2016,AUG,PAPER,SR-PRE,SR CHG.COND-PRE,REGULAR,,AFFIRMED,PAC,NOT APPLICABLE,FEDERAL,DETERMINATE,MALE,WHITE,CAUCASIAN,SCHE 1 W/O SEX
2015-2016,SEP,PAPER,SR-PRE,SR CHG.COND-PRE,REGULAR,,AFFIRMED,PRA,EDMONTON,FEDERAL,DETERMINATE,MALE,WHITE,CAUCASIAN,SCHE 1 W/O SEX
2015-2016,JUN,PAPER,SR-PRE,SR CHG.COND-PRE,REGULAR,,AFFIRMED,ONT,NOT APPLICABLE,FEDERAL,DETERMINATE,MALE,WHITE,CAUCASIAN,NON SCHEDULE
2015-2016,MAR,PAPER,SR-PRE,SR CHG.COND-PRE,REGULAR,,AFFIRMED,QUE,NOT APPLICABLE,FEDERAL,DETERMINATE,MALE,WHITE,CAUCASIAN,NON SCHEDULE
2015-2016,JUL,PAPER,SR-PRE,SR CHG.COND-PRE,REGULAR,,AFFIRMED,QUE,NOT APPLICABLE,FEDERAL,DETERMINATE,MALE,WHITE,CAUCASIAN,SCHE 1 W/O SEX
2015-2016,DEC,PAPER,SR-PRE,SR CHG.COND-PRE,REGULAR,,AFFIRMED,PAC,NOT APPLICABLE,FEDERAL,DETERMINATE,MALE,WHITE,CAUCASIAN,SCHE 1 W/O SEX
2015-2016,JAN,PAPER,SR-PRE,SR CHG.COND-PRE,REGULAR,,AFFIRMED,QUE,NOT APPLICABLE,FEDERAL,DETERMINATE,MALE,WHITE,CAUCASIAN,NON SCHEDULE
2015-2016,JUL,PAPER,SR-PRE,SR CHG.COND-PRE,REGULAR,,AFFIRMED,ATL,NOT APPLICABLE,FEDERAL,DETERMINATE,MALE,WHITE,CAUCASIAN,SCHE 1 WITH SEX
2015-2016,MAY,PAPER,SR-PRE,SR CHG.COND-PRE,REGULAR,,AFFIRMED,ATL,NOT APPLICABLE,FEDERAL,DETERMINATE,MALE,WHITE,CAUCASIAN,NON SCHEDULE
2015-2016,NOV,PAPER,SR-PRE,SR CHG.COND-PRE,REGULAR,,AFFIRMED,PAC,NOT APPLICABLE,FEDERAL,DETERMINATE,MALE,WHITE,CAUCASIAN,SCHEDULE 2
2015-2016,DEC,PAPER,SR-PRE,SR CHG.COND-PRE,REGULAR,,AFFIRMED,PRA,EDMONTON,FEDERAL,DETERMINATE,MALE,WHITE,CAUCASIAN,SCHE 1 W/O SEX
2015-2016,JUN,PAPER,SR-PRE,SR CHG.COND-PRE,REGULAR,,AFFIRMED,ONT,NOT APPLICABLE,FEDERAL,DETERMINATE,MALE,WHITE,CAUCASIAN,SCHEDULE 2
2015-2016,DEC,PAPER,SR-PRE,SR CHG.COND-PRE,REGULAR,,AFFIRMED,ONT,NOT APPLICABLE,FEDERAL,DETERMINATE,MALE,WHITE,CAUCASIAN,NON SCHEDULE
2015-2016,AUG,PAPER,SR-PRE,SR CHG.COND-PRE,REGULAR,,AFFIRMED,ONT,NOT APPLICABLE,FEDERAL,DETERMINATE,MALE,WHITE,CAUCASIAN,NON SCHEDULE
2015-2016,JUN,PAPER,SR-PRE,SR CHG.COND-PRE,REGULAR,,AFFIRMED,PAC,NOT APPLICABLE,FEDERAL,DETERMINATE,MALE,WHITE,CAUCASIAN,NON SCHEDULE
2015-2016,MAR,PAPER,SR-PRE,SR CHG.COND-PRE,REGULAR,,AFFIRMED,PRA,SASKATOON,FEDERAL,DETERMINATE,MALE,WHITE,CAUCASIAN,NON SCHEDULE
2015-2016,MAY,PAPER,SR-PRE,SR CHG.COND-PRE,REGULAR,,AFFIRMED,QUE,NOT APPLICABLE,FEDERAL,DETERMINATE,MALE,WHITE,CAUCASIAN,SCHE 1 W/O SEX
2015-2016,AUG,PAPER,SR-PRE,SR CHG.COND-PRE,REGULAR,,AFFIRMED,ONT,NOT APPLICABLE,FEDERAL,DETERMINATE,MALE,WHITE,CAUCASIAN,SCHE 1 W/O SEX
2015-2016,MAR,PAPER,SR-PRE,SR CHG.COND-PRE,REGULAR,,AFFIRMED,ONT,NOT APPLICABLE,FEDERAL,DETERMINATE,MALE,WHITE,CAUCASIAN,SCHE 1 W/O SEX
2015-2016,FEB,PAPER,SR-PRE,SR CHG.COND-PRE,REGULAR,,AFFIRMED,ATL,NOT APPLICABLE,FEDERAL,DETERMINATE,MALE,WHITE,CAUCASIAN,SCHE 1 W/O SEX
2015-2016,MAR,PAPER,SR-PRE,SR CHG.COND-PRE,REGULAR,,AFFIRMED,ONT,NOT APPLICABLE,FEDERAL,DETERMINATE,MALE,WHITE,CAUCASIAN,SCHE 1 W/O SEX
2015-2016,MAR,PAPER,SR-PRE,SR CHG.COND-PRE,REGULAR,,AFFIRMED,QUE,NOT APPLICABLE,FEDERAL,DETERMINATE,MALE,WHITE,CAUCASIAN,SCHE 1 W/O SEX
2015-2016,MAR,PAPER,SR-PRE,SR CHG.COND-PRE,REGULAR,,AFFIRMED,ONT,NOT APPLICABLE,FEDERAL,DETERMINATE,MALE,WHITE,CAUCASIAN,NON SCHEDULE
2015-2016,MAY,PAPER,SR-PRE,SR CHG.COND-PRE,REGULAR,,AFFIRMED,PAC,NOT APPLICABLE,FEDERAL,DETERMINATE,MALE,WHITE,CAUCASIAN,SCHE 1 W/O SEX
2015-2016,DEC,PAPER,SR-PRE,SR CHG.COND-PRE,REGULAR,,AFFIRMED,QUE,NOT APPLICABLE,FEDERAL,DETERMINATE,MALE,WHITE,CAUCASIAN,SCHE 1 WITH SEX
2015-2016,NOV,PAPER,SR-PRE,SR CHG.COND-PRE,REGULAR,,AFFIRMED,QUE,NOT APPLICABLE,FEDERAL,DETERMINATE,MALE,WHITE,CAUCASIAN,SCHE 1 W/O SEX
2015-2016,JUN,PAPER,SR-PRE,SR CHG.COND-PRE,REGULAR,,AFFIRMED,ONT,NOT APPLICABLE,FEDERAL,DETERMINATE,MALE,WHITE,CAUCASIAN,NON SCHEDULE
2015-2016,AUG,PAPER,SR-PRE,SR CHG.COND-PRE,REGULAR,,AFFIRMED,ATL,NOT APPLICABLE,FEDERAL,DETERMINATE,MALE,WHITE,CAUCASIAN,SCHE 1 W/O SEX
2015-2016,NOV,PAPER,SR-PRE,SR CHG.COND-PRE,REGULAR,,AFFIRMED,QUE,NOT APPLICABLE,FEDERAL,DETERMINATE,MALE,WHITE,CAUCASIAN,SCHEDULE 2
2015-2016,MAY,PAPER,SR-PRE,SR CHG.COND-PRE,REGULAR,,AFFIRMED,QUE,NOT APPLICABLE,FEDERAL,DETERMINATE,MALE,WHITE,CAUCASIAN,SCHE 1 W/O SEX
2015-2016,MAY,PAPER,SR-PRE,SR CHG.COND-PRE,REGULAR,,AFFIRMED,PAC,NOT APPLICABLE,FEDERAL,DETERMINATE,MALE,WHITE,CAUCASIAN,NON SCHEDULE
2015-2016,JUN,PAPER,SR-PRE,SR CHG.COND-PRE,REGULAR,,AFFIRMED,QUE,NOT APPLICABLE,FEDERAL,DETERMINATE,MALE,WHITE,CAUCASIAN,SCHE 1 W/O SEX
2015-2016,OCT,PAPER,SR-PRE,SR CHG.COND-PRE,REGULAR,,AFFIRMED,QUE,NOT APPLICABLE,FEDERAL,DETERMINATE,MALE,WHITE,CAUCASIAN,SCHE 1 WITH SEX
2015-2016,APR,PAPER,SR-PRE,SR CHG.COND-PRE,REGULAR,,AFFIRMED,PAC,NOT APPLICABLE,FEDERAL,DETERMINATE,MALE,WHITE,CAUCASIAN,SCHE 1 W/O SEX
2015-2016,JUL,PAPER,SR-PRE,SR CHG.COND-PRE,REGULAR,,AFFIRMED,QUE,NOT APPLICABLE,FEDERAL,DETERMINATE,MALE,WHITE,CAUCASIAN,SCHE 1 W/O SEX
2015-2016,DEC,PAPER,SR-PRE,SR CHG.COND-PRE,REGULAR,,AFFIRMED,PRA,EDMONTON,FEDERAL,DETERMINATE,MALE,WHITE,CAUCASIAN,SCHE 1 W/O SEX
2015-2016,JUN,PAPER,SR-PRE,SR CHG.COND-PRE,REGULAR,,AFFIRMED,ONT,NOT APPLICABLE,FEDERAL,DETERMINATE,MALE,WHITE,CAUCASIAN,SCHE 1 W/O SEX
2015-2016,JUN,PAPER,SR-PRE,SR CHG.COND-PRE,REGULAR,,AFFIRMED,PAC,NOT APPLICABLE,FEDERAL,DETERMINATE,MALE,WHITE,CAUCASIAN,NON SCHEDULE
2015-2016,SEP,PAPER,SR-PRE,SR CHG.COND-PRE,REGULAR,,AFFIRMED,ATL,NOT APPLICABLE,FEDERAL,DETERMINATE,MALE,WHITE,CAUCASIAN,SCHE 1 W/O SEX
2015-2016,SEP,PAPER,SR-PRE,SR CHG.COND-PRE,REGULAR,,AFFIRMED,QUE,NOT APPLICABLE,FEDERAL,DETERMINATE,MALE,INUIT,ABORIGINAL,SCHE 1 W/O SEX
2015-2016,NOV,PAPER,SR-PRE,SR CHG.COND-PRE,REGULAR,,AFFIRMED,QUE,NOT APPLICABLE,FEDERAL,DETERMINATE,MALE,METIS,ABORIGINAL,SCHE 1 W/O SEX
2015-2016,FEB,PAPER,SR-PRE,SR CHG.COND-PRE,REGULAR,,AFFIRMED,PRA,EDMONTON,FEDERAL,DETERMINATE,MALE,METIS,ABORIGINAL,SCHE 1 W/O SEX
2015-2016,JAN,PAPER,SR-PRE,SR CHG.COND-PRE,REGULAR,,AFFIRMED,QUE,NOT APPLICABLE,FEDERAL,DETERMINATE,MALE,METIS,ABORIGINAL,SCHE 1 W/O SEX
2015-2016,JAN,PAPER,SR-PRE,SR CHG.COND-PRE,REGULAR,,AFFIRMED,PAC,NOT APPLICABLE,FEDERAL,DETERMINATE,MALE,NORTH AMERICAN,ABORIGINAL,NON SCHEDULE
2015-2016,MAR,PAPER,SR-PRE,SR CHG.COND-PRE,REGULAR,,AFFIRMED,ONT,NOT APPLICABLE,FEDERAL,DETERMINATE,MALE,NORTH AMERICAN,ABORIGINAL,SCHE 1 W/O SEX
2015-2016,MAR,PAPER,SR-PRE,SR CHG.COND-PRE,REGULAR,,AFFIRMED,ONT,NOT APPLICABLE,FEDERAL,DETERMINATE,MALE,NORTH AMERICAN,ABORIGINAL,NON SCHEDULE
2015-2016,JAN,PAPER,SR-PRE,SR CHG.COND-PRE,REGULAR,,AFFIRMED,PRA,EDMONTON,FEDERAL,DETERMINATE,MALE,NORTH AMERICAN,ABORIGINAL,SCHE 1 W/O SEX
2015-2016,AUG,PAPER,SR-PRE,SR CHG.COND-PRE,REGULAR,,AFFIRMED,PRA,SASKATOON,FEDERAL,DETERMINATE,MALE,NORTH AMERICAN,ABORIGINAL,SCHE 1 W/O SEX
2015-2016,JUN,PAPER,SR-PRE,SR CHG.COND-PRE,REGULAR,,AFFIRMED,PRA,SASKATOON,FEDERAL,DETERMINATE,MALE,NORTH AMERICAN,ABORIGINAL,SCHE 1 W/O SEX
2015-2016,JAN,PAPER,SR-PRE,SR CHG.COND-PRE,REGULAR,,AFFIRMED,ONT,NOT APPLICABLE,FEDERAL,DETERMINATE,MALE,NORTH AMERICAN,ABORIGINAL,SCHE 1 W/O SEX
2015-2016,JAN,PAPER,SR-PRE,SR CHG.COND-PRE,REGULAR,,AFFIRMED,PAC,NOT APPLICABLE,FEDERAL,DETERMINATE,MALE,NORTH AMERICAN,ABORIGINAL,SCHE 1 W/O SEX
2015-2016,JAN,PAPER,SR-PRE,SR CHG.COND-PRE,REGULAR,,AFFIRMED,ONT,NOT APPLICABLE,FEDERAL,DETERMINATE,MALE,NORTH AMERICAN,ABORIGINAL,SCHE 1 W/O SEX
2015-2016,MAR,PAPER,SR-PRE,SR CHG.COND-PRE,REGULAR,,AFFIRMED,PRA,SASKATOON,FEDERAL,DETERMINATE,MALE,NORTH AMERICAN,ABORIGINAL,SCHE 1 W/O SEX
2015-2016,MAR,PAPER,SR-PRE,SR CHG.COND-PRE,REGULAR,,AFFIRMED,PAC,NOT APPLICABLE,FEDERAL,DETERMINATE,MALE,NORTH AMERICAN,ABORIGINAL,SCHE 1 W/O SEX
2015-2016,OCT,PAPER,SR-PRE,SR CHG.COND-PRE,REGULAR,,AFFIRMED,QUE,NOT APPLICABLE,FEDERAL,DETERMINATE,MALE,NORTH AMERICAN,ABORIGINAL,SCHE 1 W/O SEX
2015-2016,SEP,PAPER,SR-PRE,SR CHG.COND-PRE,REGULAR,,AFFIRMED,ONT,NOT APPLICABLE,FEDERAL,DETERMINATE,MALE,S. E. ASIAN,ASIAN,SCHE 1 W/O SEX
2015-2016,JUL,PAPER,SR-PRE,SR CHG.COND-PRE,REGULAR,,AFFIRMED,QUE,NOT APPLICABLE,FEDERAL,DETERMINATE,MALE,ARAB,ASIAN,SCHEDULE 2
2015-2016,FEB,PAPER,SR-PRE,SR CHG.COND-PRE,REGULAR,,AFFIRMED,ONT,NOT APPLICABLE,FEDERAL,DETERMINATE,MALE,ARAB,ASIAN,NON SCHEDULE
2015-2016,DEC,PAPER,SR-PRE,SR CHG.COND-PRE,REGULAR,,PAN.HEAR.ORDER.,ATL,NOT APPLICABLE,FEDERAL,DETERMINATE,MALE,WHITE,CAUCASIAN,NON SCHEDULE
2015-2016,OCT,PAPER,SR-PRE,SR CHG.COND-PRE,REGULAR,,PAN.HEAR.ORDER.,ONT,NOT APPLICABLE,FEDERAL,DETERMINATE,MALE,WHITE,CAUCASIAN,SCHE 1 WITH SEX
2015-2016,APR,PAPER,SR-PRE,SR CHG.COND-PRE,REGULAR,,REVIEW ORDERED,ONT,NOT APPLICABLE,FEDERAL,DETERMINATE,MALE,WHITE,CAUCASIAN,SCHEDULE 2
2015-2016,OCT,PAPER,SR-PRE,SR CHG.COND-PRE,REGULAR,,REVIEW ORDERED,QUE,NOT APPLICABLE,FEDERAL,DETERMINATE,MALE,WHITE,CAUCASIAN,SCHE 1 WITH SEX
2015-2016,JUN,PAPER,SR-PRE,SR CHG.COND-PRE,REGULAR,,REVIEW ORDERED,ONT,NOT APPLICABLE,FEDERAL,DETERMINATE,MALE,WHITE,CAUCASIAN,SCHE 1 WITH SEX
2015-2016,DEC,PAPER,SR-PRE,SR CHG.COND-PRE,REGULAR,,REVIEW ORDERED,ONT,NOT APPLICABLE,FEDERAL,DETERMINATE,MALE,WHITE,CAUCASIAN,SCHE 1 WITH SEX
2015-2016,JUL,PAPER,SR-PRE,SR CHG.COND-PRE,REGULAR,,REVIEW ORDERED,QUE,NOT APPLICABLE,FEDERAL,DETERMINATE,MALE,METIS,ABORIGINAL,SCHEDULE 2
2015-2016,JUN,PAPER,SR-PRE,SR CHG.COND-PRE,REGULAR,,REVIEW ORDERED,PRA,EDMONTON,FEDERAL,DETERMINATE,MALE,MULTIRAC/ETHNIC,OTHER/UNKNOWN,SCHE 1 WITH SEX
2015-2016,DEC,PAPER,SR-POST,SR NO ACT-POST,REGULAR,,AFFIRMED,PRA,EDMONTON,FEDERAL,DETERMINATE,MALE,WHITE,CAUCASIAN,SCHEDULE 2
2015-2016,JAN,PAPER,SR-POST,SR NO ACT-POST,REGULAR,,REVIEW ORDERED,QUE,NOT APPLICABLE,FEDERAL,DETERMINATE,MALE,WHITE,CAUCASIAN,SCHE 1 W/O SEX
2015-2016,MAR,PAPER,SR-POST,SR NO ACT-POST,REGULAR,,REVIEW ORDERED,ONT,NOT APPLICABLE,FEDERAL,DETERMINATE,MALE,WHITE,CAUCASIAN,SCHE 1 WITH SEX
2015-2016,MAY,PAPER,SR-POST,SR SUSP. CANC.,REGULAR,,AFFIRMED,QUE,NOT APPLICABLE,FEDERAL,DETERMINATE,MALE,WHITE,CAUCASIAN,SCHE 1 W/O SEX
2015-2016,OCT,PAPER,SR-POST,SR CHG.COND-PST,REGULAR,,AFFIRMED,QUE,NOT APPLICABLE,FEDERAL,DETERMINATE,MALE,BLACK,BLACK,SCHE 1 W/O SEX
2015-2016,MAY,PAPER,SR-POST,SR CHG.COND-PST,REGULAR,,AFFIRMED,QUE,NOT APPLICABLE,FEDERAL,DETERMINATE,MALE,WHITE,CAUCASIAN,SCHE 1 W/O SEX
2015-2016,JAN,PAPER,SR-POST,SR CHG.COND-PST,REGULAR,,AFFIRMED,QUE,NOT APPLICABLE,FEDERAL,DETERMINATE,MALE,WHITE,CAUCASIAN,SCHE 1 WITH SEX
2015-2016,OCT,PAPER,ETA,ETA NOT AUTH,REGULAR,,PAN.HEAR.ORDER.,ONT,NOT APPLICABLE,FEDERAL,INDETERMINATE,MALE,WHITE,CAUCASIAN,MURDER 2
2015-2016,JUL,PAPER,ETA,ETA NOT AUTH,REGULAR,,AFFIRMED,QUE,NOT APPLICABLE,FEDERAL,INDETERMINATE,MALE,WHITE,CAUCASIAN,MURDER 1
2015-2016,MAR,PAPER,ETA,ETA NOT AUTH,REGULAR,,AFFIRMED,QUE,NOT APPLICABLE,FEDERAL,INDETERMINATE,MALE,WHITE,CAUCASIAN,MURDER 1
2015-2016,MAR,PAPER,ETA,ETA NOT AUTH,REGULAR,,PAN.HEAR.ORDER.,PAC,NOT APPLICABLE,FEDERAL,INDETERMINATE,MALE,WHITE,CAUCASIAN,MURDER 2
2015-2016,MAR,PAPER,ETA,ETA NOT AUTH,REGULAR,,REVIEW ORDERED,ONT,NOT APPLICABLE,FEDERAL,INDETERMINATE,MALE,WHITE,CAUCASIAN,MURDER 1
2015-2016,NOV,PAPER,ETA,ETA NOT AUTH,REGULAR,,REVIEW ORDERED,PRA,SASKATOON,FEDERAL,INDETERMINATE,MALE,NORTH AMERICAN,ABORIGINAL,MURDER 2
2015-2016,MAR,PAPER,ETA,ETA NOT AUTH,REGULAR,,AFFIRMED,PRA,EDMONTON,FEDERAL,INDETERMINATE,MALE,WHITE,CAUCASIAN,MURDER 2
2015-2016,JAN,PAPER,ETA,ETA NOT AUTH,REGULAR,,AFFIRMED,PAC,NOT APPLICABLE,FEDERAL,INDETERMINATE,MALE,WHITE,CAUCASIAN,MURDER 2
2015-2016,JAN,PAPER,ETA,ETA NOT AUTH,REGULAR,,PAN.HEAR.ORDER.,PRA,EDMONTON,FEDERAL,INDETERMINATE,MALE,WHITE,CAUCASIAN,MURDER 2
2015-2016,OCT,PAPER,ETA,ETA NOT AUTH,REGULAR,,PAN.HEAR.ORDER.,ONT,NOT APPLICABLE,FEDERAL,INDETERMINATE,MALE,WHITE,CAUCASIAN,MURDER 2
2015-2016,MAR,PAPER,ETA,ETA NOT AUTH,REGULAR,,PAN.HEAR.ORDER.,PRA,SASKATOON,FEDERAL,INDETERMINATE,MALE,NORTH AMERICAN,ABORIGINAL,MURDER 2
2016-2017,DEC,PAPER,FP-PRE,FP DENIED,REGULAR,,AFFIRMED,PRA,EDMONTON,PROVINCIAL,DETERMINATE,MALE,UNK,OTHER/UNKNOWN,SCHEDULE 2
2016-2017,JAN,PAPER,FP-PRE,FP DENIED,REGULAR,,AFFIRMED,PRA,SASKATOON,FEDERAL,DETERMINATE,MALE,UNK,OTHER/UNKNOWN,SCHEDULE 2
2016-2017,AUG,PAPER,FP-PRE,FP DENIED,REGULAR,,AFFIRMED,PRA,SASKATOON,FEDERAL,DETERMINATE,MALE,UNK,OTHER/UNKNOWN,SCHEDULE 2
2016-2017,SEP,PAPER,FP-PRE,FP DENIED,REGULAR,,AFFIRMED,PRA,SASKATOON,FEDERAL,DETERMINATE,MALE,UNK,OTHER/UNKNOWN,SCHEDULE 2
2016-2017,MAY,PAPER,FP-PRE,FP DENIED,REGULAR,,AFFIRMED,PRA,EDMONTON,PROVINCIAL,DETERMINATE,MALE,UNK,OTHER/UNKNOWN,SCHEDULE 2
2016-2017,MAR,PAPER,FP-PRE,FP DENIED,REGULAR,,AFFIRMED,QUE,NOT APPLICABLE,FEDERAL,DETERMINATE,MALE,ARAB/WEST ASIAN,OTHER/UNKNOWN,NON SCHEDULE
2016-2017,JAN,PAPER,FP-PRE,FP DENIED,REGULAR,,AFFIRMED,ONT,NOT APPLICABLE,FEDERAL,DETERMINATE,MALE,ARAB/WEST ASIAN,OTHER/UNKNOWN,SCHE 1 W/O SEX
2016-2017,FEB,PAPER,FP-PRE,FP DENIED,REGULAR,,AFFIRMED,PRA,EDMONTON,FEDERAL,INDETERMINATE,MALE,ASIATIC,ASIAN,MURDER 1
2016-2017,JAN,PAPER,FP-PRE,FP DENIED,REGULAR,,AFFIRMED,ONT,NOT APPLICABLE,FEDERAL,DETERMINATE,MALE,BLACK,BLACK,SCHE 1 W/O SEX
2016-2017,APR,PAPER,FP-PRE,FP DENIED,REGULAR,,AFFIRMED,PRA,EDMONTON,FEDERAL,DETERMINATE,MALE,BLACK,BLACK,SCHE 1 W/O SEX
2016-2017,JUN,PAPER,FP-PRE,FP DENIED,REGULAR,,AFFIRMED,PRA,EDMONTON,FEDERAL,DETERMINATE,MALE,BLACK,BLACK,SCHE 1 W/O SEX
2016-2017,MAY,PAPER,FP-PRE,FP DENIED,REGULAR,,AFFIRMED,QUE,NOT APPLICABLE,FEDERAL,DETERMINATE,MALE,BLACK,BLACK,SCHE 1 W/O SEX
2016-2017,SEP,PAPER,FP-PRE,FP DENIED,REGULAR,,AFFIRMED,PRA,EDMONTON,FEDERAL,DETERMINATE,MALE,BLACK,BLACK,SCHE 1 WITH SEX
2016-2017,NOV,PAPER,FP-PRE,FP DENIED,REGULAR,,AFFIRMED,ONT,NOT APPLICABLE,FEDERAL,DETERMINATE,MALE,BLACK,BLACK,SCHE 1 W/O SEX
2016-2017,AUG,PAPER,FP-PRE,FP DENIED,REGULAR,,AFFIRMED,ONT,NOT APPLICABLE,FEDERAL,DETERMINATE,MALE,BLACK,BLACK,SCHE 1 W/O SEX
2016-2017,JAN,PAPER,FP-PRE,FP DENIED,REGULAR,,AFFIRMED,ATL,NOT APPLICABLE,FEDERAL,DETERMINATE,MALE,BLACK,BLACK,SCHE 1 W/O SEX
2016-2017,FEB,PAPER,FP-PRE,FP DENIED,REGULAR,,AFFIRMED,ONT,NOT APPLICABLE,FEDERAL,DETERMINATE,MALE,BLACK,BLACK,SCHE 1 W/O SEX
2016-2017,AUG,PAPER,FP-PRE,FP DENIED,REGULAR,,AFFIRMED,PRA,EDMONTON,FEDERAL,DETERMINATE,MALE,BLACK,BLACK,SCHE 1 W/O SEX
2016-2017,APR,PAPER,FP-PRE,FP DENIED,REGULAR,,AFFIRMED,ONT,NOT APPLICABLE,FEDERAL,DETERMINATE,MALE,BLACK,BLACK,NON SCHEDULE
2016-2017,NOV,PAPER,FP-PRE,FP DENIED,REGULAR,,AFFIRMED,ONT,NOT APPLICABLE,FEDERAL,INDETERMINATE,MALE,BLACK,BLACK,SCHE 1 WITH SEX
2016-2017,MAR,PAPER,FP-PRE,FP DENIED,REGULAR,,AFFIRMED,ATL,NOT APPLICABLE,FEDERAL,INDETERMINATE,MALE,BLACK,BLACK,MURDER 1
2016-2017,OCT,PAPER,FP-PRE,FP DENIED,REGULAR,,AFFIRMED,ONT,NOT APPLICABLE,FEDERAL,INDETERMINATE,MALE,BLACK,BLACK,MURDER 2
2016-2017,NOV,PAPER,FP-PRE,FP DENIED,REGULAR,,AFFIRMED,PAC,NOT APPLICABLE,FEDERAL,DETERMINATE,MALE,WHITE,CAUCASIAN,SCHE 1 W/O SEX
2016-2017,FEB,PAPER,FP-PRE,FP DENIED,REGULAR,,AFFIRMED,QUE,NOT APPLICABLE,FEDERAL,DETERMINATE,MALE,WHITE,CAUCASIAN,NON SCHEDULE
2016-2017,AUG,PAPER,FP-PRE,FP DENIED,REGULAR,,AFFIRMED,QUE,NOT APPLICABLE,FEDERAL,DETERMINATE,FEMALE,WHITE,CAUCASIAN,NON SCHEDULE
2016-2017,MAY,PAPER,FP-PRE,FP DENIED,REGULAR,,AFFIRMED,QUE,NOT APPLICABLE,FEDERAL,DETERMINATE,MALE,WHITE,CAUCASIAN,SCHE 1 WITH SEX
2016-2017,NOV,PAPER,FP-PRE,FP DENIED,REGULAR,,AFFIRMED,PRA,EDMONTON,FEDERAL,DETERMINATE,MALE,WHITE,CAUCASIAN,SCHE 1 WITH SEX
2016-2017,OCT,PAPER,FP-PRE,FP DENIED,REGULAR,,AFFIRMED,PRA,EDMONTON,FEDERAL,DETERMINATE,MALE,WHITE,CAUCASIAN,SCHE 1 WITH SEX
2016-2017,JUN,PAPER,FP-PRE,FP DENIED,REGULAR,,AFFIRMED,ONT,NOT APPLICABLE,FEDERAL,DETERMINATE,MALE,WHITE,CAUCASIAN,SCHE 1 W/O SEX
2016-2017,NOV,PAPER,FP-PRE,FP DENIED,REGULAR,,AFFIRMED,PAC,NOT APPLICABLE,FEDERAL,DETERMINATE,MALE,WHITE,CAUCASIAN,NON SCHEDULE
2016-2017,APR,PAPER,FP-PRE,FP DENIED,REGULAR,,AFFIRMED,QUE,NOT APPLICABLE,FEDERAL,DETERMINATE,MALE,WHITE,CAUCASIAN,SCHE 1 WITH SEX
2016-2017,FEB,PAPER,FP-PRE,FP DENIED,REGULAR,,AFFIRMED,QUE,NOT APPLICABLE,FEDERAL,DETERMINATE,MALE,WHITE,CAUCASIAN,SCHEDULE 2
2016-2017,OCT,PAPER,FP-PRE,FP DENIED,REGULAR,,AFFIRMED,QUE,NOT APPLICABLE,FEDERAL,DETERMINATE,MALE,WHITE,CAUCASIAN,NON SCHEDULE
2016-2017,NOV,PAPER,FP-PRE,FP DENIED,REGULAR,,AFFIRMED,ONT,NOT APPLICABLE,FEDERAL,DETERMINATE,MALE,WHITE,CAUCASIAN,SCHEDULE 2
2016-2017,OCT,PAPER,FP-PRE,FP DENIED,REGULAR,,AFFIRMED,QUE,NOT APPLICABLE,FEDERAL,DETERMINATE,MALE,WHITE,CAUCASIAN,SCHE 1 WITH SEX
2016-2017,OCT,PAPER,FP-PRE,FP DENIED,REGULAR,,AFFIRMED,QUE,NOT APPLICABLE,FEDERAL,DETERMINATE,MALE,WHITE,CAUCASIAN,SCHE 1 W/O SEX
2016-2017,SEP,PAPER,FP-PRE,FP DENIED,REGULAR,,AFFIRMED,QUE,NOT APPLICABLE,FEDERAL,DETERMINATE,MALE,WHITE,CAUCASIAN,SCHE 1 W/O SEX
2016-2017,MAY,PAPER,FP-PRE,FP DENIED,REGULAR,,AFFIRMED,QUE,NOT APPLICABLE,FEDERAL,DETERMINATE,MALE,WHITE,CAUCASIAN,SCHE 1 WITH SEX
2016-2017,SEP,PAPER,FP-PRE,FP DENIED,REGULAR,,AFFIRMED,PRA,SASKATOON,FEDERAL,DETERMINATE,MALE,WHITE,CAUCASIAN,NON SCHEDULE
2016-2017,JAN,PAPER,FP-PRE,FP DENIED,REGULAR,,AFFIRMED,QUE,NOT APPLICABLE,FEDERAL,DETERMINATE,MALE,WHITE,CAUCASIAN,SCHEDULE 2
2016-2017,JUN,PAPER,FP-PRE,FP DENIED,REGULAR,,AFFIRMED,PRA,EDMONTON,FEDERAL,DETERMINATE,MALE,WHITE,CAUCASIAN,SCHE 1 W/O SEX
2016-2017,FEB,PAPER,FP-PRE,FP DENIED,REGULAR,,AFFIRMED,ONT,NOT APPLICABLE,FEDERAL,DETERMINATE,MALE,WHITE,CAUCASIAN,SCHE 1 WITH SEX
2016-2017,OCT,PAPER,FP-PRE,FP DENIED,REGULAR,,AFFIRMED,QUE,NOT APPLICABLE,FEDERAL,DETERMINATE,MALE,WHITE,CAUCASIAN,SCHE 1 W/O SEX
2016-2017,APR,PAPER,FP-PRE,FP DENIED,REGULAR,,AFFIRMED,PRA,SASKATOON,FEDERAL,DETERMINATE,MALE,WHITE,CAUCASIAN,SCHE 1 W/O SEX
2016-2017,FEB,PAPER,FP-PRE,FP DENIED,REGULAR,,AFFIRMED,PRA,EDMONTON,FEDERAL,DETERMINATE,MALE,WHITE,CAUCASIAN,SCHEDULE 2
2016-2017,FEB,PAPER,FP-PRE,FP DENIED,REGULAR,,AFFIRMED,PRA,SASKATOON,FEDERAL,DETERMINATE,MALE,WHITE,CAUCASIAN,SCHEDULE 2
2016-2017,FEB,PAPER,FP-PRE,FP DENIED,REGULAR,,AFFIRMED,ONT,NOT APPLICABLE,FEDERAL,DETERMINATE,MALE,WHITE,CAUCASIAN,NON SCHEDULE
2016-2017,AUG,PAPER,FP-PRE,FP DENIED,REGULAR,,AFFIRMED,QUE,NOT APPLICABLE,FEDERAL,DETERMINATE,MALE,WHITE,CAUCASIAN,SCHE 1 WITH SEX
2016-2017,JAN,PAPER,FP-PRE,FP DENIED,REGULAR,,AFFIRMED,ONT,NOT APPLICABLE,FEDERAL,DETERMINATE,MALE,WHITE,CAUCASIAN,SCHEDULE 2
2016-2017,SEP,PAPER,FP-PRE,FP DENIED,REGULAR,,AFFIRMED,PAC,NOT APPLICABLE,FEDERAL,DETERMINATE,MALE,WHITE,CAUCASIAN,SCHEDULE 2
2016-2017,FEB,PAPER,FP-PRE,FP DENIED,REGULAR,,AFFIRMED,QUE,NOT APPLICABLE,FEDERAL,DETERMINATE,MALE,WHITE,CAUCASIAN,SCHE 1 W/O SEX
2016-2017,OCT,PAPER,FP-PRE,FP DENIED,REGULAR,,AFFIRMED,PRA,EDMONTON,FEDERAL,DETERMINATE,MALE,WHITE,CAUCASIAN,SCHEDULE 2
2016-2017,MAY,PAPER,FP-PRE,FP DENIED,REGULAR,,AFFIRMED,PRA,SASKATOON,FEDERAL,DETERMINATE,MALE,WHITE,CAUCASIAN,SCHEDULE 2
2016-2017,AUG,PAPER,FP-PRE,FP DENIED,REGULAR,,AFFIRMED,ATL,NOT APPLICABLE,FEDERAL,DETERMINATE,MALE,WHITE,CAUCASIAN,SCHE 1 W/O SEX
2016-2017,OCT,PAPER,FP-PRE,FP DENIED,REGULAR,,AFFIRMED,ONT,NOT APPLICABLE,FEDERAL,DETERMINATE,MALE,WHITE,CAUCASIAN,SCHE 1 WITH SEX
2016-2017,APR,PAPER,FP-PRE,FP DENIED,REGULAR,,AFFIRMED,PRA,SASKATOON,FEDERAL,DETERMINATE,MALE,WHITE,CAUCASIAN,NON SCHEDULE
2016-2017,MAR,PAPER,FP-PRE,FP DENIED,REGULAR,,AFFIRMED,ONT,NOT APPLICABLE,FEDERAL,DETERMINATE,MALE,WHITE,CAUCASIAN,SCHE 1 W/O SEX
2016-2017,APR,PAPER,FP-PRE,FP DENIED,REGULAR,,AFFIRMED,QUE,NOT APPLICABLE,FEDERAL,DETERMINATE,MALE,WHITE,CAUCASIAN,NON SCHEDULE
2016-2017,SEP,PAPER,FP-PRE,FP DENIED,REGULAR,,AFFIRMED,QUE,NOT APPLICABLE,FEDERAL,DETERMINATE,MALE,WHITE,CAUCASIAN,SCHEDULE 2
2016-2017,JUN,PAPER,FP-PRE,FP DENIED,REGULAR,,AFFIRMED,QUE,NOT APPLICABLE,FEDERAL,DETERMINATE,MALE,WHITE,CAUCASIAN,SCHE 1 W/O SEX
2016-2017,JUL,PAPER,FP-PRE,FP DENIED,REGULAR,,AFFIRMED,QUE,NOT APPLICABLE,FEDERAL,DETERMINATE,MALE,WHITE,CAUCASIAN,NON SCHEDULE
2016-2017,APR,PAPER,FP-PRE,FP DENIED,REGULAR,,AFFIRMED,QUE,NOT APPLICABLE,FEDERAL,DETERMINATE,MALE,WHITE,CAUCASIAN,SCHE 1 W/O SEX
2016-2017,JAN,PAPER,FP-PRE,FP DENIED,REGULAR,,AFFIRMED,QUE,NOT APPLICABLE,FEDERAL,DETERMINATE,MALE,WHITE,CAUCASIAN,SCHEDULE 2
2016-2017,AUG,PAPER,FP-PRE,FP DENIED,REGULAR,,AFFIRMED,PAC,NOT APPLICABLE,PROVINCIAL,DETERMINATE,MALE,WHITE,CAUCASIAN,NON SCHEDULE
2016-2017,MAR,PAPER,FP-PRE,FP DENIED,REGULAR,,AFFIRMED,QUE,NOT APPLICABLE,FEDERAL,DETERMINATE,MALE,WHITE,CAUCASIAN,SCHE 1 WITH SEX
2016-2017,OCT,PAPER,FP-PRE,FP DENIED,REGULAR,,AFFIRMED,PAC,NOT APPLICABLE,PROVINCIAL,DETERMINATE,MALE,WHITE,CAUCASIAN,SCHE 1 W/O SEX
2016-2017,OCT,PAPER,FP-PRE,FP DENIED,REGULAR,,AFFIRMED,QUE,NOT APPLICABLE,FEDERAL,DETERMINATE,FEMALE,WHITE,CAUCASIAN,SCHE 1 W/O SEX
2016-2017,OCT,PAPER,FP-PRE,FP DENIED,REGULAR,,AFFIRMED,PAC,NOT APPLICABLE,FEDERAL,INDETERMINATE,MALE,WHITE,CAUCASIAN,SCHE 1 WITH SEX
2016-2017,MAR,PAPER,FP-PRE,FP DENIED,REGULAR,,AFFIRMED,ONT,NOT APPLICABLE,FEDERAL,INDETERMINATE,MALE,WHITE,CAUCASIAN,SCHE 1 WITH SEX
2016-2017,NOV,PAPER,FP-PRE,FP DENIED,REGULAR,,AFFIRMED,PAC,NOT APPLICABLE,FEDERAL,INDETERMINATE,MALE,WHITE,CAUCASIAN,SCHE 1 WITH SEX
2016-2017,APR,PAPER,FP-PRE,FP DENIED,REGULAR,,AFFIRMED,ONT,NOT APPLICABLE,FEDERAL,INDETERMINATE,MALE,WHITE,CAUCASIAN,SCHE 1 WITH SEX
2016-2017,NOV,PAPER,FP-PRE,FP DENIED,REGULAR,,AFFIRMED,PAC,NOT APPLICABLE,FEDERAL,INDETERMINATE,MALE,WHITE,CAUCASIAN,NON SCHEDULE
2016-2017,NOV,PAPER,FP-PRE,FP DENIED,REGULAR,,AFFIRMED,ATL,NOT APPLICABLE,FEDERAL,INDETERMINATE,MALE,WHITE,CAUCASIAN,SCHE 1 WITH SEX
2016-2017,MAY,PAPER,FP-PRE,FP DENIED,REGULAR,,AFFIRMED,ONT,NOT APPLICABLE,FEDERAL,INDETERMINATE,MALE,WHITE,CAUCASIAN,SCHE 1 WITH SEX
2016-2017,JUN,PAPER,FP-PRE,FP DENIED,REGULAR,,AFFIRMED,PRA,EDMONTON,FEDERAL,INDETERMINATE,MALE,WHITE,CAUCASIAN,SCHE 1 WITH SEX
2016-2017,MAY,PAPER,FP-PRE,FP DENIED,REGULAR,,AFFIRMED,PAC,NOT APPLICABLE,FEDERAL,INDETERMINATE,MALE,WHITE,CAUCASIAN,NON SCHEDULE
2016-2017,NOV,PAPER,FP-PRE,FP DENIED,REGULAR,,AFFIRMED,PRA,SASKATOON,FEDERAL,INDETERMINATE,MALE,WHITE,CAUCASIAN,SCHE 1 WITH SEX
2016-2017,JAN,PAPER,FP-PRE,FP DENIED,REGULAR,,AFFIRMED,PAC,NOT APPLICABLE,FEDERAL,INDETERMINATE,MALE,WHITE,CAUCASIAN,SCHE 1 WITH SEX
2016-2017,OCT,PAPER,FP-PRE,FP DENIED,REGULAR,,AFFIRMED,QUE,NOT APPLICABLE,FEDERAL,INDETERMINATE,MALE,WHITE,CAUCASIAN,MURDER 1
2016-2017,MAY,PAPER,FP-PRE,FP DENIED,REGULAR,,AFFIRMED,PRA,SASKATOON,FEDERAL,INDETERMINATE,MALE,WHITE,CAUCASIAN,MURDER 2
2016-2017,MAY,PAPER,FP-PRE,FP DENIED,REGULAR,,AFFIRMED,PRA,EDMONTON,FEDERAL,INDETERMINATE,MALE,WHITE,CAUCASIAN,MURDER 2
2016-2017,FEB,PAPER,FP-PRE,FP DENIED,REGULAR,,AFFIRMED,QUE,NOT APPLICABLE,FEDERAL,INDETERMINATE,MALE,WHITE,CAUCASIAN,MURDER 2
2016-2017,MAY,PAPER,FP-PRE,FP DENIED,REGULAR,,AFFIRMED,PAC,NOT APPLICABLE,FEDERAL,INDETERMINATE,MALE,WHITE,CAUCASIAN,MURDER 2
2016-2017,APR,PAPER,FP-PRE,FP DENIED,REGULAR,,AFFIRMED,PRA,EDMONTON,FEDERAL,DETERMINATE,MALE,METIS,ABORIGINAL,NON SCHEDULE
2016-2017,JUL,PAPER,FP-PRE,FP DENIED,REGULAR,,AFFIRMED,QUE,NOT APPLICABLE,FEDERAL,DETERMINATE,MALE,METIS,ABORIGINAL,SCHE 1 WITH SEX
2016-2017,FEB,PAPER,FP-PRE,FP DENIED,REGULAR,,AFFIRMED,PAC,NOT APPLICABLE,FEDERAL,INDETERMINATE,MALE,METIS,ABORIGINAL,SCHE 1 W/O SEX
2016-2017,JAN,PAPER,FP-PRE,FP DENIED,REGULAR,,AFFIRMED,QUE,NOT APPLICABLE,FEDERAL,INDETERMINATE,MALE,METIS,ABORIGINAL,MURDER 1
2016-2017,MAY,PAPER,FP-PRE,FP DENIED,REGULAR,,AFFIRMED,PAC,NOT APPLICABLE,FEDERAL,DETERMINATE,MALE,NORTH AMERICAN,ABORIGINAL,SCHE 1 WITH SEX
2016-2017,MAR,PAPER,FP-PRE,FP DENIED,REGULAR,,AFFIRMED,PAC,NOT APPLICABLE,FEDERAL,DETERMINATE,MALE,NORTH AMERICAN,ABORIGINAL,NON SCHEDULE
2016-2017,JAN,PAPER,FP-PRE,FP DENIED,REGULAR,,AFFIRMED,PAC,NOT APPLICABLE,FEDERAL,INDETERMINATE,MALE,NORTH AMERICAN,ABORIGINAL,MURDER 1
2016-2017,FEB,PAPER,FP-PRE,FP DENIED,REGULAR,,AFFIRMED,PRA,SASKATOON,FEDERAL,INDETERMINATE,MALE,NORTH AMERICAN,ABORIGINAL,MURDER 2
2016-2017,MAY,PAPER,FP-PRE,FP DENIED,REGULAR,,AFFIRMED,PAC,NOT APPLICABLE,FEDERAL,DETERMINATE,MALE,CHINESE,ASIAN,NON SCHEDULE
2016-2017,DEC,PAPER,FP-PRE,FP DENIED,REGULAR,,AFFIRMED,PRA,SASKATOON,FEDERAL,DETERMINATE,MALE,CHINESE,ASIAN,NON SCHEDULE
2016-2017,APR,PAPER,FP-PRE,FP DENIED,REGULAR,,AFFIRMED,PRA,EDMONTON,FEDERAL,INDETERMINATE,MALE,CHINESE,ASIAN,MURDER 2
2016-2017,JUN,PAPER,FP-PRE,FP DENIED,REGULAR,,AFFIRMED,QUE,NOT APPLICABLE,FEDERAL,DETERMINATE,MALE,LATIN AMERICAN,OTHER/UNKNOWN,SCHE 1 WITH SEX
2016-2017,AUG,PAPER,FP-PRE,FP DENIED,REGULAR,,AFFIRMED,QUE,NOT APPLICABLE,FEDERAL,DETERMINATE,MALE,LATIN AMERICAN,OTHER/UNKNOWN,SCHE 1 WITH SEX
2016-2017,SEP,PAPER,FP-PRE,FP DENIED,REGULAR,,AFFIRMED,ONT,NOT APPLICABLE,FEDERAL,DETERMINATE,MALE,LATIN AMERICAN,OTHER/UNKNOWN,NON SCHEDULE
2016-2017,JAN,PAPER,FP-PRE,FP DENIED,REGULAR,,AFFIRMED,QUE,NOT APPLICABLE,FEDERAL,DETERMINATE,MALE,ARAB,ASIAN,SCHE 1 W/O SEX
2016-2017,JUN,PAPER,FP-PRE,FP DENIED,REGULAR,,AFFIRMED,ONT,NOT APPLICABLE,FEDERAL,DETERMINATE,MALE,ARAB,ASIAN,SCHE 1 W/O SEX
2016-2017,JUN,PAPER,FP-PRE,FP DENIED,REGULAR,,AFFIRMED,ONT,NOT APPLICABLE,FEDERAL,DETERMINATE,MALE,ASI-E/SOUTHEAST,ASIAN,SCHE 1 W/O SEX
2016-2017,SEP,PAPER,FP-PRE,FP DENIED,REGULAR,,AFFIRMED,PRA,EDMONTON,FEDERAL,DETERMINATE,MALE,ASI-E/SOUTHEAST,ASIAN,SCHE 1 W/O SEX
2016-2017,JAN,PAPER,FP-PRE,FP DENIED,REGULAR,,AFFIRMED,ONT,NOT APPLICABLE,FEDERAL,INDETERMINATE,MALE,CARIBBEAN,BLACK,MURDER 2
2016-2017,NOV,PAPER,FP-PRE,FP DENIED,REGULAR,,AFFIRMED,PRA,EDMONTON,FEDERAL,DETERMINATE,MALE,MULTIRAC/ETHNIC,OTHER/UNKNOWN,SCHE 1 WITH SEX
2016-2017,JUL,PAPER,FP-PRE,FP DENIED,REGULAR,,PAN.HEAR.ORDER.,PRA,EDMONTON,PROVINCIAL,DETERMINATE,MALE,UNK,OTHER/UNKNOWN,SCHE 1 W/O SEX
2016-2017,MAY,PAPER,FP-PRE,FP DENIED,REGULAR,,PAN.HEAR.ORDER.,ONT,NOT APPLICABLE,FEDERAL,DETERMINATE,MALE,BLACK,BLACK,SCHE 1 WITH SEX
2016-2017,SEP,PAPER,FP-PRE,FP DENIED,REGULAR,,PAN.HEAR.ORDER.,ONT,NOT APPLICABLE,FEDERAL,DETERMINATE,MALE,BLACK,BLACK,SCHE 1 W/O SEX
2016-2017,MAY,PAPER,FP-PRE,FP DENIED,REGULAR,,PAN.HEAR.ORDER.,ONT,NOT APPLICABLE,FEDERAL,DETERMINATE,MALE,BLACK,BLACK,SCHEDULE 2
2016-2017,APR,PAPER,FP-PRE,FP DENIED,REGULAR,,PAN.HEAR.ORDER.,ONT,NOT APPLICABLE,FEDERAL,DETERMINATE,FEMALE,WHITE,CAUCASIAN,SCHE 1 W/O SEX
2016-2017,JUL,PAPER,FP-PRE,FP DENIED,REGULAR,,PAN.HEAR.ORDER.,PRA,SASKATOON,FEDERAL,DETERMINATE,FEMALE,WHITE,CAUCASIAN,SCHE 1 W/O SEX
2016-2017,JUN,PAPER,FP-PRE,FP DENIED,REGULAR,,PAN.HEAR.ORDER.,ONT,NOT APPLICABLE,FEDERAL,DETERMINATE,MALE,WHITE,CAUCASIAN,NON SCHEDULE
2016-2017,AUG,PAPER,FP-PRE,FP DENIED,REGULAR,,PAN.HEAR.ORDER.,PRA,EDMONTON,FEDERAL,DETERMINATE,MALE,WHITE,CAUCASIAN,SCHE 1 W/O SEX
2016-2017,OCT,PAPER,FP-PRE,FP DENIED,REGULAR,,PAN.HEAR.ORDER.,PAC,NOT APPLICABLE,FEDERAL,DETERMINATE,MALE,WHITE,CAUCASIAN,SCHEDULE 2
2016-2017,MAR,PAPER,FP-PRE,FP DENIED,REGULAR,,PAN.HEAR.ORDER.,ONT,NOT APPLICABLE,FEDERAL,DETERMINATE,FEMALE,WHITE,CAUCASIAN,SCHE 1 W/O SEX
2016-2017,JAN,PAPER,FP-PRE,FP DENIED,REGULAR,,PAN.HEAR.ORDER.,PRA,EDMONTON,FEDERAL,INDETERMINATE,MALE,WHITE,CAUCASIAN,SCHE 1 WITH SEX
2016-2017,MAR,PAPER,FP-PRE,FP DENIED,REGULAR,,PAN.HEAR.ORDER.,QUE,NOT APPLICABLE,FEDERAL,INDETERMINATE,MALE,WHITE,CAUCASIAN,MURDER 2
2016-2017,MAR,PAPER,FP-PRE,FP DENIED,REGULAR,,PAN.HEAR.ORDER.,PRA,EDMONTON,FEDERAL,DETERMINATE,MALE,METIS,ABORIGINAL,SCHE 1 W/O SEX
2016-2017,SEP,PAPER,FP-PRE,FP DENIED,REGULAR,,PAN.HEAR.ORDER.,PRA,EDMONTON,FEDERAL,DETERMINATE,MALE,NORTH AMERICAN,ABORIGINAL,SCHE 1 W/O SEX
2016-2017,NOV,PAPER,FP-PRE,FP DENIED,REGULAR,,PAN.HEAR.ORDER.,QUE,NOT APPLICABLE,FEDERAL,DETERMINATE,MALE,NORTH AMERICAN,ABORIGINAL,SCHEDULE 2
2016-2017,NOV,PAPER,FP-PRE,FP DENIED,REGULAR,,PAN.HEAR.ORDER.,PRA,EDMONTON,FEDERAL,DETERMINATE,MALE,NORTH AMERICAN,ABORIGINAL,NON SCHEDULE
2016-2017,MAR,PAPER,FP-PRE,FP DENIED,REGULAR,,PAN.HEAR.ORDER.,QUE,NOT APPLICABLE,FEDERAL,DETERMINATE,MALE,NORTH AMERICAN,ABORIGINAL,SCHE 1 WITH SEX
2016-2017,MAY,PAPER,FP-PRE,FP DENIED,REGULAR,,PAN.HEAR.ORDER.,PRA,EDMONTON,FEDERAL,DETERMINATE,MALE,NORTH AMERICAN,ABORIGINAL,NON SCHEDULE
2016-2017,OCT,PAPER,FP-PRE,FP DENIED,REGULAR,,PAN.HEAR.ORDER.,PAC,NOT APPLICABLE,FEDERAL,INDETERMINATE,MALE,NORTH AMERICAN,ABORIGINAL,SCHE 1 W/O SEX
2016-2017,AUG,PAPER,FP-PRE,FP DENIED,REGULAR,,PAN.HEAR.ORDER.,QUE,NOT APPLICABLE,FEDERAL,INDETERMINATE,MALE,NORTH AMERICAN,ABORIGINAL,SCHE 1 W/O SEX
2016-2017,MAY,PAPER,FP-PRE,FP DENIED,REGULAR,,PAN.HEAR.ORDER.,PAC,NOT APPLICABLE,FEDERAL,INDETERMINATE,MALE,NORTH AMERICAN,ABORIGINAL,MURDER 1
2016-2017,AUG,PAPER,FP-PRE,FP DENIED,REGULAR,,PAN.HEAR.ORDER.,ONT,NOT APPLICABLE,FEDERAL,DETERMINATE,MALE,LATIN AMERICAN,OTHER/UNKNOWN,NON SCHEDULE
2016-2017,JUL,PAPER,FP-PRE,FP DENIED,REGULAR,,PAN.HEAR.ORDER.,PRA,SASKATOON,FEDERAL,DETERMINATE,MALE,SOUTH ASIAN,ASIAN,SCHE 1 W/O SEX
2016-2017,JUL,PAPER,FP-PRE,FP DENIED,REGULAR,,REVIEW ORDERED,ONT,NOT APPLICABLE,FEDERAL,DETERMINATE,MALE,BLACK,BLACK,NON SCHEDULE
2016-2017,JAN,PAPER,FP-PRE,FP DENIED,REGULAR,,REV.DATE MOD.SE,PRA,SASKATOON,FEDERAL,DETERMINATE,MALE,UNK,OTHER/UNKNOWN,SCHE 1 W/O SEX
2016-2017,OCT,PAPER,FP-PRE,FP DENIED,REGULAR,,REV.DATE MOD.SE,ONT,NOT APPLICABLE,FEDERAL,DETERMINATE,FEMALE,BLACK,BLACK,SCHEDULE 2
2016-2017,OCT,PAPER,FP-PRE,FP DENIED,REGULAR,,REV.DATE MOD.SE,QUE,NOT APPLICABLE,FEDERAL,DETERMINATE,MALE,WHITE,CAUCASIAN,SCHEDULE 2
2016-2017,SEP,PAPER,FP-PRE,FP DENIED,REGULAR,,REV.DATE MOD.SE,ONT,NOT APPLICABLE,FEDERAL,INDETERMINATE,MALE,WHITE,CAUCASIAN,SCHE 1 W/O SEX
2016-2017,SEP,PAPER,FP-PRE,FP DENIED,REGULAR,,REV.DATE MOD.SE,QUE,NOT APPLICABLE,FEDERAL,INDETERMINATE,MALE,WHITE,CAUCASIAN,SCHE 1 WITH SEX
2016-2017,JUL,PAPER,FP-PRE,FP DENIED,REGULAR,,REV.DATE MOD.SE,PAC,NOT APPLICABLE,FEDERAL,INDETERMINATE,MALE,NORTH AMERICAN,ABORIGINAL,SCHE 1 W/O SEX
2016-2017,JUL,PAPER,FP-PRE,FP DENIED,REGULAR,,REV.DATE MOD.SE,ONT,NOT APPLICABLE,FEDERAL,DETERMINATE,MALE,EURO.-EASTERN,CAUCASIAN,SCHE 1 W/O SEX
2016-2017,NOV,PAPER,FP-PRE,FP NO ACTION,REGULAR,,SPLIT VOTE,ATL,NOT APPLICABLE,PROVINCIAL,DETERMINATE,MALE,WHITE,CAUCASIAN,SCHE 1 W/O SEX
2016-2017,NOV,PAPER,FP-PRE,FP NO ACTION,REGULAR,,AFFIRMED,ATL,NOT APPLICABLE,PROVINCIAL,DETERMINATE,MALE,WHITE,CAUCASIAN,SCHE 1 W/O SEX
2016-2017,MAY,PAPER,FP-PRE,FP NO ACTION,REGULAR,,REVIEW ORDERED,ONT,NOT APPLICABLE,FEDERAL,DETERMINATE,MALE,WHITE,CAUCASIAN,SCHE 1 W/O SEX
2016-2017,OCT,PAPER,FP-PRE,FP NOT DIRECTED,APR,APR-FINAL,AFFIRMED,ONT,NOT APPLICABLE,FEDERAL,DETERMINATE,MALE,WHITE,CAUCASIAN,NON SCHEDULE
2016-2017,MAY,PAPER,FP-PRE,FP NOT DIRECTED,APR,APR-FINAL,AFFIRMED,ONT,NOT APPLICABLE,FEDERAL,DETERMINATE,MALE,ASI-E/SOUTHEAST,ASIAN,SCHEDULE 2
2016-2017,JUL,PAPER,FP-POST,FP TERMIN.CONF.,REGULAR,,AFFIRMED,PAC,NOT APPLICABLE,FEDERAL,INDETERMINATE,MALE,WHITE,CAUCASIAN,MURDER 2
2016-2017,NOV,PAPER,FP-POST,FP REVOKED,REGULAR,,AFFIRMED,ATL,NOT APPLICABLE,FEDERAL,DETERMINATE,MALE,WHITE,CAUCASIAN,SCHEDULE 2
2016-2017,AUG,PAPER,FP-POST,FP REVOKED,REGULAR,,AFFIRMED,ATL,NOT APPLICABLE,FEDERAL,DETERMINATE,MALE,WHITE,CAUCASIAN,SCHEDULE 2
2016-2017,MAY,PAPER,FP-POST,FP REVOKED,REGULAR,,AFFIRMED,PRA,EDMONTON,FEDERAL,DETERMINATE,MALE,WHITE,CAUCASIAN,SCHEDULE 2
2016-2017,JUN,PAPER,FP-POST,FP REVOKED,REGULAR,,AFFIRMED,PRA,EDMONTON,FEDERAL,DETERMINATE,MALE,WHITE,CAUCASIAN,SCHE 1 WITH SEX
2016-2017,NOV,PAPER,FP-POST,FP REVOKED,REGULAR,,AFFIRMED,ATL,NOT APPLICABLE,FEDERAL,DETERMINATE,MALE,WHITE,CAUCASIAN,SCHEDULE 2
2016-2017,FEB,PAPER,FP-POST,FP REVOKED,REGULAR,,AFFIRMED,PAC,NOT APPLICABLE,FEDERAL,INDETERMINATE,MALE,WHITE,CAUCASIAN,SCHE 1 WITH SEX
2016-2017,OCT,PAPER,FP-POST,FP REVOKED,REGULAR,,AFFIRMED,QUE,NOT APPLICABLE,FEDERAL,INDETERMINATE,MALE,WHITE,CAUCASIAN,MURDER 2
2016-2017,APR,PAPER,FP-POST,FP REVOKED,REGULAR,,AFFIRMED,PAC,NOT APPLICABLE,FEDERAL,INDETERMINATE,MALE,NORTH AMERICAN,ABORIGINAL,MURDER 1
2016-2017,OCT,PAPER,FP-POST,FP REVOKED,REGULAR,,AFFIRMED,PAC,NOT APPLICABLE,FEDERAL,INDETERMINATE,MALE,NORTH AMERICAN,ABORIGINAL,MURDER 2
2016-2017,MAR,PAPER,FP-POST,FP REVOKED,REGULAR,,AFFIRMED,PAC,NOT APPLICABLE,FEDERAL,DETERMINATE,MALE,S. E. ASIAN,ASIAN,NON SCHEDULE
2016-2017,APR,PAPER,FP-POST,FP REVOKED,REGULAR,,PAN.HEAR.ORDER.,ONT,NOT APPLICABLE,FEDERAL,DETERMINATE,MALE,BLACK,BLACK,NON SCHEDULE
2016-2017,APR,PAPER,FP-POST,FP REVOKED,REGULAR,,PAN.HEAR.ORDER.,ONT,NOT APPLICABLE,FEDERAL,DETERMINATE,MALE,WHITE,CAUCASIAN,NON SCHEDULE
2016-2017,OCT,PAPER,FP-POST,FP REVOKED,REGULAR,,PAN.HEAR.ORDER.,PRA,EDMONTON,FEDERAL,DETERMINATE,FEMALE,WHITE,CAUCASIAN,SCHEDULE 2
2016-2017,JUN,PAPER,FP-POST,FP REVOKED,REGULAR,,PAN.HEAR.ORDER.,PRA,EDMONTON,FEDERAL,DETERMINATE,MALE,WHITE,CAUCASIAN,SCHEDULE 2
2016-2017,APR,PAPER,FP-POST,FP REVOKED,REGULAR,,PAN.HEAR.ORDER.,PRA,EDMONTON,FEDERAL,DETERMINATE,MALE,ASI-E/SOUTHEAST,ASIAN,SCHEDULE 2
2016-2017,AUG,PAPER,FP-POST,FP REVOKED,REGULAR,,PAN.HEAR.ORDER.,PRA,SASKATOON,FEDERAL,DETERMINATE,MALE,ASIAN-SOUTH,ASIAN,SCHEDULE 2
2016-2017,APR,PAPER,FP-POST,FP REVOKED,REGULAR,,REVIEW ORDERED,PAC,NOT APPLICABLE,FEDERAL,INDETERMINATE,MALE,WHITE,CAUCASIAN,MURDER 2
2016-2017,JUN,PAPER,FP-POST,FP REVOKED,APR,APR-INITIAL,AFFIRMED,QUE,NOT APPLICABLE,FEDERAL,DETERMINATE,MALE,WHITE,CAUCASIAN,NON SCHEDULE
2016-2017,NOV,PAPER,FP-POST,FP REVOKED,APR,APR-INITIAL,AFFIRMED,PAC,NOT APPLICABLE,FEDERAL,DETERMINATE,MALE,SOUTH ASIAN,ASIAN,SCHEDULE 2
2016-2017,JUL,PAPER,FP-POST,FP REVOKED,APR,APR-INITIAL,PAN.HEAR.ORDER.,ONT,NOT APPLICABLE,FEDERAL,DETERMINATE,MALE,ARAB/WEST ASIAN,OTHER/UNKNOWN,SCHEDULE 2
2016-2017,AUG,PAPER,FP-POST,FP REVOKED,APR,APR-INITIAL,PAN.HEAR.ORDER.,PAC,NOT APPLICABLE,FEDERAL,DETERMINATE,MALE,WHITE,CAUCASIAN,SCHEDULE 2
2016-2017,APR,PAPER,FP-POST,FP REVOKED,APR,APR-INITIAL,PAN.HEAR.ORDER.,ONT,NOT APPLICABLE,FEDERAL,DETERMINATE,MALE,WHITE,CAUCASIAN,SCHEDULE 2
2016-2017,JUL,PAPER,FP-POST,FP REVOKED,APR,APR-INITIAL,PAN.HEAR.ORDER.,PAC,NOT APPLICABLE,FEDERAL,DETERMINATE,MALE,S. E. ASIAN,ASIAN,SCHEDULE 2
2016-2017,AUG,PAPER,FP-POST,FP REVOKED,REGULAR,,PAN.HEAR.ORDER.,PAC,NOT APPLICABLE,FEDERAL,INDETERMINATE,FEMALE,ASIATIC,ASIAN,MURDER 2
2016-2017,FEB,PAPER,DP-PRE,DP DENIED,REGULAR,,AFFIRMED,ONT,NOT APPLICABLE,FEDERAL,DETERMINATE,MALE,UNK,OTHER/UNKNOWN,NON SCHEDULE
2016-2017,AUG,PAPER,DP-PRE,DP DENIED,REGULAR,,AFFIRMED,PRA,SASKATOON,FEDERAL,DETERMINATE,MALE,UNK,OTHER/UNKNOWN,SCHEDULE 2
2016-2017,SEP,PAPER,DP-PRE,DP DENIED,REGULAR,,AFFIRMED,PRA,EDMONTON,FEDERAL,DETERMINATE,MALE,UNK,OTHER/UNKNOWN,SCHEDULE 2
2016-2017,JAN,PAPER,DP-PRE,DP DENIED,REGULAR,,AFFIRMED,PRA,SASKATOON,FEDERAL,DETERMINATE,MALE,UNK,OTHER/UNKNOWN,SCHEDULE 2
2016-2017,MAR,PAPER,DP-PRE,DP DENIED,REGULAR,,AFFIRMED,ONT,NOT APPLICABLE,FEDERAL,DETERMINATE,MALE,UNK,OTHER/UNKNOWN,NON SCHEDULE
2016-2017,SEP,PAPER,DP-PRE,DP DENIED,REGULAR,,AFFIRMED,PRA,SASKATOON,FEDERAL,DETERMINATE,MALE,UNK,OTHER/UNKNOWN,SCHEDULE 2
2016-2017,FEB,PAPER,DP-PRE,DP DENIED,REGULAR,,AFFIRMED,ONT,NOT APPLICABLE,FEDERAL,DETERMINATE,MALE,UNK,OTHER/UNKNOWN,SCHE 1 W/O SEX
2016-2017,MAY,PAPER,DP-PRE,DP DENIED,REGULAR,,AFFIRMED,PRA,EDMONTON,PROVINCIAL,DETERMINATE,MALE,UNK,OTHER/UNKNOWN,SCHEDULE 2
2016-2017,JAN,PAPER,DP-PRE,DP DENIED,REGULAR,,AFFIRMED,PRA,EDMONTON,PROVINCIAL,DETERMINATE,MALE,UNK,OTHER/UNKNOWN,SCHE 1 W/O SEX
2016-2017,DEC,PAPER,DP-PRE,DP DENIED,REGULAR,,AFFIRMED,PRA,EDMONTON,PROVINCIAL,DETERMINATE,MALE,UNK,OTHER/UNKNOWN,SCHEDULE 2
2016-2017,JUL,PAPER,DP-PRE,DP DENIED,REGULAR,,AFFIRMED,PAC,NOT APPLICABLE,PROVINCIAL,DETERMINATE,MALE,ARAB/WEST ASIAN,OTHER/UNKNOWN,SCHE 1 W/O SEX
2016-2017,MAR,PAPER,DP-PRE,DP DENIED,REGULAR,,AFFIRMED,QUE,NOT APPLICABLE,FEDERAL,DETERMINATE,MALE,ARAB/WEST ASIAN,OTHER/UNKNOWN,NON SCHEDULE
2016-2017,JUN,PAPER,DP-PRE,DP DENIED,REGULAR,,AFFIRMED,PAC,NOT APPLICABLE,FEDERAL,DETERMINATE,MALE,ARAB/WEST ASIAN,OTHER/UNKNOWN,SCHE 1 W/O SEX
2016-2017,MAY,PAPER,DP-PRE,DP DENIED,REGULAR,,AFFIRMED,QUE,NOT APPLICABLE,FEDERAL,DETERMINATE,MALE,BLACK,BLACK,SCHE 1 W/O SEX
2016-2017,JAN,PAPER,DP-PRE,DP DENIED,REGULAR,,AFFIRMED,ONT,NOT APPLICABLE,FEDERAL,DETERMINATE,MALE,BLACK,BLACK,SCHE 1 W/O SEX
2016-2017,APR,PAPER,DP-PRE,DP DENIED,REGULAR,,AFFIRMED,PAC,NOT APPLICABLE,FEDERAL,DETERMINATE,MALE,BLACK,BLACK,SCHE 1 W/O SEX
2016-2017,APR,PAPER,DP-PRE,DP DENIED,REGULAR,,AFFIRMED,PRA,EDMONTON,FEDERAL,DETERMINATE,MALE,BLACK,BLACK,SCHE 1 W/O SEX
2016-2017,NOV,PAPER,DP-PRE,DP DENIED,REGULAR,,AFFIRMED,ONT,NOT APPLICABLE,FEDERAL,DETERMINATE,MALE,BLACK,BLACK,SCHE 1 W/O SEX
2016-2017,APR,PAPER,DP-PRE,DP DENIED,REGULAR,,AFFIRMED,ONT,NOT APPLICABLE,FEDERAL,DETERMINATE,MALE,BLACK,BLACK,SCHEDULE 2
2016-2017,SEP,PAPER,DP-PRE,DP DENIED,REGULAR,,AFFIRMED,PRA,EDMONTON,FEDERAL,DETERMINATE,MALE,BLACK,BLACK,SCHE 1 W/O SEX
2016-2017,AUG,PAPER,DP-PRE,DP DENIED,REGULAR,,AFFIRMED,PRA,EDMONTON,FEDERAL,DETERMINATE,MALE,BLACK,BLACK,SCHE 1 W/O SEX
2016-2017,SEP,PAPER,DP-PRE,DP DENIED,REGULAR,,AFFIRMED,PRA,EDMONTON,FEDERAL,DETERMINATE,MALE,BLACK,BLACK,SCHE 1 WITH SEX
2016-2017,OCT,PAPER,DP-PRE,DP DENIED,REGULAR,,AFFIRMED,ONT,NOT APPLICABLE,FEDERAL,DETERMINATE,MALE,BLACK,BLACK,NON SCHEDULE
2016-2017,NOV,PAPER,DP-PRE,DP DENIED,REGULAR,,AFFIRMED,ONT,NOT APPLICABLE,FEDERAL,INDETERMINATE,MALE,BLACK,BLACK,SCHE 1 WITH SEX
2016-2017,MAR,PAPER,DP-PRE,DP DENIED,REGULAR,,AFFIRMED,ATL,NOT APPLICABLE,FEDERAL,INDETERMINATE,MALE,BLACK,BLACK,MURDER 1
2016-2017,DEC,PAPER,DP-PRE,DP DENIED,REGULAR,,AFFIRMED,ONT,NOT APPLICABLE,FEDERAL,INDETERMINATE,MALE,BLACK,BLACK,MURDER 2
2016-2017,SEP,PAPER,DP-PRE,DP DENIED,REGULAR,,AFFIRMED,PRA,SASKATOON,FEDERAL,DETERMINATE,MALE,WHITE,CAUCASIAN,NON SCHEDULE
2016-2017,AUG,PAPER,DP-PRE,DP DENIED,REGULAR,,AFFIRMED,QUE,NOT APPLICABLE,FEDERAL,DETERMINATE,FEMALE,WHITE,CAUCASIAN,NON SCHEDULE
2016-2017,OCT,PAPER,DP-PRE,DP DENIED,REGULAR,,AFFIRMED,QUE,NOT APPLICABLE,FEDERAL,DETERMINATE,MALE,WHITE,CAUCASIAN,SCHE 1 W/O SEX
2016-2017,JAN,PAPER,DP-PRE,DP DENIED,REGULAR,,AFFIRMED,PAC,NOT APPLICABLE,PROVINCIAL,DETERMINATE,MALE,WHITE,CAUCASIAN,SCHE 1 WITH SEX
2016-2017,DEC,PAPER,DP-PRE,DP DENIED,REGULAR,,AFFIRMED,ONT,NOT APPLICABLE,FEDERAL,DETERMINATE,MALE,WHITE,CAUCASIAN,SCHE 1 WITH SEX
2016-2017,APR,PAPER,DP-PRE,DP DENIED,REGULAR,,AFFIRMED,QUE,NOT APPLICABLE,FEDERAL,DETERMINATE,MALE,WHITE,CAUCASIAN,SCHE 1 W/O SEX
2016-2017,JUL,PAPER,DP-PRE,DP DENIED,REGULAR,,AFFIRMED,PAC,NOT APPLICABLE,FEDERAL,DETERMINATE,MALE,WHITE,CAUCASIAN,SCHEDULE 2
2016-2017,JAN,PAPER,DP-PRE,DP DENIED,REGULAR,,AFFIRMED,QUE,NOT APPLICABLE,FEDERAL,DETERMINATE,MALE,WHITE,CAUCASIAN,SCHEDULE 2
2016-2017,OCT,PAPER,DP-PRE,DP DENIED,REGULAR,,AFFIRMED,QUE,NOT APPLICABLE,FEDERAL,DETERMINATE,MALE,WHITE,CAUCASIAN,SCHE 1 W/O SEX
2016-2017,AUG,PAPER,DP-PRE,DP DENIED,REGULAR,,AFFIRMED,PRA,SASKATOON,FEDERAL,DETERMINATE,MALE,WHITE,CAUCASIAN,SCHE 1 W/O SEX
2016-2017,NOV,PAPER,DP-PRE,DP DENIED,REGULAR,,AFFIRMED,PAC,NOT APPLICABLE,PROVINCIAL,DETERMINATE,MALE,WHITE,CAUCASIAN,SCHE 1 W/O SEX
2016-2017,JAN,PAPER,DP-PRE,DP DENIED,REGULAR,,AFFIRMED,ONT,NOT APPLICABLE,FEDERAL,DETERMINATE,MALE,WHITE,CAUCASIAN,SCHEDULE 2
2016-2017,OCT,PAPER,DP-PRE,DP DENIED,REGULAR,,AFFIRMED,PRA,EDMONTON,FEDERAL,DETERMINATE,MALE,WHITE,CAUCASIAN,SCHE 1 WITH SEX
2016-2017,JUN,PAPER,DP-PRE,DP DENIED,REGULAR,,AFFIRMED,ONT,NOT APPLICABLE,FEDERAL,DETERMINATE,MALE,WHITE,CAUCASIAN,SCHE 1 W/O SEX
2016-2017,OCT,PAPER,DP-PRE,DP DENIED,REGULAR,,AFFIRMED,QUE,NOT APPLICABLE,FEDERAL,DETERMINATE,FEMALE,WHITE,CAUCASIAN,SCHE 1 W/O SEX
2016-2017,OCT,PAPER,DP-PRE,DP DENIED,REGULAR,,AFFIRMED,QUE,NOT APPLICABLE,FEDERAL,DETERMINATE,MALE,WHITE,CAUCASIAN,NON SCHEDULE
2016-2017,JAN,PAPER,DP-PRE,DP DENIED,REGULAR,,AFFIRMED,PRA,EDMONTON,FEDERAL,DETERMINATE,MALE,WHITE,CAUCASIAN,SCHE 1 W/O SEX
2016-2017,MAY,PAPER,DP-PRE,DP DENIED,REGULAR,,AFFIRMED,ATL,NOT APPLICABLE,PROVINCIAL,DETERMINATE,MALE,WHITE,CAUCASIAN,NON SCHEDULE
2016-2017,JUN,PAPER,DP-PRE,DP DENIED,REGULAR,,AFFIRMED,QUE,NOT APPLICABLE,FEDERAL,DETERMINATE,MALE,WHITE,CAUCASIAN,SCHE 1 W/O SEX
2016-2017,MAY,PAPER,DP-PRE,DP DENIED,REGULAR,,AFFIRMED,QUE,NOT APPLICABLE,FEDERAL,DETERMINATE,MALE,WHITE,CAUCASIAN,SCHE 1 WITH SEX
2016-2017,OCT,PAPER,DP-PRE,DP DENIED,REGULAR,,AFFIRMED,ONT,NOT APPLICABLE,FEDERAL,DETERMINATE,MALE,WHITE,CAUCASIAN,SCHE 1 WITH SEX
2016-2017,SEP,PAPER,DP-PRE,DP DENIED,REGULAR,,AFFIRMED,QUE,NOT APPLICABLE,FEDERAL,DETERMINATE,MALE,WHITE,CAUCASIAN,SCHEDULE 2
2016-2017,NOV,PAPER,DP-PRE,DP DENIED,REGULAR,,AFFIRMED,PRA,EDMONTON,FEDERAL,DETERMINATE,MALE,WHITE,CAUCASIAN,SCHE 1 WITH SEX
2016-2017,MAR,PAPER,DP-PRE,DP DENIED,REGULAR,,AFFIRMED,PAC,NOT APPLICABLE,PROVINCIAL,DETERMINATE,MALE,WHITE,CAUCASIAN,SCHE 1 W/O SEX
2016-2017,APR,PAPER,DP-PRE,DP DENIED,REGULAR,,AFFIRMED,QUE,NOT APPLICABLE,FEDERAL,DETERMINATE,MALE,WHITE,CAUCASIAN,NON SCHEDULE
2016-2017,AUG,PAPER,DP-PRE,DP DENIED,REGULAR,,AFFIRMED,PAC,NOT APPLICABLE,PROVINCIAL,DETERMINATE,MALE,WHITE,CAUCASIAN,NON SCHEDULE
2016-2017,JAN,PAPER,DP-PRE,DP DENIED,REGULAR,,AFFIRMED,PAC,NOT APPLICABLE,FEDERAL,DETERMINATE,MALE,WHITE,CAUCASIAN,NON SCHEDULE
2016-2017,OCT,PAPER,DP-PRE,DP DENIED,REGULAR,,AFFIRMED,ATL,NOT APPLICABLE,FEDERAL,DETERMINATE,FEMALE,WHITE,CAUCASIAN,SCHEDULE 2
2016-2017,AUG,PAPER,DP-PRE,DP DENIED,REGULAR,,AFFIRMED,PAC,NOT APPLICABLE,PROVINCIAL,DETERMINATE,MALE,WHITE,CAUCASIAN,SCHE 1 W/O SEX
2016-2017,OCT,PAPER,DP-PRE,DP DENIED,REGULAR,,AFFIRMED,PAC,NOT APPLICABLE,PROVINCIAL,DETERMINATE,MALE,WHITE,CAUCASIAN,SCHE 1 W/O SEX
2016-2017,OCT,PAPER,DP-PRE,DP DENIED,REGULAR,,AFFIRMED,PAC,NOT APPLICABLE,PROVINCIAL,DETERMINATE,MALE,WHITE,CAUCASIAN,NON SCHEDULE
2016-2017,FEB,PAPER,DP-PRE,DP DENIED,REGULAR,,AFFIRMED,QUE,NOT APPLICABLE,FEDERAL,DETERMINATE,MALE,WHITE,CAUCASIAN,SCHEDULE 2
2016-2017,FEB,PAPER,DP-PRE,DP DENIED,REGULAR,,AFFIRMED,ONT,NOT APPLICABLE,FEDERAL,DETERMINATE,MALE,WHITE,CAUCASIAN,NON SCHEDULE
2016-2017,SEP,PAPER,DP-PRE,DP DENIED,REGULAR,,AFFIRMED,PAC,NOT APPLICABLE,FEDERAL,DETERMINATE,MALE,WHITE,CAUCASIAN,SCHEDULE 2
2016-2017,FEB,PAPER,DP-PRE,DP DENIED,REGULAR,,AFFIRMED,PRA,SASKATOON,FEDERAL,DETERMINATE,MALE,WHITE,CAUCASIAN,SCHEDULE 2
2016-2017,NOV,PAPER,DP-PRE,DP DENIED,REGULAR,,AFFIRMED,ONT,NOT APPLICABLE,FEDERAL,DETERMINATE,MALE,WHITE,CAUCASIAN,SCHEDULE 2
2016-2017,NOV,PAPER,DP-PRE,DP DENIED,REGULAR,,AFFIRMED,PAC,NOT APPLICABLE,PROVINCIAL,DETERMINATE,MALE,WHITE,CAUCASIAN,NON SCHEDULE
2016-2017,OCT,PAPER,DP-PRE,DP DENIED,REGULAR,,AFFIRMED,QUE,NOT APPLICABLE,FEDERAL,DETERMINATE,MALE,WHITE,CAUCASIAN,SCHE 1 WITH SEX
2016-2017,FEB,PAPER,DP-PRE,DP DENIED,REGULAR,,AFFIRMED,QUE,NOT APPLICABLE,FEDERAL,DETERMINATE,MALE,WHITE,CAUCASIAN,SCHE 1 W/O SEX
2016-2017,JUL,PAPER,DP-PRE,DP DENIED,REGULAR,,AFFIRMED,QUE,NOT APPLICABLE,FEDERAL,DETERMINATE,MALE,WHITE,CAUCASIAN,NON SCHEDULE
2016-2017,NOV,PAPER,DP-PRE,DP DENIED,REGULAR,,AFFIRMED,PRA,EDMONTON,FEDERAL,DETERMINATE,MALE,WHITE,CAUCASIAN,NON SCHEDULE
2016-2017,AUG,PAPER,DP-PRE,DP DENIED,REGULAR,,AFFIRMED,QUE,NOT APPLICABLE,FEDERAL,DETERMINATE,MALE,WHITE,CAUCASIAN,NON SCHEDULE
2016-2017,FEB,PAPER,DP-PRE,DP DENIED,REGULAR,,AFFIRMED,ONT,NOT APPLICABLE,FEDERAL,DETERMINATE,MALE,WHITE,CAUCASIAN,SCHE 1 WITH SEX
2016-2017,JUN,PAPER,DP-PRE,DP DENIED,REGULAR,,AFFIRMED,PRA,EDMONTON,FEDERAL,DETERMINATE,MALE,WHITE,CAUCASIAN,SCHE 1 W/O SEX
2016-2017,APR,PAPER,DP-PRE,DP DENIED,REGULAR,,AFFIRMED,PRA,SASKATOON,FEDERAL,DETERMINATE,MALE,WHITE,CAUCASIAN,SCHE 1 W/O SEX
2016-2017,JAN,PAPER,DP-PRE,DP DENIED,REGULAR,,AFFIRMED,PAC,NOT APPLICABLE,PROVINCIAL,DETERMINATE,MALE,WHITE,CAUCASIAN,NON SCHEDULE
2016-2017,MAY,PAPER,DP-PRE,DP DENIED,REGULAR,,AFFIRMED,ATL,NOT APPLICABLE,FEDERAL,DETERMINATE,MALE,WHITE,CAUCASIAN,NON SCHEDULE
2016-2017,MAR,PAPER,DP-PRE,DP DENIED,REGULAR,,AFFIRMED,QUE,NOT APPLICABLE,FEDERAL,DETERMINATE,MALE,WHITE,CAUCASIAN,SCHE 1 WITH SEX
2016-2017,FEB,PAPER,DP-PRE,DP DENIED,REGULAR,,AFFIRMED,ONT,NOT APPLICABLE,FEDERAL,DETERMINATE,MALE,WHITE,CAUCASIAN,SCHE 1 WITH SEX
2016-2017,OCT,PAPER,DP-PRE,DP DENIED,REGULAR,,AFFIRMED,PRA,EDMONTON,FEDERAL,DETERMINATE,MALE,WHITE,CAUCASIAN,SCHE 1 W/O SEX
2016-2017,FEB,PAPER,DP-PRE,DP DENIED,REGULAR,,AFFIRMED,QUE,NOT APPLICABLE,FEDERAL,DETERMINATE,MALE,WHITE,CAUCASIAN,NON SCHEDULE
2016-2017,SEP,PAPER,DP-PRE,DP DENIED,REGULAR,,AFFIRMED,QUE,NOT APPLICABLE,FEDERAL,DETERMINATE,MALE,WHITE,CAUCASIAN,SCHE 1 W/O SEX
2016-2017,NOV,PAPER,DP-PRE,DP DENIED,REGULAR,,AFFIRMED,ATL,NOT APPLICABLE,PROVINCIAL,DETERMINATE,MALE,WHITE,CAUCASIAN,NON SCHEDULE
2016-2017,NOV,PAPER,DP-PRE,DP DENIED,REGULAR,,AFFIRMED,PAC,NOT APPLICABLE,FEDERAL,DETERMINATE,MALE,WHITE,CAUCASIAN,SCHE 1 W/O SEX
2016-2017,SEP,PAPER,DP-PRE,DP DENIED,REGULAR,,AFFIRMED,PRA,SASKATOON,FEDERAL,DETERMINATE,MALE,WHITE,CAUCASIAN,NON SCHEDULE
2016-2017,FEB,PAPER,DP-PRE,DP DENIED,REGULAR,,AFFIRMED,ONT,NOT APPLICABLE,FEDERAL,DETERMINATE,MALE,WHITE,CAUCASIAN,SCHE 1 WITH SEX
2016-2017,MAY,PAPER,DP-PRE,DP DENIED,REGULAR,,AFFIRMED,QUE,NOT APPLICABLE,FEDERAL,DETERMINATE,MALE,WHITE,CAUCASIAN,SCHE 1 WITH SEX
2016-2017,APR,PAPER,DP-PRE,DP DENIED,REGULAR,,AFFIRMED,PRA,SASKATOON,FEDERAL,DETERMINATE,MALE,WHITE,CAUCASIAN,NON SCHEDULE
2016-2017,AUG,PAPER,DP-PRE,DP DENIED,REGULAR,,AFFIRMED,ATL,NOT APPLICABLE,FEDERAL,DETERMINATE,MALE,WHITE,CAUCASIAN,SCHE 1 W/O SEX
2016-2017,MAR,PAPER,DP-PRE,DP DENIED,REGULAR,,AFFIRMED,ONT,NOT APPLICABLE,FEDERAL,DETERMINATE,MALE,WHITE,CAUCASIAN,SCHE 1 W/O SEX
2016-2017,JAN,PAPER,DP-PRE,DP DENIED,REGULAR,,AFFIRMED,QUE,NOT APPLICABLE,FEDERAL,DETERMINATE,MALE,WHITE,CAUCASIAN,SCHEDULE 2
2016-2017,APR,PAPER,DP-PRE,DP DENIED,REGULAR,,AFFIRMED,QUE,NOT APPLICABLE,FEDERAL,DETERMINATE,MALE,WHITE,CAUCASIAN,SCHE 1 WITH SEX
2016-2017,OCT,PAPER,DP-PRE,DP DENIED,REGULAR,,AFFIRMED,QUE,NOT APPLICABLE,FEDERAL,DETERMINATE,FEMALE,WHITE,CAUCASIAN,SCHE 1 W/O SEX
2016-2017,AUG,PAPER,DP-PRE,DP DENIED,REGULAR,,AFFIRMED,ONT,NOT APPLICABLE,FEDERAL,DETERMINATE,MALE,WHITE,CAUCASIAN,SCHE 1 W/O SEX
2016-2017,JUN,PAPER,DP-PRE,DP DENIED,REGULAR,,AFFIRMED,PAC,NOT APPLICABLE,PROVINCIAL,DETERMINATE,MALE,WHITE,CAUCASIAN,SCHEDULE 2
2016-2017,MAY,PAPER,DP-PRE,DP DENIED,REGULAR,,AFFIRMED,PAC,NOT APPLICABLE,FEDERAL,INDETERMINATE,MALE,WHITE,CAUCASIAN,NON SCHEDULE
2016-2017,NOV,PAPER,DP-PRE,DP DENIED,REGULAR,,AFFIRMED,PRA,SASKATOON,FEDERAL,INDETERMINATE,MALE,WHITE,CAUCASIAN,SCHE 1 WITH SEX
2016-2017,APR,PAPER,DP-PRE,DP DENIED,REGULAR,,AFFIRMED,ONT,NOT APPLICABLE,FEDERAL,INDETERMINATE,MALE,WHITE,CAUCASIAN,SCHE 1 WITH SEX
2016-2017,MAR,PAPER,DP-PRE,DP DENIED,REGULAR,,AFFIRMED,ONT,NOT APPLICABLE,FEDERAL,INDETERMINATE,MALE,WHITE,CAUCASIAN,SCHE 1 WITH SEX
2016-2017,DEC,PAPER,DP-PRE,DP DENIED,REGULAR,,AFFIRMED,PAC,NOT APPLICABLE,FEDERAL,INDETERMINATE,MALE,WHITE,CAUCASIAN,SCHE 1 WITH SEX
2016-2017,NOV,PAPER,DP-PRE,DP DENIED,REGULAR,,AFFIRMED,PAC,NOT APPLICABLE,FEDERAL,INDETERMINATE,MALE,WHITE,CAUCASIAN,SCHE 1 WITH SEX
2016-2017,OCT,PAPER,DP-PRE,DP DENIED,REGULAR,,AFFIRMED,PAC,NOT APPLICABLE,FEDERAL,INDETERMINATE,MALE,WHITE,CAUCASIAN,SCHE 1 WITH SEX
2016-2017,MAY,PAPER,DP-PRE,DP DENIED,REGULAR,,AFFIRMED,ONT,NOT APPLICABLE,FEDERAL,INDETERMINATE,MALE,WHITE,CAUCASIAN,SCHE 1 WITH SEX
2016-2017,JUN,PAPER,DP-PRE,DP DENIED,REGULAR,,AFFIRMED,PRA,EDMONTON,FEDERAL,INDETERMINATE,MALE,WHITE,CAUCASIAN,SCHE 1 WITH SEX
2016-2017,NOV,PAPER,DP-PRE,DP DENIED,REGULAR,,AFFIRMED,PAC,NOT APPLICABLE,FEDERAL,INDETERMINATE,MALE,WHITE,CAUCASIAN,NON SCHEDULE
2016-2017,JAN,PAPER,DP-PRE,DP DENIED,REGULAR,,AFFIRMED,PAC,NOT APPLICABLE,FEDERAL,INDETERMINATE,MALE,WHITE,CAUCASIAN,SCHE 1 WITH SEX
2016-2017,MAY,PAPER,DP-PRE,DP DENIED,REGULAR,,AFFIRMED,PRA,EDMONTON,FEDERAL,INDETERMINATE,MALE,WHITE,CAUCASIAN,MURDER 1
2016-2017,MAY,PAPER,DP-PRE,DP DENIED,REGULAR,,AFFIRMED,PRA,SASKATOON,FEDERAL,INDETERMINATE,MALE,WHITE,CAUCASIAN,MURDER 2
2016-2017,MAY,PAPER,DP-PRE,DP DENIED,REGULAR,,AFFIRMED,PRA,EDMONTON,FEDERAL,INDETERMINATE,MALE,WHITE,CAUCASIAN,MURDER 2
2016-2017,NOV,PAPER,DP-PRE,DP DENIED,REGULAR,,AFFIRMED,ATL,NOT APPLICABLE,FEDERAL,INDETERMINATE,MALE,WHITE,CAUCASIAN,MURDER 2
2016-2017,OCT,PAPER,DP-PRE,DP DENIED,REGULAR,,AFFIRMED,QUE,NOT APPLICABLE,FEDERAL,INDETERMINATE,MALE,WHITE,CAUCASIAN,MURDER 1
2016-2017,NOV,PAPER,DP-PRE,DP DENIED,REGULAR,,AFFIRMED,PAC,NOT APPLICABLE,FEDERAL,INDETERMINATE,MALE,WHITE,CAUCASIAN,MURDER 2
2016-2017,FEB,PAPER,DP-PRE,DP DENIED,REGULAR,,AFFIRMED,QUE,NOT APPLICABLE,FEDERAL,INDETERMINATE,MALE,WHITE,CAUCASIAN,MURDER 2
2016-2017,AUG,PAPER,DP-PRE,DP DENIED,REGULAR,,AFFIRMED,ONT,NOT APPLICABLE,FEDERAL,INDETERMINATE,MALE,WHITE,CAUCASIAN,MURDER 2
2016-2017,JUL,PAPER,DP-PRE,DP DENIED,REGULAR,,AFFIRMED,QUE,NOT APPLICABLE,FEDERAL,DETERMINATE,MALE,METIS,ABORIGINAL,SCHE 1 WITH SEX
2016-2017,APR,PAPER,DP-PRE,DP DENIED,REGULAR,,AFFIRMED,PAC,NOT APPLICABLE,FEDERAL,DETERMINATE,MALE,METIS,ABORIGINAL,SCHEDULE 2
2016-2017,APR,PAPER,DP-PRE,DP DENIED,REGULAR,,AFFIRMED,PRA,EDMONTON,FEDERAL,DETERMINATE,MALE,METIS,ABORIGINAL,NON SCHEDULE
2016-2017,FEB,PAPER,DP-PRE,DP DENIED,REGULAR,,AFFIRMED,PAC,NOT APPLICABLE,FEDERAL,INDETERMINATE,MALE,METIS,ABORIGINAL,SCHE 1 W/O SEX
2016-2017,APR,PAPER,DP-PRE,DP DENIED,REGULAR,,AFFIRMED,PAC,NOT APPLICABLE,FEDERAL,INDETERMINATE,MALE,METIS,ABORIGINAL,MURDER 2
2016-2017,JAN,PAPER,DP-PRE,DP DENIED,REGULAR,,AFFIRMED,QUE,NOT APPLICABLE,FEDERAL,INDETERMINATE,MALE,METIS,ABORIGINAL,MURDER 1
2016-2017,MAR,PAPER,DP-PRE,DP DENIED,REGULAR,,AFFIRMED,PAC,NOT APPLICABLE,FEDERAL,DETERMINATE,MALE,NORTH AMERICAN,ABORIGINAL,SCHE 1 W/O SEX
2016-2017,APR,PAPER,DP-PRE,DP DENIED,REGULAR,,AFFIRMED,PAC,NOT APPLICABLE,PROVINCIAL,DETERMINATE,MALE,NORTH AMERICAN,ABORIGINAL,SCHEDULE 2
2016-2017,FEB,PAPER,DP-PRE,DP DENIED,REGULAR,,AFFIRMED,PAC,NOT APPLICABLE,FEDERAL,DETERMINATE,MALE,NORTH AMERICAN,ABORIGINAL,NON SCHEDULE
2016-2017,MAY,PAPER,DP-PRE,DP DENIED,REGULAR,,AFFIRMED,PAC,NOT APPLICABLE,PROVINCIAL,DETERMINATE,MALE,NORTH AMERICAN,ABORIGINAL,SCHE 1 W/O SEX
2016-2017,MAY,PAPER,DP-PRE,DP DENIED,REGULAR,,AFFIRMED,PAC,NOT APPLICABLE,FEDERAL,DETERMINATE,MALE,NORTH AMERICAN,ABORIGINAL,SCHE 1 WITH SEX
2016-2017,MAR,PAPER,DP-PRE,DP DENIED,REGULAR,,AFFIRMED,PAC,NOT APPLICABLE,FEDERAL,DETERMINATE,MALE,NORTH AMERICAN,ABORIGINAL,NON SCHEDULE
2016-2017,JAN,PAPER,DP-PRE,DP DENIED,REGULAR,,AFFIRMED,PAC,NOT APPLICABLE,FEDERAL,INDETERMINATE,MALE,NORTH AMERICAN,ABORIGINAL,MURDER 1
2016-2017,DEC,PAPER,DP-PRE,DP DENIED,REGULAR,,AFFIRMED,PRA,SASKATOON,FEDERAL,DETERMINATE,MALE,CHINESE,ASIAN,NON SCHEDULE
2016-2017,JUN,PAPER,DP-PRE,DP DENIED,REGULAR,,AFFIRMED,QUE,NOT APPLICABLE,FEDERAL,DETERMINATE,MALE,LATIN AMERICAN,OTHER/UNKNOWN,SCHE 1 WITH SEX
2016-2017,MAR,PAPER,DP-PRE,DP DENIED,REGULAR,,AFFIRMED,PAC,NOT APPLICABLE,FEDERAL,DETERMINATE,MALE,SOUTH ASIAN,ASIAN,SCHEDULE 2
2016-2017,JUL,PAPER,DP-PRE,DP DENIED,REGULAR,,AFFIRMED,PRA,SASKATOON,FEDERAL,DETERMINATE,MALE,SOUTH ASIAN,ASIAN,NON SCHEDULE
2016-2017,APR,PAPER,DP-PRE,DP DENIED,REGULAR,,AFFIRMED,PAC,NOT APPLICABLE,FEDERAL,DETERMINATE,MALE,SOUTH ASIAN,ASIAN,SCHE 1 W/O SEX
2016-2017,JAN,PAPER,DP-PRE,DP DENIED,REGULAR,,AFFIRMED,QUE,NOT APPLICABLE,FEDERAL,DETERMINATE,MALE,ARAB,ASIAN,SCHE 1 W/O SEX
2016-2017,JUN,PAPER,DP-PRE,DP DENIED,REGULAR,,AFFIRMED,ONT,NOT APPLICABLE,FEDERAL,DETERMINATE,MALE,ARAB,ASIAN,SCHE 1 W/O SEX
2016-2017,SEP,PAPER,DP-PRE,DP DENIED,REGULAR,,AFFIRMED,PRA,EDMONTON,FEDERAL,DETERMINATE,MALE,ASI-E/SOUTHEAST,ASIAN,SCHE 1 W/O SEX
2016-2017,JUN,PAPER,DP-PRE,DP DENIED,REGULAR,,AFFIRMED,ONT,NOT APPLICABLE,FEDERAL,DETERMINATE,MALE,ASI-E/SOUTHEAST,ASIAN,SCHE 1 W/O SEX
2016-2017,OCT,PAPER,DP-PRE,DP DENIED,REGULAR,,AFFIRMED,ONT,NOT APPLICABLE,FEDERAL,DETERMINATE,MALE,CARIBBEAN,BLACK,SCHEDULE 2
2016-2017,FEB,PAPER,DP-PRE,DP DENIED,REGULAR,,AFFIRMED,PAC,NOT APPLICABLE,PROVINCIAL,DETERMINATE,MALE,EURO.-EASTERN,CAUCASIAN,NON SCHEDULE
2016-2017,JUL,PAPER,DP-PRE,DP DENIED,REGULAR,,PAN.HEAR.ORDER.,PRA,EDMONTON,PROVINCIAL,DETERMINATE,MALE,UNK,OTHER/UNKNOWN,SCHE 1 W/O SEX
2016-2017,SEP,PAPER,DP-PRE,DP DENIED,REGULAR,,PAN.HEAR.ORDER.,ONT,NOT APPLICABLE,FEDERAL,DETERMINATE,MALE,BLACK,BLACK,SCHE 1 W/O SEX
2016-2017,JUL,PAPER,DP-PRE,DP DENIED,REGULAR,,PAN.HEAR.ORDER.,ONT,NOT APPLICABLE,FEDERAL,DETERMINATE,MALE,BLACK,BLACK,SCHE 1 W/O SEX
2016-2017,MAY,PAPER,DP-PRE,DP DENIED,REGULAR,,PAN.HEAR.ORDER.,ONT,NOT APPLICABLE,FEDERAL,DETERMINATE,MALE,BLACK,BLACK,SCHEDULE 2
2016-2017,AUG,PAPER,DP-PRE,DP DENIED,REGULAR,,PAN.HEAR.ORDER.,PRA,EDMONTON,FEDERAL,DETERMINATE,MALE,WHITE,CAUCASIAN,SCHE 1 W/O SEX
2016-2017,NOV,PAPER,DP-PRE,DP DENIED,REGULAR,,PAN.HEAR.ORDER.,PRA,SASKATOON,FEDERAL,DETERMINATE,MALE,WHITE,CAUCASIAN,SCHE 1 WITH SEX
2016-2017,JUL,PAPER,DP-PRE,DP DENIED,REGULAR,,PAN.HEAR.ORDER.,PRA,SASKATOON,FEDERAL,DETERMINATE,MALE,WHITE,CAUCASIAN,SCHE 1 W/O SEX
2016-2017,JAN,PAPER,DP-PRE,DP DENIED,REGULAR,,PAN.HEAR.ORDER.,ONT,NOT APPLICABLE,FEDERAL,DETERMINATE,MALE,WHITE,CAUCASIAN,SCHE 1 WITH SEX
2016-2017,JUN,PAPER,DP-PRE,DP DENIED,REGULAR,,PAN.HEAR.ORDER.,ONT,NOT APPLICABLE,FEDERAL,DETERMINATE,MALE,WHITE,CAUCASIAN,SCHE 1 WITH SEX
2016-2017,SEP,PAPER,DP-PRE,DP DENIED,REGULAR,,PAN.HEAR.ORDER.,ONT,NOT APPLICABLE,FEDERAL,DETERMINATE,MALE,WHITE,CAUCASIAN,SCHE 1 W/O SEX
2016-2017,OCT,PAPER,DP-PRE,DP DENIED,REGULAR,,PAN.HEAR.ORDER.,PAC,NOT APPLICABLE,FEDERAL,DETERMINATE,MALE,WHITE,CAUCASIAN,SCHEDULE 2
2016-2017,JUN,PAPER,DP-PRE,DP DENIED,REGULAR,,PAN.HEAR.ORDER.,ONT,NOT APPLICABLE,FEDERAL,DETERMINATE,MALE,WHITE,CAUCASIAN,NON SCHEDULE
2016-2017,JUL,PAPER,DP-PRE,DP DENIED,REGULAR,,PAN.HEAR.ORDER.,QUE,NOT APPLICABLE,FEDERAL,DETERMINATE,MALE,WHITE,CAUCASIAN,SCHE 1 WITH SEX
2016-2017,JUL,PAPER,DP-PRE,DP DENIED,REGULAR,,PAN.HEAR.ORDER.,PRA,SASKATOON,FEDERAL,DETERMINATE,FEMALE,WHITE,CAUCASIAN,SCHE 1 W/O SEX
2016-2017,APR,PAPER,DP-PRE,DP DENIED,REGULAR,,PAN.HEAR.ORDER.,ONT,NOT APPLICABLE,FEDERAL,DETERMINATE,FEMALE,WHITE,CAUCASIAN,SCHE 1 W/O SEX
2016-2017,JAN,PAPER,DP-PRE,DP DENIED,REGULAR,,PAN.HEAR.ORDER.,PRA,EDMONTON,FEDERAL,INDETERMINATE,MALE,WHITE,CAUCASIAN,SCHE 1 WITH SEX
2016-2017,MAR,PAPER,DP-PRE,DP DENIED,REGULAR,,PAN.HEAR.ORDER.,QUE,NOT APPLICABLE,FEDERAL,INDETERMINATE,MALE,WHITE,CAUCASIAN,MURDER 2
2016-2017,MAR,PAPER,DP-PRE,DP DENIED,REGULAR,,PAN.HEAR.ORDER.,PRA,EDMONTON,FEDERAL,DETERMINATE,MALE,METIS,ABORIGINAL,SCHE 1 W/O SEX
2016-2017,SEP,PAPER,DP-PRE,DP DENIED,REGULAR,,PAN.HEAR.ORDER.,PRA,EDMONTON,FEDERAL,DETERMINATE,MALE,NORTH AMERICAN,ABORIGINAL,SCHE 1 W/O SEX
2016-2017,NOV,PAPER,DP-PRE,DP DENIED,REGULAR,,PAN.HEAR.ORDER.,QUE,NOT APPLICABLE,FEDERAL,DETERMINATE,MALE,NORTH AMERICAN,ABORIGINAL,SCHEDULE 2
2016-2017,NOV,PAPER,DP-PRE,DP DENIED,REGULAR,,PAN.HEAR.ORDER.,PRA,EDMONTON,FEDERAL,DETERMINATE,MALE,NORTH AMERICAN,ABORIGINAL,NON SCHEDULE
2016-2017,OCT,PAPER,DP-PRE,DP DENIED,REGULAR,,PAN.HEAR.ORDER.,PRA,EDMONTON,FEDERAL,DETERMINATE,MALE,NORTH AMERICAN,ABORIGINAL,SCHE 1 W/O SEX
2016-2017,MAR,PAPER,DP-PRE,DP DENIED,REGULAR,,PAN.HEAR.ORDER.,QUE,NOT APPLICABLE,FEDERAL,DETERMINATE,MALE,NORTH AMERICAN,ABORIGINAL,SCHE 1 WITH SEX
2016-2017,MAY,PAPER,DP-PRE,DP DENIED,REGULAR,,PAN.HEAR.ORDER.,PRA,EDMONTON,FEDERAL,DETERMINATE,MALE,NORTH AMERICAN,ABORIGINAL,NON SCHEDULE
2016-2017,OCT,PAPER,DP-PRE,DP DENIED,REGULAR,,PAN.HEAR.ORDER.,PRA,SASKATOON,FEDERAL,DETERMINATE,MALE,NORTH AMERICAN,ABORIGINAL,SCHE 1 W/O SEX
2016-2017,OCT,PAPER,DP-PRE,DP DENIED,REGULAR,,PAN.HEAR.ORDER.,PAC,NOT APPLICABLE,FEDERAL,INDETERMINATE,MALE,NORTH AMERICAN,ABORIGINAL,SCHE 1 W/O SEX
2016-2017,AUG,PAPER,DP-PRE,DP DENIED,REGULAR,,PAN.HEAR.ORDER.,QUE,NOT APPLICABLE,FEDERAL,INDETERMINATE,MALE,NORTH AMERICAN,ABORIGINAL,SCHE 1 W/O SEX
2016-2017,MAY,PAPER,DP-PRE,DP DENIED,REGULAR,,PAN.HEAR.ORDER.,PAC,NOT APPLICABLE,FEDERAL,INDETERMINATE,MALE,NORTH AMERICAN,ABORIGINAL,MURDER 1
2016-2017,AUG,PAPER,DP-PRE,DP DENIED,REGULAR,,PAN.HEAR.ORDER.,ONT,NOT APPLICABLE,FEDERAL,DETERMINATE,MALE,LATIN AMERICAN,OTHER/UNKNOWN,NON SCHEDULE
2016-2017,JUL,PAPER,DP-PRE,DP DENIED,REGULAR,,PAN.HEAR.ORDER.,PRA,SASKATOON,FEDERAL,DETERMINATE,MALE,SOUTH ASIAN,ASIAN,SCHE 1 W/O SEX
2016-2017,JAN,PAPER,DP-PRE,DP DENIED,REGULAR,,PAN.HEAR.ORDER.,PRA,SASKATOON,FEDERAL,DETERMINATE,MALE,EURO.-EASTERN,CAUCASIAN,SCHEDULE 2
2016-2017,DEC,PAPER,DP-PRE,DP DENIED,REGULAR,,REVIEW ORDERED,ONT,NOT APPLICABLE,FEDERAL,DETERMINATE,MALE,WHITE,CAUCASIAN,SCHE 1 W/O SEX
2016-2017,OCT,PAPER,DP-PRE,DP DENIED,REGULAR,,REVIEW ORDERED,PRA,SASKATOON,PROVINCIAL,DETERMINATE,MALE,METIS,ABORIGINAL,SCHEDULE 2
2016-2017,JUN,PAPER,DP-PRE,DP DENIED,REGULAR,,REVIEW ORDERED,PRA,SASKATOON,PROVINCIAL,DETERMINATE,FEMALE,NORTH AMERICAN,ABORIGINAL,SCHEDULE 2
2016-2017,JAN,PAPER,DP-PRE,DP DENIED,REGULAR,,REV.DATE MOD.SE,PRA,SASKATOON,FEDERAL,DETERMINATE,MALE,UNK,OTHER/UNKNOWN,SCHE 1 W/O SEX
2016-2017,OCT,PAPER,DP-PRE,DP DENIED,REGULAR,,REV.DATE MOD.SE,QUE,NOT APPLICABLE,FEDERAL,DETERMINATE,MALE,WHITE,CAUCASIAN,SCHEDULE 2
2016-2017,OCT,PAPER,DP-PRE,DP DENIED,REGULAR,,REV.DATE MOD.SE,PRA,EDMONTON,FEDERAL,DETERMINATE,FEMALE,WHITE,CAUCASIAN,SCHEDULE 2
2016-2017,JAN,PAPER,DP-PRE,DP DENIED,REGULAR,,REV.DATE MOD.SE,PRA,EDMONTON,FEDERAL,DETERMINATE,MALE,WHITE,CAUCASIAN,NON SCHEDULE
2016-2017,SEP,PAPER,DP-PRE,DP DENIED,REGULAR,,REV.DATE MOD.SE,QUE,NOT APPLICABLE,FEDERAL,INDETERMINATE,MALE,WHITE,CAUCASIAN,SCHE 1 WITH SEX
2016-2017,SEP,PAPER,DP-PRE,DP DENIED,REGULAR,,REV.DATE MOD.SE,ONT,NOT APPLICABLE,FEDERAL,INDETERMINATE,MALE,WHITE,CAUCASIAN,SCHE 1 W/O SEX
2016-2017,OCT,PAPER,DP-PRE,DP DENIED,REGULAR,,REV.DATE MOD.SE,PAC,NOT APPLICABLE,FEDERAL,INDETERMINATE,MALE,WHITE,CAUCASIAN,MURDER 1
2016-2017,JUL,PAPER,DP-PRE,DP DENIED,REGULAR,,REV.DATE MOD.SE,PAC,NOT APPLICABLE,FEDERAL,INDETERMINATE,MALE,NORTH AMERICAN,ABORIGINAL,SCHE 1 W/O SEX
2016-2017,JUL,PAPER,DP-PRE,DP DENIED,REGULAR,,REV.DATE MOD.SE,ONT,NOT APPLICABLE,FEDERAL,DETERMINATE,MALE,EURO.-EASTERN,CAUCASIAN,SCHE 1 W/O SEX
2016-2017,MAY,PAPER,DP-PRE,DP.GT.CANC.CONF,REGULAR,,AFFIRMED,PRA,SASKATOON,FEDERAL,DETERMINATE,MALE,WHITE,CAUCASIAN,NON SCHEDULE
2016-2017,MAR,PAPER,DP-POST,DP REVOKED,REGULAR,,AFFIRMED,PRA,SASKATOON,FEDERAL,DETERMINATE,MALE,UNK,OTHER/UNKNOWN,SCHE 1 W/O SEX
2016-2017,FEB,PAPER,DP-POST,DP REVOKED,REGULAR,,AFFIRMED,ONT,NOT APPLICABLE,FEDERAL,DETERMINATE,MALE,BLACK,BLACK,SCHE 1 W/O SEX
2016-2017,MAR,PAPER,DP-POST,DP REVOKED,REGULAR,,AFFIRMED,PRA,EDMONTON,FEDERAL,DETERMINATE,MALE,BLACK,BLACK,SCHEDULE 2
2016-2017,OCT,PAPER,DP-POST,DP REVOKED,REGULAR,,AFFIRMED,PAC,NOT APPLICABLE,FEDERAL,INDETERMINATE,MALE,BLACK,BLACK,MURDER 2
2016-2017,OCT,PAPER,DP-POST,DP REVOKED,REGULAR,,AFFIRMED,PRA,EDMONTON,FEDERAL,DETERMINATE,MALE,WHITE,CAUCASIAN,SCHE 1 WITH SEX
2016-2017,OCT,PAPER,DP-POST,DP REVOKED,REGULAR,,AFFIRMED,QUE,NOT APPLICABLE,FEDERAL,DETERMINATE,MALE,WHITE,CAUCASIAN,SCHE 1 W/O SEX
2016-2017,OCT,PAPER,DP-POST,DP REVOKED,REGULAR,,AFFIRMED,ONT,NOT APPLICABLE,FEDERAL,DETERMINATE,FEMALE,WHITE,CAUCASIAN,SCHE 1 W/O SEX
2016-2017,AUG,PAPER,DP-POST,DP REVOKED,REGULAR,,AFFIRMED,QUE,NOT APPLICABLE,FEDERAL,DETERMINATE,MALE,WHITE,CAUCASIAN,SCHE 1 W/O SEX
2016-2017,AUG,PAPER,DP-POST,DP REVOKED,REGULAR,,AFFIRMED,PRA,EDMONTON,FEDERAL,DETERMINATE,MALE,WHITE,CAUCASIAN,SCHE 1 W/O SEX
2016-2017,MAY,PAPER,DP-POST,DP REVOKED,REGULAR,,AFFIRMED,PRA,EDMONTON,FEDERAL,DETERMINATE,MALE,WHITE,CAUCASIAN,SCHE 1 WITH SEX
2016-2017,DEC,PAPER,DP-POST,DP REVOKED,REGULAR,,AFFIRMED,ONT,NOT APPLICABLE,FEDERAL,DETERMINATE,MALE,WHITE,CAUCASIAN,SCHE 1 W/O SEX
2016-2017,DEC,PAPER,DP-POST,DP REVOKED,REGULAR,,AFFIRMED,QUE,NOT APPLICABLE,FEDERAL,DETERMINATE,MALE,WHITE,CAUCASIAN,NON SCHEDULE
2016-2017,SEP,PAPER,DP-POST,DP REVOKED,REGULAR,,AFFIRMED,PAC,NOT APPLICABLE,FEDERAL,DETERMINATE,MALE,WHITE,CAUCASIAN,SCHEDULE 2
2016-2017,NOV,PAPER,DP-POST,DP REVOKED,REGULAR,,AFFIRMED,PRA,EDMONTON,FEDERAL,DETERMINATE,MALE,WHITE,CAUCASIAN,SCHE 1 W/O SEX
2016-2017,MAY,PAPER,DP-POST,DP REVOKED,REGULAR,,AFFIRMED,ONT,NOT APPLICABLE,FEDERAL,DETERMINATE,MALE,WHITE,CAUCASIAN,SCHE 1 W/O SEX
2016-2017,MAR,PAPER,DP-POST,DP REVOKED,REGULAR,,AFFIRMED,PRA,EDMONTON,FEDERAL,DETERMINATE,MALE,WHITE,CAUCASIAN,SCHE 1 W/O SEX
2016-2017,MAY,PAPER,DP-POST,DP REVOKED,REGULAR,,AFFIRMED,QUE,NOT APPLICABLE,FEDERAL,INDETERMINATE,MALE,WHITE,CAUCASIAN,MURDER 2
2016-2017,NOV,PAPER,DP-POST,DP REVOKED,REGULAR,,AFFIRMED,PRA,EDMONTON,FEDERAL,DETERMINATE,MALE,METIS,ABORIGINAL,SCHE 1 W/O SEX
2016-2017,JUL,PAPER,DP-POST,DP REVOKED,REGULAR,,AFFIRMED,QUE,NOT APPLICABLE,FEDERAL,DETERMINATE,MALE,METIS,ABORIGINAL,NON SCHEDULE
2016-2017,FEB,PAPER,DP-POST,DP REVOKED,REGULAR,,AFFIRMED,PRA,EDMONTON,FEDERAL,DETERMINATE,MALE,METIS,ABORIGINAL,NON SCHEDULE
2016-2017,OCT,PAPER,DP-POST,DP REVOKED,REGULAR,,AFFIRMED,PRA,EDMONTON,FEDERAL,DETERMINATE,MALE,METIS,ABORIGINAL,SCHE 1 WITH SEX
2016-2017,NOV,PAPER,DP-POST,DP REVOKED,REGULAR,,AFFIRMED,ATL,NOT APPLICABLE,FEDERAL,DETERMINATE,MALE,NORTH AMERICAN,ABORIGINAL,SCHE 1 W/O SEX
2016-2017,OCT,PAPER,DP-POST,DP REVOKED,REGULAR,,AFFIRMED,PAC,NOT APPLICABLE,FEDERAL,INDETERMINATE,MALE,EURO.-WESTERN,CAUCASIAN,SCHE 1 W/O SEX
2016-2017,MAY,PAPER,DP-POST,DP REVOKED,REGULAR,,PAN.HEAR.ORDER.,ONT,NOT APPLICABLE,FEDERAL,DETERMINATE,MALE,BLACK,BLACK,SCHE 1 W/O SEX
2016-2017,JUL,PAPER,DP-POST,DP REVOKED,REGULAR,,PAN.HEAR.ORDER.,ONT,NOT APPLICABLE,FEDERAL,DETERMINATE,MALE,BLACK,BLACK,SCHEDULE 2
2016-2017,NOV,PAPER,DP-POST,DP REVOKED,REGULAR,,PAN.HEAR.ORDER.,ATL,NOT APPLICABLE,FEDERAL,DETERMINATE,MALE,WHITE,CAUCASIAN,SCHE 1 W/O SEX
2016-2017,AUG,PAPER,DP-POST,DP REVOKED,REGULAR,,PAN.HEAR.ORDER.,ATL,NOT APPLICABLE,FEDERAL,DETERMINATE,MALE,WHITE,CAUCASIAN,NON SCHEDULE
2016-2017,JUL,PAPER,DP-POST,DP REVOKED,REGULAR,,PAN.HEAR.ORDER.,PRA,EDMONTON,FEDERAL,DETERMINATE,MALE,WHITE,CAUCASIAN,NON SCHEDULE
2016-2017,JUL,PAPER,DP-POST,DP REVOKED,REGULAR,,PAN.HEAR.ORDER.,ATL,NOT APPLICABLE,FEDERAL,DETERMINATE,MALE,WHITE,CAUCASIAN,SCHE 1 W/O SEX
2016-2017,JUN,PAPER,DP-POST,DP REVOKED,REGULAR,,PAN.HEAR.ORDER.,PAC,NOT APPLICABLE,FEDERAL,INDETERMINATE,FEMALE,WHITE,CAUCASIAN,MURDER 2
2016-2017,MAY,PAPER,DP-POST,DP REVOKED,REGULAR,,PAN.HEAR.ORDER.,ONT,NOT APPLICABLE,FEDERAL,INDETERMINATE,MALE,WHITE,CAUCASIAN,MURDER 1
2016-2017,FEB,PAPER,DP-POST,DP REVOKED,REGULAR,,PAN.HEAR.ORDER.,PAC,NOT APPLICABLE,FEDERAL,DETERMINATE,MALE,NORTH AMERICAN,ABORIGINAL,SCHE 1 W/O SEX
2016-2017,OCT,PAPER,DP-POST,DP REVOKED,REGULAR,,PAN.HEAR.ORDER.,ATL,NOT APPLICABLE,FEDERAL,DETERMINATE,MALE,NORTH AMERICAN,ABORIGINAL,SCHE 1 W/O SEX
2016-2017,DEC,PAPER,DP-POST,DP REVOKED,REGULAR,,PAN.HEAR.ORDER.,PAC,NOT APPLICABLE,FEDERAL,INDETERMINATE,MALE,NORTH AMERICAN,ABORIGINAL,MURDER 2
2016-2017,MAY,PAPER,DP-POST,DP REVOKED,REGULAR,,PAN.HEAR.ORDER.,PRA,EDMONTON,FEDERAL,INDETERMINATE,FEMALE,NORTH AMERICAN,ABORIGINAL,MURDER 2
2016-2017,JAN,PAPER,DP-POST,DP REVOKED,REGULAR,,PAN.HEAR.ORDER.,ATL,NOT APPLICABLE,FEDERAL,DETERMINATE,MALE,MULTIRAC/ETHNIC,OTHER/UNKNOWN,SCHE 1 W/O SEX
2016-2017,OCT,PAPER,DP-POST,DP REVOKED,APR,APR-FINAL,AFFIRMED,ONT,NOT APPLICABLE,FEDERAL,DETERMINATE,MALE,ARAB/WEST ASIAN,OTHER/UNKNOWN,SCHEDULE 2
2016-2017,OCT,PAPER,UTA-PRE,UTA NOT AUTHOR.,REGULAR,,AFFIRMED,ONT,NOT APPLICABLE,FEDERAL,INDETERMINATE,MALE,WHITE,CAUCASIAN,MURDER 2
2016-2017,MAY,PAPER,UTA-PRE,UTA NOT AUTHOR.,REGULAR,,PAN.HEAR.ORDER.,ONT,NOT APPLICABLE,FEDERAL,INDETERMINATE,MALE,ASIATIC,ASIAN,MURDER 2
2016-2017,JAN,PAPER,UTA-PRE,UTA NOT AUTHOR.,REGULAR,,PAN.HEAR.ORDER.,ONT,NOT APPLICABLE,FEDERAL,INDETERMINATE,MALE,WHITE,CAUCASIAN,MURDER 2
2016-2017,JAN,PAPER,UTA-PRE,UTA NOT AUTHOR.,REGULAR,,PAN.HEAR.ORDER.,ONT,NOT APPLICABLE,FEDERAL,INDETERMINATE,MALE,WHITE,CAUCASIAN,MURDER 2
2016-2017,FEB,PAPER,UTA-PRE,UTA NOT AUTHOR.,REGULAR,,PAN.HEAR.ORDER.,ONT,NOT APPLICABLE,FEDERAL,INDETERMINATE,MALE,WHITE,CAUCASIAN,MURDER 1
2016-2017,DEC,PAPER,UTA-PRE,UTA NOT AUTHOR.,REGULAR,,AFFIRMED,PRA,SASKATOON,FEDERAL,DETERMINATE,MALE,WHITE,CAUCASIAN,SCHE 1 W/O SEX
2016-2017,NOV,PAPER,UTA-PRE,UTA NOT AUTHOR.,REGULAR,,AFFIRMED,PRA,EDMONTON,FEDERAL,DETERMINATE,MALE,WHITE,CAUCASIAN,SCHE 1 WITH SEX
2016-2017,DEC,PAPER,UTA-PRE,UTA NOT AUTHOR.,REGULAR,,AFFIRMED,ONT,NOT APPLICABLE,FEDERAL,DETERMINATE,MALE,NORTH AMERICAN,ABORIGINAL,SCHE 1 W/O SEX
2016-2017,MAY,PAPER,UTA-PRE,UTA NOT AUTHOR.,REGULAR,,PAN.HEAR.ORDER.,PRA,EDMONTON,FEDERAL,INDETERMINATE,MALE,WHITE,CAUCASIAN,MURDER 1
2016-2017,JAN,PAPER,UTA-PRE,UTA NOT AUTHOR.,REGULAR,,PAN.HEAR.ORDER.,ONT,NOT APPLICABLE,FEDERAL,INDETERMINATE,MALE,WHITE,CAUCASIAN,MURDER 2
2016-2017,MAR,PAPER,UTA-PRE,UTA NOT AUTHOR.,REGULAR,,PAN.HEAR.ORDER.,PRA,EDMONTON,FEDERAL,DETERMINATE,MALE,METIS,ABORIGINAL,SCHE 1 W/O SEX
2016-2017,DEC,PAPER,UTA-PRE,UTA NOT AUTHOR.,REGULAR,,AFFIRMED,ONT,NOT APPLICABLE,FEDERAL,DETERMINATE,MALE,NORTH AMERICAN,ABORIGINAL,SCHE 1 W/O SEX
2016-2017,DEC,PAPER,UTA-PRE,UTA NOT AUTHOR.,REGULAR,,AFFIRMED,ONT,NOT APPLICABLE,FEDERAL,DETERMINATE,MALE,NORTH AMERICAN,ABORIGINAL,SCHE 1 W/O SEX
2016-2017,JAN,PAPER,UTA-PRE,UTA NOT AUTHOR.,REGULAR,,PAN.HEAR.ORDER.,ONT,NOT APPLICABLE,FEDERAL,INDETERMINATE,MALE,WHITE,CAUCASIAN,MURDER 2
2016-2017,FEB,PAPER,UTA-PRE,UTA AUT.CAN.PRE,REGULAR,,AFFIRMED,ONT,NOT APPLICABLE,FEDERAL,INDETERMINATE,MALE,WHITE,CAUCASIAN,MURDER 2
2016-2017,MAY,PAPER,UTA-POST,UTA AUTH.CAN.PT,REGULAR,,AFFIRMED,PRA,EDMONTON,FEDERAL,INDETERMINATE,MALE,WHITE,CAUCASIAN,MURDER 2
2016-2017,MAY,PAPER,UTA-POST,UTA AUTH.CAN.PT,REGULAR,,AFFIRMED,PRA,EDMONTON,FEDERAL,INDETERMINATE,MALE,WHITE,CAUCASIAN,MURDER 2
2016-2017,MAY,PAPER,UTA-POST,UTA AUTH.CAN.PT,REGULAR,,AFFIRMED,PRA,EDMONTON,FEDERAL,INDETERMINATE,MALE,WHITE,CAUCASIAN,MURDER 2
2016-2017,MAY,PAPER,UTA-POST,UTA AUTH.CAN.PT,REGULAR,,AFFIRMED,PRA,EDMONTON,FEDERAL,INDETERMINATE,MALE,WHITE,CAUCASIAN,MURDER 2
2016-2017,NOV,PAPER,SR-POST,SR REVOKED,REGULAR,,AFFIRMED,ONT,NOT APPLICABLE,FEDERAL,DETERMINATE,MALE,BLACK,BLACK,SCHE 1 W/O SEX
2016-2017,NOV,PAPER,SR-POST,SR REVOKED,REGULAR,,AFFIRMED,PAC,NOT APPLICABLE,FEDERAL,DETERMINATE,MALE,BLACK,BLACK,SCHEDULE 2
2016-2017,NOV,PAPER,SR-POST,SR REVOKED,REGULAR,,AFFIRMED,ATL,NOT APPLICABLE,FEDERAL,DETERMINATE,MALE,BLACK,BLACK,SCHE 1 W/O SEX
2016-2017,SEP,PAPER,SR-POST,SR REVOKED,REGULAR,,AFFIRMED,QUE,NOT APPLICABLE,FEDERAL,DETERMINATE,MALE,BLACK,BLACK,SCHE 1 WITH SEX
2016-2017,AUG,PAPER,SR-POST,SR REVOKED,REGULAR,,AFFIRMED,QUE,NOT APPLICABLE,FEDERAL,DETERMINATE,MALE,BLACK,BLACK,SCHE 1 W/O SEX
2016-2017,NOV,PAPER,SR-POST,SR REVOKED,REGULAR,,AFFIRMED,PRA,EDMONTON,FEDERAL,DETERMINATE,MALE,BLACK,BLACK,SCHE 1 W/O SEX
2016-2017,APR,PAPER,SR-POST,SR REVOKED,REGULAR,,AFFIRMED,QUE,NOT APPLICABLE,FEDERAL,DETERMINATE,MALE,WHITE,CAUCASIAN,NON SCHEDULE
2016-2017,DEC,PAPER,SR-POST,SR REVOKED,REGULAR,,AFFIRMED,ONT,NOT APPLICABLE,FEDERAL,DETERMINATE,MALE,WHITE,CAUCASIAN,SCHEDULE 2
2016-2017,NOV,PAPER,SR-POST,SR REVOKED,REGULAR,,AFFIRMED,ONT,NOT APPLICABLE,FEDERAL,DETERMINATE,MALE,WHITE,CAUCASIAN,SCHE 1 W/O SEX
2016-2017,NOV,PAPER,SR-POST,SR REVOKED,REGULAR,,AFFIRMED,ATL,NOT APPLICABLE,FEDERAL,DETERMINATE,MALE,WHITE,CAUCASIAN,SCHE 1 W/O SEX
2016-2017,NOV,PAPER,SR-POST,SR REVOKED,REGULAR,,AFFIRMED,ONT,NOT APPLICABLE,FEDERAL,DETERMINATE,MALE,WHITE,CAUCASIAN,SCHE 1 W/O SEX
2016-2017,OCT,PAPER,SR-POST,SR REVOKED,REGULAR,,AFFIRMED,QUE,NOT APPLICABLE,FEDERAL,DETERMINATE,MALE,WHITE,CAUCASIAN,SCHE 1 W/O SEX
2016-2017,AUG,PAPER,SR-POST,SR REVOKED,REGULAR,,AFFIRMED,PAC,NOT APPLICABLE,FEDERAL,DETERMINATE,MALE,WHITE,CAUCASIAN,NON SCHEDULE
2016-2017,OCT,PAPER,SR-POST,SR REVOKED,REGULAR,,AFFIRMED,ATL,NOT APPLICABLE,FEDERAL,DETERMINATE,MALE,WHITE,CAUCASIAN,SCHE 1 W/O SEX
2016-2017,NOV,PAPER,SR-POST,SR REVOKED,REGULAR,,AFFIRMED,PAC,NOT APPLICABLE,FEDERAL,DETERMINATE,MALE,WHITE,CAUCASIAN,SCHEDULE 2
2016-2017,OCT,PAPER,SR-POST,SR REVOKED,REGULAR,,AFFIRMED,ATL,NOT APPLICABLE,FEDERAL,DETERMINATE,MALE,WHITE,CAUCASIAN,SCHE 1 W/O SEX
2016-2017,JUL,PAPER,SR-POST,SR REVOKED,REGULAR,,AFFIRMED,PRA,SASKATOON,FEDERAL,DETERMINATE,MALE,WHITE,CAUCASIAN,SCHE 1 W/O SEX
2016-2017,JUL,PAPER,SR-POST,SR REVOKED,REGULAR,,AFFIRMED,QUE,NOT APPLICABLE,FEDERAL,DETERMINATE,MALE,WHITE,CAUCASIAN,SCHE 1 W/O SEX
2016-2017,NOV,PAPER,SR-POST,SR REVOKED,REGULAR,,AFFIRMED,PAC,NOT APPLICABLE,FEDERAL,DETERMINATE,MALE,WHITE,CAUCASIAN,SCHE 1 W/O SEX
2016-2017,JUL,PAPER,SR-POST,SR REVOKED,REGULAR,,AFFIRMED,ONT,NOT APPLICABLE,FEDERAL,DETERMINATE,MALE,WHITE,CAUCASIAN,SCHE 1 WITH SEX
2016-2017,JAN,PAPER,SR-POST,SR REVOKED,REGULAR,,AFFIRMED,PRA,EDMONTON,FEDERAL,DETERMINATE,MALE,WHITE,CAUCASIAN,NON SCHEDULE
2016-2017,DEC,PAPER,SR-POST,SR REVOKED,REGULAR,,AFFIRMED,ATL,NOT APPLICABLE,FEDERAL,DETERMINATE,MALE,WHITE,CAUCASIAN,SCHE 1 W/O SEX
2016-2017,OCT,PAPER,SR-POST,SR REVOKED,REGULAR,,AFFIRMED,QUE,NOT APPLICABLE,FEDERAL,DETERMINATE,MALE,WHITE,CAUCASIAN,SCHE 1 W/O SEX
2016-2017,JAN,PAPER,SR-POST,SR REVOKED,REGULAR,,AFFIRMED,PRA,EDMONTON,FEDERAL,DETERMINATE,MALE,WHITE,CAUCASIAN,NON SCHEDULE
2016-2017,NOV,PAPER,SR-POST,SR REVOKED,REGULAR,,AFFIRMED,ONT,NOT APPLICABLE,FEDERAL,DETERMINATE,MALE,WHITE,CAUCASIAN,SCHE 1 W/O SEX
2016-2017,FEB,PAPER,SR-POST,SR REVOKED,REGULAR,,AFFIRMED,ATL,NOT APPLICABLE,FEDERAL,DETERMINATE,MALE,WHITE,CAUCASIAN,SCHE 1 WITH SEX
2016-2017,FEB,PAPER,SR-POST,SR REVOKED,REGULAR,,AFFIRMED,PRA,EDMONTON,FEDERAL,DETERMINATE,MALE,WHITE,CAUCASIAN,SCHE 1 WITH SEX
2016-2017,JUL,PAPER,SR-POST,SR REVOKED,REGULAR,,AFFIRMED,PAC,NOT APPLICABLE,FEDERAL,DETERMINATE,MALE,METIS,ABORIGINAL,NON SCHEDULE
2016-2017,JUN,PAPER,SR-POST,SR REVOKED,REGULAR,,AFFIRMED,PAC,NOT APPLICABLE,FEDERAL,DETERMINATE,MALE,METIS,ABORIGINAL,NON SCHEDULE
2016-2017,JAN,PAPER,SR-POST,SR REVOKED,REGULAR,,AFFIRMED,ONT,NOT APPLICABLE,FEDERAL,DETERMINATE,MALE,NORTH AMERICAN,ABORIGINAL,SCHE 1 W/O SEX
2016-2017,MAR,PAPER,SR-POST,SR REVOKED,REGULAR,,AFFIRMED,ATL,NOT APPLICABLE,FEDERAL,DETERMINATE,MALE,NORTH AMERICAN,ABORIGINAL,SCHE 1 W/O SEX
2016-2017,OCT,PAPER,SR-POST,SR REVOKED,REGULAR,,AFFIRMED,PAC,NOT APPLICABLE,FEDERAL,DETERMINATE,MALE,NORTH AMERICAN,ABORIGINAL,SCHE 1 W/O SEX
2016-2017,MAY,PAPER,SR-POST,SR REVOKED,REGULAR,,AFFIRMED,PRA,EDMONTON,FEDERAL,DETERMINATE,MALE,LATIN AMERICAN,OTHER/UNKNOWN,SCHE 1 W/O SEX
2016-2017,JUL,PAPER,SR-POST,SR REVOKED,REGULAR,,AFFIRMED,QUE,NOT APPLICABLE,FEDERAL,DETERMINATE,MALE,ARAB,ASIAN,SCHE 1 W/O SEX
2016-2017,JAN,PAPER,SR-POST,SR REVOKED,REGULAR,,AFFIRMED,PRA,SASKATOON,FEDERAL,DETERMINATE,MALE,ASIAN-SOUTH,ASIAN,SCHE 1 WITH SEX
2016-2017,JAN,PAPER,SR-POST,SR REVOKED,REGULAR,,PAN.HEAR.ORDER.,PRA,EDMONTON,FEDERAL,DETERMINATE,MALE,ARAB/WEST ASIAN,OTHER/UNKNOWN,SCHEDULE 2
2016-2017,APR,PAPER,SR-POST,SR REVOKED,REGULAR,,PAN.HEAR.ORDER.,ONT,NOT APPLICABLE,FEDERAL,DETERMINATE,MALE,ARAB/WEST ASIAN,OTHER/UNKNOWN,SCHEDULE 2
2016-2017,AUG,PAPER,SR-POST,SR REVOKED,REGULAR,,PAN.HEAR.ORDER.,PAC,NOT APPLICABLE,FEDERAL,DETERMINATE,MALE,BLACK,BLACK,SCHEDULE 2
2016-2017,AUG,PAPER,SR-POST,SR REVOKED,REGULAR,,PAN.HEAR.ORDER.,PAC,NOT APPLICABLE,FEDERAL,DETERMINATE,MALE,BLACK,BLACK,SCHEDULE 2
2016-2017,JUN,PAPER,SR-POST,SR REVOKED,REGULAR,,PAN.HEAR.ORDER.,ONT,NOT APPLICABLE,FEDERAL,DETERMINATE,MALE,BLACK,BLACK,NON SCHEDULE
2016-2017,JAN,PAPER,SR-POST,SR REVOKED,REGULAR,,PAN.HEAR.ORDER.,ONT,NOT APPLICABLE,FEDERAL,DETERMINATE,MALE,WHITE,CAUCASIAN,SCHEDULE 2
2016-2017,JUN,PAPER,SR-POST,SR REVOKED,REGULAR,,PAN.HEAR.ORDER.,ATL,NOT APPLICABLE,FEDERAL,DETERMINATE,MALE,WHITE,CAUCASIAN,SCHE 1 W/O SEX
2016-2017,APR,PAPER,SR-POST,SR REVOKED,REGULAR,,PAN.HEAR.ORDER.,ONT,NOT APPLICABLE,FEDERAL,DETERMINATE,MALE,WHITE,CAUCASIAN,SCHE 1 W/O SEX
2016-2017,AUG,PAPER,SR-POST,SR REVOKED,REGULAR,,PAN.HEAR.ORDER.,PRA,EDMONTON,FEDERAL,DETERMINATE,MALE,WHITE,CAUCASIAN,SCHE 1 W/O SEX
2016-2017,NOV,PAPER,SR-POST,SR REVOKED,REGULAR,,PAN.HEAR.ORDER.,PRA,EDMONTON,FEDERAL,DETERMINATE,MALE,WHITE,CAUCASIAN,SCHE 1 WITH SEX
2016-2017,JUL,PAPER,SR-POST,SR REVOKED,REGULAR,,PAN.HEAR.ORDER.,ONT,NOT APPLICABLE,FEDERAL,DETERMINATE,MALE,WHITE,CAUCASIAN,NON SCHEDULE
2016-2017,FEB,PAPER,SR-POST,SR REVOKED,REGULAR,,PAN.HEAR.ORDER.,ATL,NOT APPLICABLE,FEDERAL,DETERMINATE,MALE,WHITE,CAUCASIAN,SCHE 1 W/O SEX
2016-2017,APR,PAPER,SR-POST,SR REVOKED,REGULAR,,PAN.HEAR.ORDER.,ONT,NOT APPLICABLE,FEDERAL,DETERMINATE,MALE,WHITE,CAUCASIAN,SCHE 1 W/O SEX
2016-2017,JAN,PAPER,SR-POST,SR REVOKED,REGULAR,,PAN.HEAR.ORDER.,ATL,NOT APPLICABLE,FEDERAL,DETERMINATE,MALE,WHITE,CAUCASIAN,SCHE 1 W/O SEX
2016-2017,FEB,PAPER,SR-POST,SR REVOKED,REGULAR,,PAN.HEAR.ORDER.,PRA,EDMONTON,FEDERAL,DETERMINATE,MALE,WHITE,CAUCASIAN,SCHE 1 W/O SEX
2016-2017,DEC,PAPER,SR-POST,SR REVOKED,REGULAR,,PAN.HEAR.ORDER.,ONT,NOT APPLICABLE,FEDERAL,DETERMINATE,MALE,WHITE,CAUCASIAN,SCHE 1 W/O SEX
2016-2017,DEC,PAPER,SR-POST,SR REVOKED,REGULAR,,PAN.HEAR.ORDER.,PAC,NOT APPLICABLE,FEDERAL,DETERMINATE,MALE,METIS,ABORIGINAL,SCHE 1 W/O SEX
2016-2017,OCT,PAPER,SR-POST,SR REVOKED,REGULAR,,PAN.HEAR.ORDER.,ONT,NOT APPLICABLE,FEDERAL,DETERMINATE,MALE,METIS,ABORIGINAL,SCHE 1 W/O SEX
2016-2017,JUL,PAPER,SR-POST,SR REVOKED,REGULAR,,PAN.HEAR.ORDER.,PRA,EDMONTON,FEDERAL,DETERMINATE,MALE,METIS,ABORIGINAL,SCHE 1 W/O SEX
2016-2017,MAR,PAPER,SR-POST,SR REVOKED,REGULAR,,PAN.HEAR.ORDER.,QUE,NOT APPLICABLE,FEDERAL,DETERMINATE,MALE,NORTH AMERICAN,ABORIGINAL,NON SCHEDULE
2016-2017,MAY,PAPER,SR-POST,SR REVOKED,REGULAR,,PAN.HEAR.ORDER.,PRA,EDMONTON,FEDERAL,DETERMINATE,MALE,NORTH AMERICAN,ABORIGINAL,SCHE 1 W/O SEX
2016-2017,SEP,PAPER,SR-POST,SR REVOKED,REGULAR,,PAN.HEAR.ORDER.,PRA,EDMONTON,FEDERAL,DETERMINATE,MALE,NORTH AMERICAN,ABORIGINAL,SCHE 1 W/O SEX
2016-2017,JAN,PAPER,SR-POST,SR REVOKED,REGULAR,,PAN.HEAR.ORDER.,PRA,SASKATOON,FEDERAL,DETERMINATE,MALE,NORTH AMERICAN,ABORIGINAL,SCHE 1 W/O SEX
2016-2017,JUN,PAPER,SR-POST,SR REVOKED,REGULAR,,PAN.HEAR.ORDER.,PRA,SASKATOON,FEDERAL,DETERMINATE,MALE,NORTH AMERICAN,ABORIGINAL,SCHE 1 W/O SEX
2016-2017,JUL,PAPER,SR-POST,SR REVOKED,REGULAR,,PAN.HEAR.ORDER.,PRA,EDMONTON,FEDERAL,DETERMINATE,MALE,ASIAN-SOUTH,ASIAN,SCHE 1 WITH SEX
2016-2017,JUN,PAPER,SR-POST,SR REVOKED,REGULAR,,REVIEW ORDERED,PRA,EDMONTON,FEDERAL,DETERMINATE,MALE,WHITE,CAUCASIAN,NON SCHEDULE
2016-2017,SEP,PAPER,DETENTION,DETENT. ORDERED,REGULAR,,AFFIRMED,ONT,NOT APPLICABLE,FEDERAL,DETERMINATE,MALE,BLACK,BLACK,SCHE 1 WITH SEX
2016-2017,NOV,PAPER,DETENTION,DETENT. ORDERED,REGULAR,,AFFIRMED,QUE,NOT APPLICABLE,FEDERAL,DETERMINATE,MALE,BLACK,BLACK,SCHE 1 W/O SEX
2016-2017,DEC,PAPER,DETENTION,DETENT. ORDERED,REGULAR,,AFFIRMED,ONT,NOT APPLICABLE,FEDERAL,DETERMINATE,MALE,BLACK,BLACK,SCHE 1 W/O SEX
2016-2017,SEP,PAPER,DETENTION,DETENT. ORDERED,REGULAR,,AFFIRMED,PAC,NOT APPLICABLE,FEDERAL,DETERMINATE,MALE,WHITE,CAUCASIAN,SCHE 1 W/O SEX
2016-2017,DEC,PAPER,DETENTION,DETENT. ORDERED,REGULAR,,AFFIRMED,PRA,EDMONTON,FEDERAL,DETERMINATE,MALE,WHITE,CAUCASIAN,SCHE 1 W/O SEX
2016-2017,FEB,PAPER,DETENTION,DETENT. ORDERED,REGULAR,,AFFIRMED,PAC,NOT APPLICABLE,FEDERAL,DETERMINATE,MALE,WHITE,CAUCASIAN,SCHE 1 W/O SEX
2016-2017,JUN,PAPER,DETENTION,DETENT. ORDERED,REGULAR,,AFFIRMED,ONT,NOT APPLICABLE,FEDERAL,DETERMINATE,MALE,WHITE,CAUCASIAN,SCHE 1 WITH SEX
2016-2017,MAY,PAPER,DETENTION,DETENT. ORDERED,REGULAR,,AFFIRMED,QUE,NOT APPLICABLE,FEDERAL,DETERMINATE,MALE,WHITE,CAUCASIAN,NON SCHEDULE
2016-2017,SEP,PAPER,DETENTION,DETENT. ORDERED,REGULAR,,AFFIRMED,ATL,NOT APPLICABLE,FEDERAL,DETERMINATE,MALE,WHITE,CAUCASIAN,SCHE 1 WITH SEX
2016-2017,JAN,PAPER,DETENTION,DETENT. ORDERED,REGULAR,,AFFIRMED,QUE,NOT APPLICABLE,FEDERAL,DETERMINATE,MALE,WHITE,CAUCASIAN,SCHE 1 W/O SEX
2016-2017,NOV,PAPER,DETENTION,DETENT. ORDERED,REGULAR,,AFFIRMED,QUE,NOT APPLICABLE,FEDERAL,DETERMINATE,MALE,WHITE,CAUCASIAN,SCHE 1 W/O SEX
2016-2017,NOV,PAPER,DETENTION,DETENT. ORDERED,REGULAR,,AFFIRMED,PRA,EDMONTON,FEDERAL,DETERMINATE,MALE,INUIT,ABORIGINAL,SCHE 1 W/O SEX
2016-2017,DEC,PAPER,DETENTION,DETENT. ORDERED,REGULAR,,AFFIRMED,PAC,NOT APPLICABLE,FEDERAL,DETERMINATE,MALE,METIS,ABORIGINAL,SCHE 1 WITH SEX
2016-2017,MAR,PAPER,DETENTION,DETENT. ORDERED,REGULAR,,AFFIRMED,QUE,NOT APPLICABLE,FEDERAL,DETERMINATE,MALE,METIS,ABORIGINAL,SCHE 1 WITH SEX
2016-2017,AUG,PAPER,DETENTION,DETENT. ORDERED,REGULAR,,AFFIRMED,PAC,NOT APPLICABLE,FEDERAL,DETERMINATE,MALE,NORTH AMERICAN,ABORIGINAL,SCHE 1 W/O SEX
2016-2017,JAN,PAPER,DETENTION,DETENT. ORDERED,REGULAR,,AFFIRMED,PAC,NOT APPLICABLE,FEDERAL,DETERMINATE,MALE,NORTH AMERICAN,ABORIGINAL,NON SCHEDULE
2016-2017,OCT,PAPER,DETENTION,DETENT. ORDERED,REGULAR,,AFFIRMED,PRA,SASKATOON,FEDERAL,DETERMINATE,MALE,NORTH AMERICAN,ABORIGINAL,SCHE 1 W/O SEX
2016-2017,APR,PAPER,DETENTION,DETENT. ORDERED,REGULAR,,AFFIRMED,QUE,NOT APPLICABLE,FEDERAL,DETERMINATE,MALE,NORTH AMERICAN,ABORIGINAL,SCHE 1 W/O SEX
2016-2017,JUL,PAPER,DETENTION,DETENT. ORDERED,REGULAR,,AFFIRMED,PRA,SASKATOON,FEDERAL,DETERMINATE,MALE,NORTH AMERICAN,ABORIGINAL,SCHE 1 W/O SEX
2016-2017,AUG,PAPER,DETENTION,DETENT. ORDERED,REGULAR,,AFFIRMED,PRA,EDMONTON,FEDERAL,DETERMINATE,MALE,NORTH AMERICAN,ABORIGINAL,SCHE 1 W/O SEX
2016-2017,JUN,PAPER,DETENTION,DETENT. ORDERED,REGULAR,,AFFIRMED,ONT,NOT APPLICABLE,FEDERAL,DETERMINATE,MALE,OTHER,OTHER/UNKNOWN,SCHE 1 W/O SEX
2016-2017,DEC,PAPER,DETENTION,DETENT. ORDERED,REGULAR,,AFFIRMED,ATL,NOT APPLICABLE,FEDERAL,DETERMINATE,MALE,MULTIRAC/ETHNIC,OTHER/UNKNOWN,SCHE 1 W/O SEX
2016-2017,AUG,PAPER,DETENTION,DETENT. ORDERED,REGULAR,,PAN.HEAR.ORDER.,QUE,NOT APPLICABLE,FEDERAL,DETERMINATE,MALE,METIS,ABORIGINAL,SCHE 1 WITH SEX
2016-2017,SEP,PAPER,DETENTION,DETENT. ORDERED,REGULAR,,PAN.HEAR.ORDER.,PAC,NOT APPLICABLE,FEDERAL,DETERMINATE,MALE,METIS,ABORIGINAL,SCHE 1 WITH SEX
2016-2017,JUN,PAPER,DETENTION,DETENT. ORDERED,REGULAR,,PAN.HEAR.ORDER.,PAC,NOT APPLICABLE,FEDERAL,DETERMINATE,MALE,NORTH AMERICAN,ABORIGINAL,SCHE 1 W/O SEX
2016-2017,OCT,PAPER,DETENTION,DET ORD.CONFIR.,REGULAR,,AFFIRMED,PRA,EDMONTON,FEDERAL,DETERMINATE,MALE,WHITE,CAUCASIAN,SCHE 1 WITH SEX
2016-2017,NOV,PAPER,DETENTION,DET ORD.CONFIR.,REGULAR,,AFFIRMED,QUE,NOT APPLICABLE,FEDERAL,DETERMINATE,MALE,WHITE,CAUCASIAN,NON SCHEDULE
2016-2017,JUL,PAPER,DETENTION,DET ORD.CONFIR.,REGULAR,,AFFIRMED,PRA,EDMONTON,FEDERAL,DETERMINATE,MALE,WHITE,CAUCASIAN,SCHE 1 WITH SEX
2016-2017,JUL,PAPER,DETENTION,DET ORD.CONFIR.,REGULAR,,PAN.HEAR.ORDER.,PRA,EDMONTON,FEDERAL,DETERMINATE,MALE,NORTH AMERICAN,ABORIGINAL,SCHE 1 WITH SEX
2016-2017,NOV,PAPER,ETA,ETA NOT APPR.,REGULAR,,PAN.HEAR.ORDER.,ONT,NOT APPLICABLE,FEDERAL,INDETERMINATE,FEMALE,WHITE,CAUCASIAN,MURDER 2
2016-2017,MAY,PAPER,ETA,ETA NOT APPR.,REGULAR,,PAN.HEAR.ORDER.,ONT,NOT APPLICABLE,FEDERAL,INDETERMINATE,MALE,WHITE,CAUCASIAN,MURDER 2
2016-2017,AUG,PAPER,ETA,ETA NOT APPR.,REGULAR,,PAN.HEAR.ORDER.,ONT,NOT APPLICABLE,FEDERAL,INDETERMINATE,MALE,NORTH AMERICAN,ABORIGINAL,MURDER 2
2016-2017,NOV,PAPER,ETA,ETA NOT APPR.,REGULAR,,PAN.HEAR.ORDER.,ONT,NOT APPLICABLE,FEDERAL,INDETERMINATE,FEMALE,WHITE,CAUCASIAN,MURDER 2
2016-2017,NOV,PAPER,ETA,ETA NOT APPR.,REGULAR,,PAN.HEAR.ORDER.,ONT,NOT APPLICABLE,FEDERAL,INDETERMINATE,FEMALE,WHITE,CAUCASIAN,MURDER 2
2016-2017,FEB,PAPER,ETA,ETA NOT APPR.,REGULAR,,AFFIRMED,ONT,NOT APPLICABLE,FEDERAL,INDETERMINATE,MALE,SOUTH ASIAN,ASIAN,MURDER 2
2016-2017,MAY,PAPER,ETA,ETA NOT APPR.,REGULAR,,PAN.HEAR.ORDER.,ONT,NOT APPLICABLE,FEDERAL,INDETERMINATE,MALE,WHITE,CAUCASIAN,MURDER 2
2016-2017,NOV,PAPER,ETA,ETA NOT APPR.,REGULAR,,PAN.HEAR.ORDER.,ONT,NOT APPLICABLE,FEDERAL,INDETERMINATE,FEMALE,WHITE,CAUCASIAN,MURDER 2
2016-2017,AUG,PAPER,ETA,ETA NOT APPR.,REGULAR,,PAN.HEAR.ORDER.,ONT,NOT APPLICABLE,FEDERAL,INDETERMINATE,MALE,NORTH AMERICAN,ABORIGINAL,MURDER 2
2016-2017,AUG,PAPER,ETA,ETA NOT APPR.,REGULAR,,PAN.HEAR.ORDER.,ONT,NOT APPLICABLE,FEDERAL,INDETERMINATE,MALE,NORTH AMERICAN,ABORIGINAL,MURDER 2
2016-2017,AUG,PAPER,DP-POST,DP REV R N RECR,REGULAR,,PAN.HEAR.ORDER.,PAC,NOT APPLICABLE,PROVINCIAL,DETERMINATE,MALE,WHITE,CAUCASIAN,SCHE 1 WITH SEX
2016-2017,MAY,PAPER,DP-PRE,DAY PAR NOT DIR,APR,APR-FINAL,AFFIRMED,ONT,NOT APPLICABLE,FEDERAL,DETERMINATE,MALE,ASI-E/SOUTHEAST,ASIAN,SCHEDULE 2
2016-2017,JUL,PAPER,DP-PRE,DAY PAR NOT DIR,APR,APR-FINAL,REVIEW ORDERED,ONT,NOT APPLICABLE,FEDERAL,DETERMINATE,MALE,BLACK,BLACK,NON SCHEDULE
2016-2017,DEC,PAPER,DP-PRE,DAY PAR. GRANT.,REGULAR,,AFFIRMED,ATL,NOT APPLICABLE,FEDERAL,DETERMINATE,MALE,WHITE,CAUCASIAN,SCHEDULE 2
2016-2017,MAR,PAPER,DP-PRE,DAY PAR. GRANT.,REGULAR,,AFFIRMED,QUE,NOT APPLICABLE,FEDERAL,DETERMINATE,MALE,WHITE,CAUCASIAN,NON SCHEDULE
2016-2017,MAR,PAPER,DP-PRE,DAY PAR. GRANT.,REGULAR,,AFFIRMED,PRA,EDMONTON,FEDERAL,DETERMINATE,MALE,WHITE,CAUCASIAN,SCHE 1 WITH SEX
2016-2017,SEP,PAPER,DP-PRE,DAY PAR. GRANT.,REGULAR,,AFFIRMED,PRA,EDMONTON,FEDERAL,DETERMINATE,MALE,WHITE,CAUCASIAN,SCHE 1 W/O SEX
2016-2017,APR,PAPER,DP-PRE,DAY PAR. GRANT.,REGULAR,,AFFIRMED,ATL,NOT APPLICABLE,FEDERAL,DETERMINATE,FEMALE,MULTIRAC/ETHNIC,OTHER/UNKNOWN,SCHE 1 WITH SEX
2016-2017,MAY,PAPER,DP-POST,DP DIR REV CONF,REGULAR,,AFFIRMED,PRA,EDMONTON,FEDERAL,DETERMINATE,MALE,WHITE,CAUCASIAN,SCHEDULE 2
2016-2017,JUN,PAPER,DP-PRE,DP DIRECTED,APR,APR-INITIAL,AFFIRMED,ONT,NOT APPLICABLE,FEDERAL,DETERMINATE,MALE,WHITE,CAUCASIAN,SCHE 1 WITH SEX
2016-2017,OCT,PAPER,DP-PRE,DP DIRECTED,APR,APR-INITIAL,AFFIRMED,PRA,SASKATOON,FEDERAL,DETERMINATE,MALE,WHITE,CAUCASIAN,NON SCHEDULE
2016-2017,APR,PAPER,FP-PRE,FP GRANTED,REGULAR,,AFFIRMED,QUE,NOT APPLICABLE,FEDERAL,DETERMINATE,MALE,WHITE,CAUCASIAN,SCHEDULE 2
2016-2017,JAN,PAPER,FP-PRE,FP GRANTED,REGULAR,,AFFIRMED,ONT,NOT APPLICABLE,FEDERAL,DETERMINATE,MALE,WHITE,CAUCASIAN,SCHEDULE 2
2016-2017,MAR,PAPER,FP-PRE,FP GRANTED,REGULAR,,AFFIRMED,PRA,EDMONTON,FEDERAL,DETERMINATE,MALE,WHITE,CAUCASIAN,SCHE 1 WITH SEX
2016-2017,JUN,PAPER,FP-PRE,FP GRANTED,REGULAR,,AFFIRMED,ONT,NOT APPLICABLE,FEDERAL,DETERMINATE,MALE,WHITE,CAUCASIAN,SCHE 1 W/O SEX
2016-2017,AUG,PAPER,FP-PRE,FP GRANTED,REGULAR,,REVIEW ORDERED,PRA,EDMONTON,FEDERAL,DETERMINATE,MALE,S. E. ASIAN,ASIAN,SCHEDULE 2
2016-2017,JUN,PAPER,FP-PRE,FP DIRECTED,APR,APR-INITIAL,AFFIRMED,ONT,NOT APPLICABLE,FEDERAL,DETERMINATE,MALE,WHITE,CAUCASIAN,SCHE 1 WITH SEX
2016-2017,OCT,PAPER,FP-PRE,FP DIRECTED,APR,APR-INITIAL,AFFIRMED,PRA,SASKATOON,FEDERAL,DETERMINATE,MALE,WHITE,CAUCASIAN,NON SCHEDULE
2016-2017,OCT,PAPER,FP-POST,FP NO ACT-POST,REGULAR,,REVIEW ORDERED,QUE,NOT APPLICABLE,FEDERAL,DETERMINATE,MALE,WHITE,CAUCASIAN,NON SCHEDULE
2016-2017,AUG,PAPER,FP-POST,FP SUSP. CANC.,REGULAR,,AFFIRMED,ONT,NOT APPLICABLE,FEDERAL,INDETERMINATE,MALE,WHITE,CAUCASIAN,MURDER 2
2016-2017,JUN,PAPER,FP-POST,FP SUSP. CANC.,REGULAR,,PAN.HEAR.ORDER.,PAC,NOT APPLICABLE,FEDERAL,INDETERMINATE,MALE,NORTH AMERICAN,ABORIGINAL,MURDER 2
2016-2017,SEP,PAPER,FP-POST,FP CHG.COND-PST,REGULAR,,AFFIRMED,ONT,NOT APPLICABLE,FEDERAL,DETERMINATE,MALE,BLACK,BLACK,SCHEDULE 2
2016-2017,JAN,PAPER,FP-POST,FP CHG.COND-PST,REGULAR,,AFFIRMED,QUE,NOT APPLICABLE,FEDERAL,DETERMINATE,FEMALE,WHITE,CAUCASIAN,SCHEDULE 2
2016-2017,OCT,PAPER,FP-POST,FP CHG.COND-PST,REGULAR,,AFFIRMED,ONT,NOT APPLICABLE,FEDERAL,INDETERMINATE,MALE,WHITE,CAUCASIAN,MURDER 2
2016-2017,JUL,PAPER,FP-POST,FP CHG.COND-PST,REGULAR,,AFFIRMED,QUE,NOT APPLICABLE,FEDERAL,INDETERMINATE,MALE,WHITE,CAUCASIAN,MURDER 2
2016-2017,AUG,PAPER,DP-PRE,DP CONTINUED,REGULAR,,AFFIRMED,PRA,EDMONTON,FEDERAL,DETERMINATE,MALE,WHITE,CAUCASIAN,SCHE 1 WITH SEX
2016-2017,MAR,PAPER,DP-PRE,DP CONTINUED,REGULAR,,AFFIRMED,PRA,EDMONTON,FEDERAL,DETERMINATE,MALE,WHITE,CAUCASIAN,SCHEDULE 2
2016-2017,FEB,PAPER,DP-PRE,DP CONTINUED,REGULAR,,AFFIRMED,QUE,NOT APPLICABLE,FEDERAL,INDETERMINATE,MALE,WHITE,CAUCASIAN,MURDER 2
2016-2017,APR,PAPER,DP-PRE,DP CONTINUED,REGULAR,,AFFIRMED,PAC,NOT APPLICABLE,FEDERAL,INDETERMINATE,MALE,EAST INDIAN,OTHER/UNKNOWN,MURDER 2
2016-2017,FEB,PAPER,UTA-PRE,UTA NO ACT.-PRE,REGULAR,,AFFIRMED,ONT,NOT APPLICABLE,FEDERAL,DETERMINATE,MALE,UNK,OTHER/UNKNOWN,SCHE 1 W/O SEX
2016-2017,MAR,PAPER,SR-PRE,SR CHG.COND-PRE,REGULAR,,CHANGE CONDITI.,PRA,SASKATOON,FEDERAL,DETERMINATE,MALE,WHITE,CAUCASIAN,SCHE 1 W/O SEX
2016-2017,FEB,PAPER,SR-PRE,SR CHG.COND-PRE,REGULAR,,CHANGE CONDITI.,PRA,EDMONTON,FEDERAL,DETERMINATE,MALE,WHITE,CAUCASIAN,SCHE 1 WITH SEX
2016-2017,MAY,PAPER,SR-PRE,SR CHG.COND-PRE,REGULAR,,SPLIT VOTE,ONT,NOT APPLICABLE,FEDERAL,DETERMINATE,MALE,ARAB,ASIAN,SCHE 1 W/O SEX
2016-2017,JUN,PAPER,SR-PRE,SR CHG.COND-PRE,REGULAR,,AFFIRMED,ONT,NOT APPLICABLE,FEDERAL,DETERMINATE,MALE,UNK,OTHER/UNKNOWN,SCHE 1 W/O SEX
2016-2017,JUN,PAPER,SR-PRE,SR CHG.COND-PRE,REGULAR,,AFFIRMED,ONT,NOT APPLICABLE,FEDERAL,DETERMINATE,MALE,BLACK,BLACK,SCHE 1 W/O SEX
2016-2017,MAR,PAPER,SR-PRE,SR CHG.COND-PRE,REGULAR,,AFFIRMED,QUE,NOT APPLICABLE,FEDERAL,DETERMINATE,MALE,BLACK,BLACK,SCHE 1 W/O SEX
2016-2017,JAN,PAPER,SR-PRE,SR CHG.COND-PRE,REGULAR,,AFFIRMED,QUE,NOT APPLICABLE,FEDERAL,DETERMINATE,MALE,BLACK,BLACK,SCHE 1 W/O SEX
2016-2017,SEP,PAPER,SR-PRE,SR CHG.COND-PRE,REGULAR,,AFFIRMED,ONT,NOT APPLICABLE,FEDERAL,DETERMINATE,MALE,BLACK,BLACK,SCHEDULE 2
2016-2017,JAN,PAPER,SR-PRE,SR CHG.COND-PRE,REGULAR,,AFFIRMED,ONT,NOT APPLICABLE,FEDERAL,DETERMINATE,MALE,BLACK,BLACK,SCHE 1 W/O SEX
2016-2017,NOV,PAPER,SR-PRE,SR CHG.COND-PRE,REGULAR,,AFFIRMED,PAC,NOT APPLICABLE,FEDERAL,DETERMINATE,MALE,BLACK,BLACK,SCHEDULE 2
2016-2017,DEC,PAPER,SR-PRE,SR CHG.COND-PRE,REGULAR,,AFFIRMED,ONT,NOT APPLICABLE,FEDERAL,DETERMINATE,MALE,BLACK,BLACK,SCHE 1 WITH SEX
2016-2017,JUN,PAPER,SR-PRE,SR CHG.COND-PRE,REGULAR,,AFFIRMED,ONT,NOT APPLICABLE,FEDERAL,DETERMINATE,MALE,BLACK,BLACK,SCHE 1 W/O SEX
2016-2017,OCT,PAPER,SR-PRE,SR CHG.COND-PRE,REGULAR,,AFFIRMED,ONT,NOT APPLICABLE,FEDERAL,DETERMINATE,MALE,BLACK,BLACK,SCHE 1 W/O SEX
2016-2017,MAR,PAPER,SR-PRE,SR CHG.COND-PRE,REGULAR,,AFFIRMED,ATL,NOT APPLICABLE,FEDERAL,DETERMINATE,MALE,BLACK,BLACK,SCHE 1 W/O SEX
2016-2017,FEB,PAPER,SR-PRE,SR CHG.COND-PRE,REGULAR,,AFFIRMED,ATL,NOT APPLICABLE,FEDERAL,DETERMINATE,MALE,BLACK,BLACK,SCHE 1 W/O SEX
2016-2017,JUN,PAPER,SR-PRE,SR CHG.COND-PRE,REGULAR,,AFFIRMED,ONT,NOT APPLICABLE,FEDERAL,DETERMINATE,MALE,BLACK,BLACK,SCHE 1 W/O SEX
2016-2017,JUN,PAPER,SR-PRE,SR CHG.COND-PRE,REGULAR,,AFFIRMED,QUE,NOT APPLICABLE,FEDERAL,DETERMINATE,MALE,BLACK,BLACK,NON SCHEDULE
2016-2017,NOV,PAPER,SR-PRE,SR CHG.COND-PRE,REGULAR,,AFFIRMED,ONT,NOT APPLICABLE,FEDERAL,DETERMINATE,MALE,BLACK,BLACK,SCHE 1 WITH SEX
2016-2017,MAR,PAPER,SR-PRE,SR CHG.COND-PRE,REGULAR,,AFFIRMED,QUE,NOT APPLICABLE,FEDERAL,DETERMINATE,MALE,WHITE,CAUCASIAN,SCHE 1 W/O SEX
2016-2017,JUN,PAPER,SR-PRE,SR CHG.COND-PRE,REGULAR,,AFFIRMED,ONT,NOT APPLICABLE,FEDERAL,DETERMINATE,MALE,WHITE,CAUCASIAN,SCHEDULE 2
2016-2017,JUL,PAPER,SR-PRE,SR CHG.COND-PRE,REGULAR,,AFFIRMED,QUE,NOT APPLICABLE,FEDERAL,DETERMINATE,MALE,WHITE,CAUCASIAN,NON SCHEDULE
2016-2017,SEP,PAPER,SR-PRE,SR CHG.COND-PRE,REGULAR,,AFFIRMED,QUE,NOT APPLICABLE,FEDERAL,DETERMINATE,MALE,WHITE,CAUCASIAN,SCHE 1 W/O SEX
2016-2017,JUL,PAPER,SR-PRE,SR CHG.COND-PRE,REGULAR,,AFFIRMED,ONT,NOT APPLICABLE,FEDERAL,DETERMINATE,MALE,WHITE,CAUCASIAN,NON SCHEDULE
2016-2017,JUN,PAPER,SR-PRE,SR CHG.COND-PRE,REGULAR,,AFFIRMED,ONT,NOT APPLICABLE,FEDERAL,DETERMINATE,MALE,WHITE,CAUCASIAN,NON SCHEDULE
2016-2017,FEB,PAPER,SR-PRE,SR CHG.COND-PRE,REGULAR,,AFFIRMED,ONT,NOT APPLICABLE,FEDERAL,DETERMINATE,MALE,WHITE,CAUCASIAN,SCHE 1 W/O SEX
2016-2017,SEP,PAPER,SR-PRE,SR CHG.COND-PRE,REGULAR,,AFFIRMED,PAC,NOT APPLICABLE,FEDERAL,DETERMINATE,MALE,WHITE,CAUCASIAN,SCHE 1 WITH SEX
2016-2017,JUN,PAPER,SR-PRE,SR CHG.COND-PRE,REGULAR,,AFFIRMED,ATL,NOT APPLICABLE,FEDERAL,DETERMINATE,MALE,WHITE,CAUCASIAN,SCHEDULE 2
2016-2017,JAN,PAPER,SR-PRE,SR CHG.COND-PRE,REGULAR,,AFFIRMED,PRA,SASKATOON,FEDERAL,DETERMINATE,MALE,WHITE,CAUCASIAN,SCHE 1 W/O SEX
2016-2017,JAN,PAPER,SR-PRE,SR CHG.COND-PRE,REGULAR,,AFFIRMED,QUE,NOT APPLICABLE,FEDERAL,DETERMINATE,MALE,WHITE,CAUCASIAN,NON SCHEDULE
2016-2017,JUL,PAPER,SR-PRE,SR CHG.COND-PRE,REGULAR,,AFFIRMED,QUE,NOT APPLICABLE,FEDERAL,DETERMINATE,MALE,WHITE,CAUCASIAN,SCHEDULE 2
2016-2017,NOV,PAPER,SR-PRE,SR CHG.COND-PRE,REGULAR,,AFFIRMED,PRA,EDMONTON,FEDERAL,DETERMINATE,MALE,WHITE,CAUCASIAN,SCHE 1 W/O SEX
2016-2017,JUN,PAPER,SR-PRE,SR CHG.COND-PRE,REGULAR,,AFFIRMED,PRA,SASKATOON,FEDERAL,DETERMINATE,MALE,WHITE,CAUCASIAN,NON SCHEDULE
2016-2017,JUL,PAPER,SR-PRE,SR CHG.COND-PRE,REGULAR,,AFFIRMED,QUE,NOT APPLICABLE,FEDERAL,DETERMINATE,MALE,WHITE,CAUCASIAN,SCHEDULE 2
2016-2017,MAY,PAPER,SR-PRE,SR CHG.COND-PRE,REGULAR,,AFFIRMED,QUE,NOT APPLICABLE,FEDERAL,DETERMINATE,MALE,WHITE,CAUCASIAN,SCHE 1 WITH SEX
2016-2017,SEP,PAPER,SR-PRE,SR CHG.COND-PRE,REGULAR,,AFFIRMED,PAC,NOT APPLICABLE,FEDERAL,DETERMINATE,MALE,WHITE,CAUCASIAN,SCHE 1 WITH SEX
2016-2017,OCT,PAPER,SR-PRE,SR CHG.COND-PRE,REGULAR,,AFFIRMED,QUE,NOT APPLICABLE,FEDERAL,DETERMINATE,MALE,WHITE,CAUCASIAN,SCHEDULE 2
2016-2017,FEB,PAPER,SR-PRE,SR CHG.COND-PRE,REGULAR,,AFFIRMED,PAC,NOT APPLICABLE,FEDERAL,DETERMINATE,MALE,WHITE,CAUCASIAN,SCHE 1 W/O SEX
2016-2017,JUL,PAPER,SR-PRE,SR CHG.COND-PRE,REGULAR,,AFFIRMED,PRA,EDMONTON,FEDERAL,DETERMINATE,MALE,WHITE,CAUCASIAN,NON SCHEDULE
2016-2017,JUN,PAPER,SR-PRE,SR CHG.COND-PRE,REGULAR,,AFFIRMED,ONT,NOT APPLICABLE,FEDERAL,DETERMINATE,FEMALE,WHITE,CAUCASIAN,SCHEDULE 2
2016-2017,FEB,PAPER,SR-PRE,SR CHG.COND-PRE,REGULAR,,AFFIRMED,PRA,EDMONTON,FEDERAL,DETERMINATE,MALE,WHITE,CAUCASIAN,NON SCHEDULE
2016-2017,DEC,PAPER,SR-PRE,SR CHG.COND-PRE,REGULAR,,AFFIRMED,QUE,NOT APPLICABLE,FEDERAL,DETERMINATE,MALE,WHITE,CAUCASIAN,SCHEDULE 2
2016-2017,FEB,PAPER,SR-PRE,SR CHG.COND-PRE,REGULAR,,AFFIRMED,PRA,EDMONTON,FEDERAL,DETERMINATE,MALE,WHITE,CAUCASIAN,SCHEDULE 2
2016-2017,JUL,PAPER,SR-PRE,SR CHG.COND-PRE,REGULAR,,AFFIRMED,ATL,NOT APPLICABLE,FEDERAL,DETERMINATE,MALE,WHITE,CAUCASIAN,SCHE 1 W/O SEX
2016-2017,MAR,PAPER,SR-PRE,SR CHG.COND-PRE,REGULAR,,AFFIRMED,QUE,NOT APPLICABLE,FEDERAL,DETERMINATE,MALE,WHITE,CAUCASIAN,NON SCHEDULE
2016-2017,MAR,PAPER,SR-PRE,SR CHG.COND-PRE,REGULAR,,AFFIRMED,ATL,NOT APPLICABLE,FEDERAL,DETERMINATE,MALE,WHITE,CAUCASIAN,NON SCHEDULE
2016-2017,FEB,PAPER,SR-PRE,SR CHG.COND-PRE,REGULAR,,AFFIRMED,ONT,NOT APPLICABLE,FEDERAL,DETERMINATE,MALE,WHITE,CAUCASIAN,SCHEDULE 2
2016-2017,JUN,PAPER,SR-PRE,SR CHG.COND-PRE,REGULAR,,AFFIRMED,ONT,NOT APPLICABLE,FEDERAL,DETERMINATE,MALE,WHITE,CAUCASIAN,NON SCHEDULE
2016-2017,JUL,PAPER,SR-PRE,SR CHG.COND-PRE,REGULAR,,AFFIRMED,QUE,NOT APPLICABLE,FEDERAL,DETERMINATE,MALE,WHITE,CAUCASIAN,NON SCHEDULE
2016-2017,AUG,PAPER,SR-PRE,SR CHG.COND-PRE,REGULAR,,AFFIRMED,QUE,NOT APPLICABLE,FEDERAL,DETERMINATE,MALE,WHITE,CAUCASIAN,NON SCHEDULE
2016-2017,SEP,PAPER,SR-PRE,SR CHG.COND-PRE,REGULAR,,AFFIRMED,QUE,NOT APPLICABLE,FEDERAL,DETERMINATE,MALE,WHITE,CAUCASIAN,SCHE 1 W/O SEX
2016-2017,MAR,PAPER,SR-PRE,SR CHG.COND-PRE,REGULAR,,AFFIRMED,ATL,NOT APPLICABLE,FEDERAL,DETERMINATE,MALE,WHITE,CAUCASIAN,SCHE 1 W/O SEX
2016-2017,DEC,PAPER,SR-PRE,SR CHG.COND-PRE,REGULAR,,AFFIRMED,PRA,EDMONTON,FEDERAL,DETERMINATE,MALE,WHITE,CAUCASIAN,SCHE 1 WITH SEX
2016-2017,MAR,PAPER,SR-PRE,SR CHG.COND-PRE,REGULAR,,AFFIRMED,QUE,NOT APPLICABLE,FEDERAL,DETERMINATE,MALE,WHITE,CAUCASIAN,SCHE 1 WITH SEX
2016-2017,APR,PAPER,SR-PRE,SR CHG.COND-PRE,REGULAR,,AFFIRMED,PAC,NOT APPLICABLE,FEDERAL,DETERMINATE,MALE,WHITE,CAUCASIAN,SCHE 1 W/O SEX
2016-2017,APR,PAPER,SR-PRE,SR CHG.COND-PRE,REGULAR,,AFFIRMED,QUE,NOT APPLICABLE,FEDERAL,DETERMINATE,MALE,WHITE,CAUCASIAN,SCHE 1 WITH SEX
2016-2017,DEC,PAPER,SR-PRE,SR CHG.COND-PRE,REGULAR,,AFFIRMED,QUE,NOT APPLICABLE,FEDERAL,DETERMINATE,MALE,WHITE,CAUCASIAN,SCHE 1 W/O SEX
2016-2017,OCT,PAPER,SR-PRE,SR CHG.COND-PRE,REGULAR,,AFFIRMED,QUE,NOT APPLICABLE,FEDERAL,DETERMINATE,MALE,WHITE,CAUCASIAN,SCHE 1 W/O SEX
2016-2017,JAN,PAPER,SR-PRE,SR CHG.COND-PRE,REGULAR,,AFFIRMED,QUE,NOT APPLICABLE,FEDERAL,DETERMINATE,MALE,WHITE,CAUCASIAN,SCHE 1 W/O SEX
2016-2017,JUN,PAPER,SR-PRE,SR CHG.COND-PRE,REGULAR,,AFFIRMED,PRA,EDMONTON,FEDERAL,DETERMINATE,MALE,WHITE,CAUCASIAN,SCHE 1 W/O SEX
2016-2017,OCT,PAPER,SR-PRE,SR CHG.COND-PRE,REGULAR,,AFFIRMED,ATL,NOT APPLICABLE,FEDERAL,DETERMINATE,MALE,WHITE,CAUCASIAN,NON SCHEDULE
2016-2017,SEP,PAPER,SR-PRE,SR CHG.COND-PRE,REGULAR,,AFFIRMED,ONT,NOT APPLICABLE,FEDERAL,DETERMINATE,MALE,WHITE,CAUCASIAN,SCHE 1 W/O SEX
2016-2017,OCT,PAPER,SR-PRE,SR CHG.COND-PRE,REGULAR,,AFFIRMED,PRA,EDMONTON,FEDERAL,DETERMINATE,MALE,WHITE,CAUCASIAN,SCHE 1 W/O SEX
2016-2017,JAN,PAPER,SR-PRE,SR CHG.COND-PRE,REGULAR,,AFFIRMED,QUE,NOT APPLICABLE,FEDERAL,DETERMINATE,MALE,WHITE,CAUCASIAN,SCHEDULE 2
2016-2017,SEP,PAPER,SR-PRE,SR CHG.COND-PRE,REGULAR,,AFFIRMED,ATL,NOT APPLICABLE,FEDERAL,DETERMINATE,MALE,WHITE,CAUCASIAN,SCHEDULE 2
2016-2017,JUL,PAPER,SR-PRE,SR CHG.COND-PRE,REGULAR,,AFFIRMED,ONT,NOT APPLICABLE,FEDERAL,DETERMINATE,MALE,WHITE,CAUCASIAN,SCHE 1 WITH SEX
2016-2017,AUG,PAPER,SR-PRE,SR CHG.COND-PRE,REGULAR,,AFFIRMED,QUE,NOT APPLICABLE,FEDERAL,DETERMINATE,MALE,WHITE,CAUCASIAN,SCHE 1 W/O SEX
2016-2017,SEP,PAPER,SR-PRE,SR CHG.COND-PRE,REGULAR,,AFFIRMED,ONT,NOT APPLICABLE,FEDERAL,DETERMINATE,MALE,WHITE,CAUCASIAN,SCHEDULE 2
2016-2017,DEC,PAPER,SR-PRE,SR CHG.COND-PRE,REGULAR,,AFFIRMED,PAC,NOT APPLICABLE,FEDERAL,DETERMINATE,MALE,METIS,ABORIGINAL,SCHE 1 W/O SEX
2016-2017,OCT,PAPER,SR-PRE,SR CHG.COND-PRE,REGULAR,,AFFIRMED,QUE,NOT APPLICABLE,FEDERAL,DETERMINATE,MALE,METIS,ABORIGINAL,NON SCHEDULE
2016-2017,MAY,PAPER,SR-PRE,SR CHG.COND-PRE,REGULAR,,AFFIRMED,QUE,NOT APPLICABLE,FEDERAL,DETERMINATE,MALE,METIS,ABORIGINAL,NON SCHEDULE
2016-2017,MAY,PAPER,SR-PRE,SR CHG.COND-PRE,REGULAR,,AFFIRMED,PAC,NOT APPLICABLE,FEDERAL,DETERMINATE,MALE,METIS,ABORIGINAL,SCHE 1 WITH SEX
2016-2017,DEC,PAPER,SR-PRE,SR CHG.COND-PRE,REGULAR,,AFFIRMED,QUE,NOT APPLICABLE,FEDERAL,DETERMINATE,MALE,METIS,ABORIGINAL,SCHE 1 WITH SEX
2016-2017,SEP,PAPER,SR-PRE,SR CHG.COND-PRE,REGULAR,,AFFIRMED,PRA,SASKATOON,FEDERAL,DETERMINATE,MALE,METIS,ABORIGINAL,SCHE 1 WITH SEX
2016-2017,DEC,PAPER,SR-PRE,SR CHG.COND-PRE,REGULAR,,AFFIRMED,ONT,NOT APPLICABLE,FEDERAL,DETERMINATE,MALE,METIS,ABORIGINAL,SCHE 1 WITH SEX
2016-2017,DEC,PAPER,SR-PRE,SR CHG.COND-PRE,REGULAR,,AFFIRMED,ONT,NOT APPLICABLE,FEDERAL,DETERMINATE,MALE,NORTH AMERICAN,ABORIGINAL,SCHEDULE 2
2016-2017,OCT,PAPER,SR-PRE,SR CHG.COND-PRE,REGULAR,,AFFIRMED,PAC,NOT APPLICABLE,FEDERAL,DETERMINATE,MALE,NORTH AMERICAN,ABORIGINAL,SCHEDULE 2
2016-2017,AUG,PAPER,SR-PRE,SR CHG.COND-PRE,REGULAR,,AFFIRMED,ONT,NOT APPLICABLE,FEDERAL,DETERMINATE,MALE,NORTH AMERICAN,ABORIGINAL,NON SCHEDULE
2016-2017,JAN,PAPER,SR-PRE,SR CHG.COND-PRE,REGULAR,,AFFIRMED,ONT,NOT APPLICABLE,FEDERAL,DETERMINATE,MALE,NORTH AMERICAN,ABORIGINAL,SCHE 1 W/O SEX
2016-2017,MAR,PAPER,SR-PRE,SR CHG.COND-PRE,REGULAR,,AFFIRMED,PRA,EDMONTON,FEDERAL,DETERMINATE,MALE,NORTH AMERICAN,ABORIGINAL,SCHEDULE 2
2016-2017,SEP,PAPER,SR-PRE,SR CHG.COND-PRE,REGULAR,,AFFIRMED,PAC,NOT APPLICABLE,FEDERAL,DETERMINATE,MALE,NORTH AMERICAN,ABORIGINAL,SCHE 1 W/O SEX
2016-2017,MAY,PAPER,SR-PRE,SR CHG.COND-PRE,REGULAR,,AFFIRMED,ONT,NOT APPLICABLE,FEDERAL,DETERMINATE,FEMALE,OTHER,OTHER/UNKNOWN,SCHE 1 W/O SEX
2016-2017,FEB,PAPER,SR-PRE,SR CHG.COND-PRE,REGULAR,,AFFIRMED,PRA,EDMONTON,FEDERAL,DETERMINATE,MALE,LATIN AMERICAN,OTHER/UNKNOWN,SCHEDULE 2
2016-2017,DEC,PAPER,SR-PRE,SR CHG.COND-PRE,REGULAR,,AFFIRMED,PAC,NOT APPLICABLE,FEDERAL,DETERMINATE,MALE,S. E. ASIAN,ASIAN,SCHE 1 WITH SEX
2016-2017,JUN,PAPER,SR-PRE,SR CHG.COND-PRE,REGULAR,,AFFIRMED,ONT,NOT APPLICABLE,FEDERAL,DETERMINATE,MALE,S. E. ASIAN,ASIAN,SCHE 1 W/O SEX
2016-2017,SEP,PAPER,SR-PRE,SR CHG.COND-PRE,REGULAR,,AFFIRMED,QUE,NOT APPLICABLE,FEDERAL,DETERMINATE,MALE,ARAB,ASIAN,SCHE 1 W/O SEX
2016-2017,AUG,PAPER,SR-PRE,SR CHG.COND-PRE,REGULAR,,AFFIRMED,ONT,NOT APPLICABLE,FEDERAL,DETERMINATE,MALE,ARAB,ASIAN,SCHE 1 W/O SEX
2016-2017,OCT,PAPER,SR-PRE,SR CHG.COND-PRE,REGULAR,,AFFIRMED,QUE,NOT APPLICABLE,FEDERAL,DETERMINATE,MALE,ARAB,ASIAN,SCHE 1 W/O SEX
2016-2017,SEP,PAPER,SR-PRE,SR CHG.COND-PRE,REGULAR,,AFFIRMED,PAC,NOT APPLICABLE,FEDERAL,DETERMINATE,MALE,MULTIRAC/ETHNIC,OTHER/UNKNOWN,SCHE 1 W/O SEX
2016-2017,AUG,PAPER,SR-PRE,SR CHG.COND-PRE,REGULAR,,PAN.HEAR.ORDER.,PAC,NOT APPLICABLE,FEDERAL,DETERMINATE,MALE,BLACK,BLACK,SCHEDULE 2
2016-2017,MAY,PAPER,SR-PRE,SR CHG.COND-PRE,REGULAR,,REVIEW ORDERED,PAC,NOT APPLICABLE,FEDERAL,DETERMINATE,MALE,BLACK,BLACK,NON SCHEDULE
2016-2017,MAY,PAPER,SR-PRE,SR CHG.COND-PRE,REGULAR,,REVIEW ORDERED,ONT,NOT APPLICABLE,FEDERAL,DETERMINATE,MALE,BLACK,BLACK,NON SCHEDULE
2016-2017,AUG,PAPER,SR-PRE,SR CHG.COND-PRE,REGULAR,,REVIEW ORDERED,PRA,EDMONTON,FEDERAL,DETERMINATE,MALE,WHITE,CAUCASIAN,SCHE 1 W/O SEX
2016-2017,APR,PAPER,SR-PRE,SR CHG.COND-PRE,REGULAR,,REVIEW ORDERED,QUE,NOT APPLICABLE,FEDERAL,DETERMINATE,MALE,WHITE,CAUCASIAN,SCHE 1 WITH SEX
2016-2017,SEP,PAPER,SR-PRE,SR CHG.COND-PRE,REGULAR,,REVIEW ORDERED,ATL,NOT APPLICABLE,FEDERAL,DETERMINATE,MALE,WHITE,CAUCASIAN,SCHEDULE 2
2016-2017,JUL,PAPER,SR-PRE,SR CHG.COND-PRE,REGULAR,,REVIEW ORDERED,ONT,NOT APPLICABLE,FEDERAL,DETERMINATE,MALE,WHITE,CAUCASIAN,NON SCHEDULE
2016-2017,MAY,PAPER,SR-PRE,SR CHG.COND-PRE,REGULAR,,REVIEW ORDERED,ONT,NOT APPLICABLE,FEDERAL,DETERMINATE,MALE,WHITE,CAUCASIAN,SCHE 1 W/O SEX
2016-2017,JAN,PAPER,SR-PRE,SR CHG.COND-PRE,REGULAR,,REVIEW ORDERED,QUE,NOT APPLICABLE,FEDERAL,DETERMINATE,MALE,WHITE,CAUCASIAN,SCHE 1 WITH SEX
2016-2017,DEC,PAPER,SR-PRE,SR CHG.COND-PRE,REGULAR,,REVIEW ORDERED,QUE,NOT APPLICABLE,FEDERAL,DETERMINATE,MALE,INUIT,ABORIGINAL,SCHE 1 W/O SEX
2016-2017,AUG,PAPER,SR-PRE,SR CHG.COND-PRE,REGULAR,,REVIEW ORDERED,ONT,NOT APPLICABLE,FEDERAL,DETERMINATE,MALE,NORTH AMERICAN,ABORIGINAL,SCHE 1 W/O SEX
2016-2017,JAN,PAPER,SR-PRE,SR CHG.COND-PRE,REGULAR,,REVIEW ORDERED,PRA,EDMONTON,FEDERAL,DETERMINATE,MALE,NORTH AMERICAN,ABORIGINAL,SCHE 1 W/O SEX
2016-2017,OCT,PAPER,SR-PRE,SR CHG.COND-PRE,REGULAR,,REVIEW ORDERED,PRA,SASKATOON,FEDERAL,DETERMINATE,MALE,NORTH AMERICAN,ABORIGINAL,SCHE 1 W/O SEX
2016-2017,JUN,PAPER,SR-PRE,SR CHG.COND-PRE,REGULAR,,REVIEW ORDERED,ONT,NOT APPLICABLE,FEDERAL,DETERMINATE,MALE,ARAB,ASIAN,SCHE 1 W/O SEX
2016-2017,JUN,PAPER,SR-PRE,SR CHG.COND-PRE,REGULAR,,REVIEW ORDERED,PAC,NOT APPLICABLE,FEDERAL,DETERMINATE,MALE,ASI-E/SOUTHEAST,ASIAN,SCHE 1 W/O SEX
2016-2017,NOV,PAPER,SR-POST,SR NO ACT-POST,REGULAR,,AFFIRMED,QUE,NOT APPLICABLE,FEDERAL,DETERMINATE,MALE,WHITE,CAUCASIAN,SCHE 1 W/O SEX
2016-2017,JAN,PAPER,SR-POST,SR NO ACT-POST,REGULAR,,AFFIRMED,ONT,NOT APPLICABLE,FEDERAL,DETERMINATE,MALE,NORTH AMERICAN,ABORIGINAL,SCHE 1 W/O SEX
2016-2017,MAR,PAPER,SR-POST,SR NO ACT-POST,REGULAR,,AFFIRMED,ONT,NOT APPLICABLE,FEDERAL,DETERMINATE,MALE,NORTH AMERICAN,ABORIGINAL,NON SCHEDULE
2016-2017,FEB,PAPER,SR-POST,SR NO ACT-POST,REGULAR,,AFFIRMED,ONT,NOT APPLICABLE,FEDERAL,DETERMINATE,MALE,CHINESE,ASIAN,NON SCHEDULE
2016-2017,FEB,PAPER,SR-POST,SR CHG.COND-PST,REGULAR,,AFFIRMED,ONT,NOT APPLICABLE,FEDERAL,DETERMINATE,MALE,WHITE,CAUCASIAN,SCHE 1 W/O SEX
2016-2017,AUG,PAPER,SR-POST,SR CHG.COND-PST,REGULAR,,REVIEW ORDERED,PAC,NOT APPLICABLE,FEDERAL,DETERMINATE,MALE,WHITE,CAUCASIAN,SCHE 1 W/O SEX
2016-2017,JAN,PAPER,ETA,ETA NOT AUTH,REGULAR,,AFFIRMED,QUE,NOT APPLICABLE,FEDERAL,INDETERMINATE,MALE,METIS,ABORIGINAL,MURDER 1
2016-2017,FEB,PAPER,ETA,ETA NOT AUTH,REGULAR,,PAN.HEAR.ORDER.,QUE,NOT APPLICABLE,FEDERAL,INDETERMINATE,MALE,NORTH AMERICAN,ABORIGINAL,MURDER 1
2016-2017,SEP,PAPER,ETA,ETA NOT AUTH,REGULAR,,AFFIRMED,PAC,NOT APPLICABLE,FEDERAL,INDETERMINATE,MALE,WHITE,CAUCASIAN,MURDER 2
2016-2017,DEC,PAPER,ETA,ETA NOT AUTH,REGULAR,,PAN.HEAR.ORDER.,PRA,SASKATOON,FEDERAL,INDETERMINATE,MALE,NORTH AMERICAN,ABORIGINAL,MURDER 1
2016-2017,FEB,PAPER,ETA,ETA NOT AUTH,REGULAR,,AFFIRMED,PRA,EDMONTON,FEDERAL,INDETERMINATE,MALE,WHITE,CAUCASIAN,MURDER 1
2016-2017,NOV,PAPER,ETA,ETA NOT AUTH,REGULAR,,REVIEW ORDERED,PRA,EDMONTON,FEDERAL,INDETERMINATE,MALE,WHITE,CAUCASIAN,MURDER 1
2016-2017,FEB,PAPER,ETA,ETA NOT AUTH,REGULAR,,AFFIRMED,ONT,NOT APPLICABLE,FEDERAL,INDETERMINATE,MALE,ASIATIC,ASIAN,MURDER 1
2016-2017,OCT,PAPER,ETA,ETA NOT AUTH,REGULAR,,AFFIRMED,ONT,NOT APPLICABLE,FEDERAL,INDETERMINATE,MALE,WHITE,CAUCASIAN,MURDER 2
2016-2017,JAN,PAPER,ETA,ETA NOT AUTH,REGULAR,,AFFIRMED,PRA,EDMONTON,FEDERAL,INDETERMINATE,MALE,METIS,ABORIGINAL,MURDER 1
2016-2017,JAN,PAPER,ETA,ETA NOT AUTH,REGULAR,,AFFIRMED,PRA,EDMONTON,FEDERAL,INDETERMINATE,MALE,METIS,ABORIGINAL,MURDER 1
2016-2017,JAN,PAPER,ETA,ETA NOT AUTH,REGULAR,,AFFIRMED,PRA,EDMONTON,FEDERAL,INDETERMINATE,MALE,METIS,ABORIGINAL,MURDER 1
2016-2017,JAN,PAPER,ETA,ETA NOT AUTH,REGULAR,,AFFIRMED,PRA,EDMONTON,FEDERAL,INDETERMINATE,MALE,METIS,ABORIGINAL,MURDER 1
2016-2017,JAN,PAPER,ETA,ETA NOT AUTH,REGULAR,,AFFIRMED,PRA,EDMONTON,FEDERAL,INDETERMINATE,MALE,METIS,ABORIGINAL,MURDER 1
2016-2017,JAN,PAPER,ETA,ETA NOT AUTH,REGULAR,,AFFIRMED,PRA,EDMONTON,FEDERAL,INDETERMINATE,MALE,METIS,ABORIGINAL,MURDER 1
2016-2017,JAN,PAPER,ETA,ETA NOT AUTH,REGULAR,,AFFIRMED,PRA,EDMONTON,FEDERAL,INDETERMINATE,MALE,METIS,ABORIGINAL,MURDER 1
2016-2017,JUL,PAPER,ETA,ETA NOT AUTH,REGULAR,,PAN.HEAR.ORDER.,PRA,SASKATOON,FEDERAL,INDETERMINATE,MALE,WHITE,CAUCASIAN,MURDER 2
2016-2017,NOV,PAPER,ETA,ETA NOT AUTH,REGULAR,,PAN.HEAR.ORDER.,ONT,NOT APPLICABLE,FEDERAL,INDETERMINATE,MALE,METIS,ABORIGINAL,MURDER 2
2016-2017,APR,PAPER,ETA,ETA NOT AUTH,REGULAR,,PAN.HEAR.ORDER.,ONT,NOT APPLICABLE,FEDERAL,INDETERMINATE,MALE,METIS,ABORIGINAL,MURDER 1
2016-2017,MAY,PAPER,ETA,ETA NOT AUTH,REGULAR,,PAN.HEAR.ORDER.,PRA,SASKATOON,FEDERAL,INDETERMINATE,FEMALE,NORTH AMERICAN,ABORIGINAL,MURDER 2
2016-2017,JUL,PAPER,ETA,ETA NOT AUTH,REGULAR,,REVIEW ORDERED,PRA,EDMONTON,FEDERAL,INDETERMINATE,MALE,METIS,ABORIGINAL,MURDER 1